17627
15289
12074
5809
11587
13925
18760
9767
14602
13238
10900
3271
16222
14371
4404
12064
11577
9726
2584
4660
2322
471
17611
11833
7644
6280
3973
271
16924
7444
5593
3742
5106
14617
1435
6982
6495
16006
9966
4188
9997
9510
5808
3957
4444
15319
11617
3988
3501
16939
5608
4890
3039
18328
15990
6997
8848
15534
14
19005
15790
15303
13483
11632
7930
6079
15072
3741
2377
1890
19030
13252
9550
7699
14385
716
16492
7889
4674
2336
15549
11360
1880
7658
29
11616
11129
7914
17425
16938
13723
15574
11385
1418
19045
17194
18558
9078
4889
10211
1218
17871
17384
16020
13682
7904
2838
17153
15302
12087
5822
13938
3971
269
11631
16922
7929
300
3740
13251
5622
10913
18573
16722
18086
8606
9093
3053
12564
1458
12333
10482
11846
13953
9764
2135
284
7457
13266
12779
3299
1448
961
16019
14168
14655
4688
2837
986
18126
7672
2150
18803
17208
18572
14870
1201
18341
6523
4672
5159
14183
13696
4703
2852
2365
514
19018
10025
8174
13234
4241
3754
52
13265
11414
9563
10927
19043
16736
14398
11183
12547
14198
11860
2380
42
13967
10265
298
6076
17438
13249
11398
3769
9091
14900
16264
12562
2595
16520
6778
513
1000
15802
14438
6322
12100
3984
282
11644
7455
11413
12777
17222
8619
5404
3553
18355
5173
1471
18124
10495
8644
12346
2148
7957
3768
14643
11428
9090
12561
8859
16519
17883
14668
3337
999
18139
10023
15801
15832
12130
11643
17452
9336
7485
9561
4916
18354
9361
7023
2865
1014
16303
7700
6336
2147
14221
6105
5618
2403
5387
13047
18856
18369
10740
7038
5187
4700
16062
12360
11873
10509
13980
12129
11642
15113
6120
5633
11411
567
1931
80
17220
14426
8873
1244
2608
17897
8904
7053
10755
14195
16533
1013
14451
6822
4971
3120
17922
10293
8442
11657
17466
16979
3797
3310
17235
8632
7268
18855
17004
16517
5186
10995
10508
6806
12615
6350
12128
4012
310
4268
5632
14656
10954
9590
4037
1699
8872
7052
1012
18152
6821
15845
13994
4514
9805
812
325
16978
15614
13276
11425
9574
9349
2432
14896
5903
4052
10738
9374
7036
16516
18398
1514
16316
8687
10538
15829
4985
14234
6118
4267
13778
9589
8225
16762
14911
4944
1729
1242
18382
5200
4713
2862
16075
2893
4969
3118
14480
12629
10778
5646
1944
10968
16777
12588
17910
10506
8655
9142
6804
18166
4984
2646
12157
7968
15628
11439
2446
9619
16530
14679
5199
3348
9157
18181
13992
12141
3148
2661
1297
4512
17463
8470
6132
4281
15643
13305
11454
3338
4537
5901
13561
11710
11223
8008
13074
15181
16545
10536
6347
10305
825
13776
10561
12412
594
17247
14032
7767
5916
1727
18867
8900
14222
11007
3378
17693
8700
6849
14247
2916
11453
9602
15411
14924
5444
378
18882
18395
7551
5700
16088
12386
14462
6602
337
17964
17477
13775
6146
1080
11468
7766
17277
14939
11724
3608
15195
14708
11493
11006
1526
16815
14964
14477
4510
11683
8468
9832
6130
17492
16128
13790
11939
2459
121
17748
9632
7781
4079
18881
17030
7550
3848
7319
8683
17707
15856
6863
12185
15625
17507
15656
13318
6401
4063
2212
13574
11236
9872
1756
2012
18178
10549
15871
14020
12169
4053
2202
351
14276
10087
8236
15896
14045
6416
4565
18880
11251
9887
8036
5698
1053
18680
6375
5011
2673
822
18449
14747
8482
2929
591
8251
9615
135
4093
2242
3606
11266
17044
7564
14737
14962
4995
3631
1293
10804
16126
14275
17746
11481
5959
15208
12870
7317
5497
3646
12639
5010
10819
12183
7117
17505
15654
14290
4323
3836
2472
9158
7794
4092
2241
8050
13341
5712
3861
15223
11521
18663
16843
14505
12654
1323
6158
15182
4563
4076
9885
8034
15207
7578
12900
11049
10562
6860
5009
16371
15884
12669
5040
3189
10100
15909
5942
11751
9413
7562
17073
14735
13371
11033
10577
8726
18462
16611
14760
14273
5280
3429
2942
13817
8751
8264
10115
14073
5957
9915
9428
6213
7833
9197
5495
4131
12668
9453
10817
850
2957
1106
2470
5941
163
15452
5972
13114
3634
1783
2270
11519
3890
15477
7361
1808
3172
12683
12196
18005
6187
2972
4823
634
7807
11734
890
403
15692
17056
7576
8063
13385
11534
7832
5038
3187
1823
8996
18020
18245
10616
15907
5063
15938
14087
10385
2269
17558
17071
15220
18922
5740
3889
13400
7847
13169
12682
3202
864
3427
7806
4104
13615
11764
9913
2284
433
7575
17086
15235
13384
14748
5268
2053
202
18706
11302
9451
3186
1335
1822
17111
16624
7144
8508
2986
8277
10128
17788
4119
9928
9441
8077
18690
5995
4144
5508
13168
12681
9466
18003
9010
6672
12481
6928
6441
11763
3647
12019
10168
15490
1821
18474
10845
7143
878
1365
12952
12465
14316
1134
17787
14085
10383
903
2267
416
13398
11060
2067
16382
14531
13167
1836
1349
18489
9009
7158
10373
1380
18745
18258
8778
4589
2738
15951
14100
17571
17084
8091
15233
5753
7604
18935
12926
9711
11562
7373
18704
16884
15033
3440
14315
8762
2984
15935
14084
6455
2753
14115
13628
10413
17586
15248
5281
11090
13653
11315
9464
3199
1835
18975
17124
7157
5306
3942
14817
10628
9264
16437
15950
2768
430
11792
7603
17826
17339
9710
15488
6008
15032
14545
1363
16652
16165
7172
14314
4834
6685
3470
1132
1163
15478
4147
4372
13883
214
13165
18487
12709
7643
10858
18518
18031
16180
14816
5336
14329
2998
1147
1634
18287
12509
14585
14098
15949
12247
916
18056
15718
8576
15749
12047
7858
229
2080
13667
5551
3213
18758
18271
16420
8791
5089
3238
10898
10411
8560
2295
17584
15733
4402
2095
7873
9237
18748
15046
14559
5566
14328
10626
8775
1146
8319
946
13897
13410
11559
2079
11815
11328
18988
9508
12979
11128
10641
1161
16450
8821
14112
6483
4632
6970
930
14143
12292
699
10210
8359
15045
13194
11830
3714
1863
1376
18516
7185
6698
2996
8805
8318
6467
14614
16203
5359
13896
2565
227
16003
6036
9507
18044
16680
7200
14342
3498
3011
16449
14598
10896
10409
2780
16218
12060
2093
18746
16895
15531
7902
5564
6051
9522
7671
18771
16464
10424
2308
457
18084
15746
6753
4415
2564
8373
7886
18761
13695
15315
11613
11126
9275
3497
1159
18786
18299
16448
8819
6968
959
8132
13910
16017
15530
11828
2348
17150
15299
5332
3481
14843
14356
11141
12992
1661
1174
17827
11818
17596
6752
3050
1199
4414
17852
7885
13694
11843
512
19016
5834
5347
13007
18298
9305
702
17842
16478
14627
10925
7223
5372
6736
12058
10207
727
17867
17380
9751
7900
4198
11858
10007
11371
7669
15329
6726
16949
16462
11396
3280
2793
8602
6751
2562
13437
10222
2106
15544
7915
4213
13237
11386
1906
7197
3495
280
1644
2131
9304
8817
5115
10437
8586
13908
13939
757
18774
5817
15328
11626
3997
295
18312
9319
5617
3766
14154
10939
13923
3956
17394
15543
13692
19014
8170
7683
6319
13492
13005
11154
1674
18814
16476
15112
6996
4658
956
12318
9980
987
8129
4427
18352
6534
6047
15071
10492
38
15327
7698
5847
3996
3509
9318
17855
16491
10938
5385
13922
12558
12071
2591
17880
10251
8400
4698
6062
2360
15573
11871
7682
18557
15342
16706
5631
12773
3293
78
18582
10953
16244
10466
9102
16275
14424
12086
10235
2606
755
17895
15557
7441
4226
6077
1888
13475
12111
2631
2144
780
7953
16977
14639
10937
18110
14408
4441
2590
8399
283
17648
15828
13490
6994
10952
3323
10465
12316
1472
18125
6794
13936
17894
6563
13705
11654
2174
1687
9347
15125
7009
3794
3307
1456
5645
10967
9116
10480
4927
3563
17878
10505
4240
1902
51
15827
7711
15371
13520
9818
18842
18580
11438
16273
14422
4942
753
6075
4224
11397
7695
18570
16719
7239
4024
16975
13273
3793
5157
91
18595
16744
3075
14437
10735
4957
8397
1255
17908
16057
7941
13719
2875
4726
13750
13263
11668
14652
12801
10950
3808
1470
9099
18123
14421
4941
12601
10263
2634
8899
12370
10519
6817
8181
13990
12139
4023
1685
321
17461
8858
7007
5643
18138
14436
8658
4956
17907
14205
12354
4238
2387
18163
7709
15369
11667
3551
9329
9360
15138
16502
14651
15394
13543
5427
1238
18865
10749
14220
4740
4253
1038
10518
2889
11882
9575
6360
4509
8211
7724
4022
7493
1228
89
9600
7749
16773
14922
14435
13071
1740
1253
8913
10277
6575
13748
2417
1930
79
17706
13517
16988
13286
11435
1955
104
3319
18608
16757
14937
13086
11235
18408
7954
6590
2888
6103
17690
4508
2657
5872
17459
11194
6128
7492
5641
13301
12814
11450
1970
3334
18136
16285
4954
14465
13978
1283
10532
17218
15367
6374
2185
334
18838
11696
7994
9358
5656
1011
14936
14449
7307
8671
1754
8896
16556
14218
12854
18176
8696
6845
6358
8209
17720
11680
15638
7035
3333
1482
16771
13556
7291
1738
3102
1251
18878
10762
1051
17704
9588
8224
15397
11695
2215
364
9357
1953
14935
14448
4968
10290
13761
10546
8208
15868
10090
7752
13530
348
13786
13299
3819
1968
604
11479
7777
14950
2645
10792
16083
7090
6603
17703
14488
16339
6372
4521
2670
11694
9843
6141
13801
13314
15165
3834
3347
1496
132
16785
7305
6818
3603
5454
12627
12140
8925
1296
2885
18174
12396
7330
17718
15867
12652
14016
2685
2198
6156
3818
12842
9627
1998
3362
147
18876
11247
7545
1280
16082
12867
14231
3387
10073
17733
15882
12180
17502
3833
7304
13082
2238
11262
10775
5222
16584
14246
4766
8237
15897
10344
9857
1741
2453
10113
8262
146
13584
14948
4981
1279
18419
7088
6601
4750
13774
11923
1079
592
17732
15881
16368
12666
8964
848
17988
17501
15650
13799
6170
4319
617
11492
161
16327
13112
11261
16583
7103
14245
16352
17716
14014
8005
6154
15178
632
17285
16798
9169
7318
5954
3616
3160
12865
3872
12896
10558
8707
18218
15880
6400
4549
12209
10358
8020
6656
3862
3375
17300
11747
11260
7558
1549
10086
15408
12193
2713
2226
862
17515
9886
5697
5466
3615
1764
10788
9424
7086
12408
10588
8737
8250
15910
15423
11721
6655
2466
10126
7788
14961
2266
9439
7588
5250
14274
2943
605
18232
12192
374
18001
15663
6670
2968
1117
630
11992
11505
8290
7803
174
15463
14976
3645
3158
17083
16596
8967
1076
18703
16365
12663
6885
5034
12207
11720
6654
8018
17529
12463
9182
7331
7587
3885
3398
12909
12422
7356
6869
18231
14042
5049
12678
1347
9884
8033
15206
11991
2024
13124
9909
1793
18446
5751
7115
3413
1562
18246
16395
14544
14057
10355
4090
388
18015
8048
6197
7561
3859
644
157
17784
17297
6453
2264
18917
13139
7586
18948
18461
15246
4792
2941
1577
5048
6412
15436
16148
6181
628
5950
17312
14097
5494
4130
428
18932
11303
7601
12692
10841
17527
11518
7816
187
17327
16840
15476
5509
443
1807
17096
7129
5765
212
3683
12707
18029
4360
2509
3873
17311
9682
9195
7344
3642
15004
9938
15229
7600
3898
15260
18700
9707
9220
16880
16393
13178
14542
5062
2724
18013
6682
11517
3888
2037
186
11773
13137
2293
7584
15731
17095
5764
7128
2062
1575
11086
8748
7384
5046
18259
15921
14070
12706
3226
4590
888
10368
18028
8061
8773
8286
657
2508
1144
17310
15459
13608
16623
13408
5779
11070
5292
18243
11101
10614
5548
5061
14572
3466
12003
10639
8301
15961
4143
441
10829
7127
12705
10854
9003
3225
18027
6696
4845
2994
656
12018
17796
9680
6465
200
17340
4158
17109
16622
7629
7142
5778
18473
15514
15027
5547
6911
3209
12720
10869
1389
6680
16191
1158
10182
8331
7844
6480
15504
9951
7613
4398
2060
12935
9720
2091
11084
18257
7413
18513
12735
6695
18057
16206
15719
12017
3901
2537
199
12273
1819
18959
17595
13893
7628
18728
7884
18272
15057
16421
5090
18041
10412
10637
3008
670
18297
8330
8099
9463
16636
14785
5792
11083
12934
11114
10627
6925
18999
9032
8545
6694
4843
2992
10652
17338
11785
2792
9965
6263
1131
10867
9016
23
18527
16676
18040
7196
6709
3494
3007
10667
10180
8329
6478
213
700
17353
15502
13651
6022
2320
1833
18973
17122
17609
9718
238
17378
16891
6924
1371
13220
18055
14353
4873
1171
684
17824
12046
7857
17593
9964
8113
7626
11584
9733
7882
253
1617
18757
15055
7426
6939
10410
6708
16219
14368
12517
6739
4401
2550
6477
2775
13650
10435
9948
17608
17121
13906
6277
4426
5790
3939
18741
11112
12963
9261
18772
15070
5103
2765
14352
12501
3508
11137
12988
3021
18310
17823
6492
2790
5805
11127
9276
7425
5574
5087
18525
16674
5343
3492
3005
11152
1185
698
17838
2318
9491
6276
7640
17151
16664
11598
5558
1887
9060
6722
3507
8829
6978
1200
17366
16002
11813
4184
11844
10218
4440
18755
15540
7911
15053
1871
12746
9531
9044
18068
16217
14853
14366
4886
4399
3035
2548
10695
8844
17837
10464
16242
8126
9746
266
15068
6952
18539
18083
16232
13894
8828
8341
5126
16488
12786
14150
10448
8597
6290
11125
7910
2132
16934
5603
3752
13001
3521
15985
10463
9976
8612
19000
15298
6305
4454
3967
265
11140
16918
18538
3505
12529
9314
10678
711
18338
14636
3305
9991
24
9760
6545
11380
3751
49
19040
14851
3520
12057
8842
10206
2346
982
12082
2602
264
17891
16040
7924
7437
3735
1884
13246
9057
18081
16230
1684
1197
12072
8370
2817
966
16255
6288
4437
2586
12097
16932
7452
13261
19039
12774
7708
11410
16732
13030
16470
5626
14163
10461
8610
2345
17634
6303
4452
9774
7923
294
16947
15583
3765
3278
63
13501
3534
3047
18823
18336
14634
8856
5154
2816
14178
13691
11840
9989
509
15798
6318
4467
9302
7451
5600
309
534
17187
7707
3518
14880
12542
9327
1698
18351
8871
16013
3318
14193
6302
15813
10260
6558
6071
4220
15095
4251
62
18566
9086
1682
739
16515
14664
6548
2846
4210
14433
10731
4466
2615
10275
6573
7937
16730
7250
12572
10721
7019
8383
3317
1466
10490
6788
4450
779
7921
5614
1912
13274
11423
1943
16745
16258
18821
14894
14663
12812
3332
2845
8623
1481
15796
13945
6316
3101
4952
12125
10274
16960
5629
3778
11663
4034
9325
16985
7505
5654
3803
14191
9125
2860
14447
13960
8182
4480
3993
291
11166
9315
1911
11909
8207
15380
13529
14893
9340
1224
18364
17000
14662
15149
16513
2844
993
12355
10504
8653
1024
6571
4233
15595
13257
3777
562
75
17702
15851
17215
3546
1695
9355
8868
1239
14677
7048
12595
10744
3115
777
17917
10288
8437
6099
4735
11908
1941
13041
4048
18363
10734
12585
12810
5181
3330
11446
1479
10959
16768
10503
6801
13974
12610
2643
3776
11436
11692
18834
9841
15163
13312
18147
16296
6816
4965
3114
2627
12138
10287
320
17460
16973
13758
15122
3791
5867
14891
11676
4047
3560
1709
16998
7518
7031
3816
18162
16311
6831
3129
11666
15593
6600
10302
4262
2898
17700
4518
9840
9353
9384
14675
8897
14706
14219
9153
6815
550
15608
13757
10542
12393
3790
575
88
17228
5897
4046
5410
13070
9368
1252
2872
1277
17930
6599
7963
15623
13285
10070
1954
7276
3574
13085
18863
13310
11459
3830
5194
5681
10516
8665
5450
4963
16325
15838
6614
2912
11936
9598
7747
1969
11218
8003
16996
5665
16309
14458
6829
5465
14489
12638
12151
8936
333
17960
14258
8218
589
14027
4060
17498
17011
8895
7044
5193
3342
13340
11489
9151
2886
1522
1035
16811
3142
2655
14017
16093
12878
14729
12391
573
10084
4531
4075
11217
1737
17026
18390
8910
7059
12381
1537
6828
6597
15621
2926
588
17728
17241
8248
15877
5910
6397
13570
18405
15190
18661
16323
13108
10770
1290
8463
4761
13785
10083
116
15892
15405
4074
2223
17512
17025
15174
13810
5694
11472
1505
9165
6827
14487
5007
10785
1305
18445
6627
4776
4289
10098
8247
1982
7760
843
9380
7529
6165
16553
15189
11487
2007
6842
3627
17973
17486
14271
6155
10082
8231
6867
12189
4560
11733
9882
15204
14717
12866
3386
2899
14486
6857
6370
4519
3155
18444
6626
18213
15906
13568
9866
2237
9410
10543
1063
18915
18428
10799
7097
5246
16608
4303
601
18228
10112
8261
7774
5923
4072
14947
9881
2252
7543
11245
18905
18418
11501
5461
14972
13121
5492
3641
1790
10783
18443
6625
12434
13798
10096
2467
616
8276
15418
6425
15674
17038
13336
2492
641
154
9665
9178
7327
16351
14500
11285
10798
2682
5276
2938
14300
10598
8260
631
1995
17509
11731
10367
400
6178
15689
13838
1533
7342
3640
14028
3184
8506
12433
8731
17755
4573
17524
9895
5019
3168
14268
12417
4788
18226
6408
17770
14068
11730
4101
17539
17052
5721
11043
2275
13150
18472
14770
16134
4316
10612
4572
10381
2265
414
17067
10150
183
5505
5018
1316
18456
8976
10340
6638
4787
2480
16405
4587
4100
16174
14323
5720
3869
17307
9191
16851
10842
16620
7140
5289
4802
6653
8991
16133
14282
16164
14313
10611
2495
6422
5058
1356
2720
413
4371
5504
14528
10826
3197
18224
9231
18255
17768
14553
12215
6437
2735
10395
8544
6693
17568
15230
3899
9677
1561
18701
5519
5032
18957
18470
16619
14768
12917
17106
1099
8272
14081
9892
4114
9436
8072
15245
3914
13163
11312
10825
7610
18485
12445
16403
10625
8287
9907
17567
196
7856
452
1816
9476
7625
16649
14798
12947
2493
642
5964
4113
2262
17551
14336
13849
667
13880
17320
9691
15013
13649
11798
3682
1831
1344
18484
17120
9004
14326
12475
11988
6922
2733
10393
15715
13377
3897
17335
11557
5517
15028
14541
1846
8988
10608
7393
1128
18268
12715
6450
5086
2748
1384
17550
10408
6706
4368
12028
9690
7870
15012
18483
14781
5788
3937
3450
13417
12961
18252
10623
7408
6921
4127
17565
4383
12920
15483
13632
2788
18954
15283
16647
12945
2978
10638
8787
5085
15473
10407
10176
17349
15011
13647
10853
9002
9489
5300
9
1142
17795
15944
8315
6464
5100
16200
8571
13862
3018
17333
7853
224
6033
11811
13175
1844
2331
3695
18984
11355
9504
5315
3464
16677
12975
16415
3233
1382
14595
12257
14364
12513
12026
695
17835
11570
9719
5530
16892
13190
11339
8
15297
11595
11108
15066
2761
10421
13892
13405
15256
12041
5545
9472
1843
479
7165
5314
2099
3463
3950
9272
8785
6934
5083
18296
14107
12743
4627
1412
925
6965
10436
8098
13645
4165
2801
13676
7636
18511
17147
12958
11138
8800
14609
15973
10907
10420
2791
940
10676
12040
2560
709
15998
15511
6031
478
18982
11353
9502
15311
16675
3006
1155
18782
16931
8328
10891
9527
924
18551
14849
6733
2544
1180
10204
7866
237
13188
4195
2344
493
6
3708
17146
11368
17402
15064
3733
14608
9055
6717
18079
13890
4897
6748
708
12070
17848
6030
15541
9501
11608
11121
1641
18781
7450
13228
3748
18550
8583
6732
16243
12541
12054
2087
236
9260
10459
1856
5
17632
7178
5327
1656
16945
16458
3276
2789
938
18078
8598
6260
6516
6029
4178
2327
9500
7649
20
13458
11120
3978
1640
18293
11151
16473
1440
2804
8838
1209
17375
15524
8382
4193
11853
17144
16688
11135
1655
3019
10679
14606
13242
1424
18564
18077
16226
16713
6746
3531
12555
8853
10217
250
17390
13688
4208
506
17159
9530
7679
5341
15077
7448
12283
10919
9068
18579
18092
6274
3059
1208
721
10232
6530
13216
4223
6074
9770
290
1910
18563
17620
13918
12067
4438
2587
10247
17389
12323
10472
9985
2843
2356
992
19009
17645
7678
13456
2612
13487
9298
15107
4653
951
18578
16240
4909
7016
12338
13702
10000
2371
15809
13958
5355
2140
18793
10677
6975
15999
14635
7231
6744
4893
1222
14660
2355
13717
11379
7677
4006
304
14619
1437
18577
16239
3057
8379
750
6072
19023
11394
17659
15577
9312
6097
3759
11419
18105
14890
14403
12552
16741
16254
12583
10732
12096
17874
6543
17418
14203
2154
303
16956
15105
6989
3774
3287
1436
12798
14418
4938
4451
1236
16525
14674
10485
2369
8178
7691
4476
13956
2138
13500
11649
9798
9311
2169
11162
18822
16971
16484
14633
12813
18591
16253
8624
7260
4922
18360
8393
5178
11864
19037
8193
4491
5855
7475
18837
10946
5880
4029
3542
11202
9351
8864
18375
16524
14673
6557
2368
1004
14217
11879
10028
13986
5870
3532
317
17457
15119
13268
11417
15375
14888
9110
4921
763
16052
15565
13714
11863
6085
2870
17672
301
4259
16754
14416
7274
10258
7043
16067
15580
13729
8176
6325
15836
13985
13498
4505
2654
7945
12134
16969
4274
10960
18133
14918
6802
12580
762
18158
16307
6340
2638
8447
2182
7960
15620
13282
5653
5166
18604
10975
9124
7273
12826
4935
1720
1233
18860
8893
7042
4704
3340
12364
10513
2884
1033
17686
13984
13497
2653
13528
7975
5637
9595
1735
1248
18388
16537
17901
7057
5206
3355
14230
561
15850
15363
2668
817
13281
10066
4288
1950
17239
5908
5421
14445
13081
10743
18403
16065
14701
6585
4734
2883
11420
6354
10281
16090
6610
6123
15147
13783
13296
18618
15403
17254
10271
18156
10527
8676
6825
6338
8189
13511
2667
816
15618
7502
6138
3800
13311
1980
7271
129
18146
14931
7302
12593
5451
10998
16320
8691
2651
14013
7973
18848
5666
3815
10988
9137
2220
1733
5691
7055
14715
10526
18186
17699
11203
9839
359
7988
6137
8244
6393
9608
17268
14930
11228
3112
1748
6583
3368
11905
17227
15376
13525
343
10079
2450
17252
15401
3583
14945
11243
1276
7054
18416
12376
6598
2896
1045
5234
12407
10556
4285
9607
7756
127
1978
5936
3598
18400
11258
18169
8689
7325
6838
10796
17969
17482
16118
11473
9135
13580
7315
4977
1275
13349
3382
1531
6366
13539
8473
9837
13795
6166
5679
2464
18630
11488
14928
11713
11226
3597
18886
9406
3853
14728
12390
17712
8719
6868
8001
10108
8257
9621
5919
15430
13579
16563
15199
7570
3868
11041
10554
8703
14025
6396
5909
4770
12430
11943
10092
2463
17752
15414
7785
7298
1745
11256
9405
18429
5247
6611
1545
18198
12420
3165
827
8000
2478
627
140
18644
13091
5462
1760
13122
7569
8933
18669
16362
12660
10809
17982
10353
6651
4800
2462
13824
13337
18659
7328
4990
15213
3395
18197
16346
5502
6866
12188
10824
2221
17510
14295
8030
6179
5692
14064
13577
5948
2246
17535
17048
7081
5717
14741
11039
2923
18699
18212
8732
6394
3179
12203
6163
385
610
9634
7783
4081
15443
13592
9890
2261
410
9403
11254
18427
17063
5245
3881
14756
14269
1087
14038
12187
7121
12443
4814
13807
1112
2476
15427
7798
4583
14971
9418
18929
17078
18442
14740
15227
4773
2922
1071
1558
12658
3665
10807
3178
7136
6649
15673
13822
640
17780
17293
15442
4111
13135
12648
1804
7095
178
10566
7351
11309
10822
2706
18482
4813
11986
10135
9648
2506
168
17308
7341
9904
8053
6202
12888
3408
5515
5028
16390
8043
15441
6448
11739
4110
895
11770
17061
9432
9919
17548
17092
14754
12903
2936
16374
8745
6407
4556
5043
14554
12703
10852
8514
398
17763
8770
17794
15943
3638
423
17076
9447
7109
5258
14769
10836
10349
8498
7134
6647
4796
14794
1125
5960
2289
17091
14753
12902
1571
1827
17993
9000
8513
6662
16629
7149
13835
2991
10164
15942
15455
2273
15486
11297
11553
15024
3206
18008
8528
6190
2488
14337
12486
10635
10148
11999
17321
12255
6215
12024
3421
2057
18710
11081
17346
10850
8999
18279
12726
6461
908
2272
11783
15254
14767
9214
16874
16387
5543
3692
3205
10865
3461
8783
15956
15469
11767
2287
17576
9947
15238
7609
15269
13418
11080
1600
18740
15038
18478
7634
7147
16658
12956
15940
14120
4153
9931
9475
15509
13171
3204
18980
10864
6675
4824
16186
4855
10146
1153
666
7839
5988
13161
8095
5757
11566
9715
11079
16401
13186
14550
10848
1855
1368
16170
2988
16201
12499
10648
681
2045
11781
9930
8566
17103
4408
2070
219
7392
5541
14565
12714
10863
9012
2747
1383
3234
13201
8069
6218
3003
16441
14590
14103
12252
17805
2772
434
8581
17605
11565
18738
15036
7407
14580
12242
3249
5325
10160
1167
6945
15482
2787
449
15282
13431
12944
9729
2100
12713
10862
1869
14820
10631
17804
10175
6960
8324
4622
464
15753
9975
6273
233
18737
15522
13184
5555
4191
13215
11364
7662
5811
5324
16199
14348
12497
3017
2530
4637
4150
2299
11810
4406
2555
2068
704
10215
17388
16901
15050
5570
3719
3232
19008
8554
6703
13876
3032
8323
10174
8579
6728
15752
6272
5785
4421
17372
14578
12727
3247
1396
9056
1165
15967
5123
6487
934
17587
6256
13429
2098
1611
17387
9758
9271
6056
14593
13454
12967
5338
6958
14618
12280
2800
2313
18089
9973
9486
4420
3933
13444
11593
3964
2113
262
14808
13700
18991
11362
13213
1882
17171
15320
4866
1651
3015
18791
6973
4635
15997
11808
2815
2328
18981
9988
17130
6286
17617
246
15535
5568
2353
1866
19006
9526
5824
7188
5368
10659
3517
4881
12510
16468
10203
6988
6270
10228
8377
16914
13699
15550
11361
1881
3245
17170
10905
18534
16227
14376
11161
14632
10930
12294
963
16252
4434
5798
2583
7418
9038
16698
9294
14616
6500
3285
18574
10458
8607
978
6756
6269
13442
11591
2598
7920
7433
18533
15318
13467
5838
3500
10673
17846
15995
16482
12324
18102
9755
2126
19004
9524
3515
6986
14646
14159
10944
10457
12308
977
2828
7663
10226
8862
2597
746
8375
17886
13697
6068
5581
59
16712
5381
1192
4663
16025
18588
7903
274
6052
6539
17414
16927
15076
11861
5596
3745
6083
43
11374
19034
18547
10918
17183
16727
1694
3058
10943
9092
14414
6298
4447
2596
17885
11620
8405
9769
11389
3760
58
16711
9794
9307
7456
1678
16967
7487
14629
3298
18587
10958
12809
8620
18100
13942
4462
3975
2124
15562
7446
5595
3744
6082
19033
15331
4000
2149
13024
11173
5133
16495
12793
7015
18602
18115
4477
9768
11388
57
19048
16710
14859
16479
8850
6999
14172
10957
2841
990
17643
12577
8875
759
15561
13741
17181
11403
10039
15361
13510
11659
1692
3056
16981
7014
8378
16263
8634
6783
4932
1230
10254
6552
16063
13725
1907
10931
9567
7229
87
14889
14402
3558
1707
3783
14658
12807
12320
6767
18129
16278
6798
12576
758
9782
6080
17442
15591
13740
13253
9551
558
71
11171
2178
1691
16980
16493
7013
1947
3311
12822
10971
8633
6782
7269
16293
17657
12591
14442
3111
6813
773
17913
6582
4244
17195
15344
15831
2162
11673
9822
7971
18846
15144
13293
12806
3326
2839
18615
10012
13970
5202
3351
11888
10037
8673
2408
17210
13995
3541
11201
7499
5648
7012
16523
14672
5192
1490
1003
14441
8432
14210
6094
4243
2392
10052
5863
13523
11672
4043
1705
18358
9365
16994
9134
6796
3581
1243
12605
8903
13738
11887
6109
556
17209
8216
6365
5878
16753
12820
1489
16778
14927
16291
4960
12133
17455
12389
340
5662
7026
3324
1473
10984
1504
12604
4975
3124
1273
10266
10297
15588
4744
18182
15844
6364
5877
4513
9835
355
12819
3826
5190
1975
3339
9148
15834
10768
12132
8917
3364
13752
11901
17710
15372
13521
7743
2677
8230
18843
11701
11214
5661
18874
17023
16536
15172
4718
3123
785
18412
17925
14710
14223
8445
2405
554
8214
15874
15387
13536
4056
9378
5676
7040
5189
123
18627
3594
14469
8916
6578
15602
2907
1056
569
11444
10080
5891
16766
13064
7998
15171
13320
9618
10982
7280
7311
4973
1758
12146
16104
13766
3799
15386
353
3824
2460
18626
12848
9146
1517
16319
13104
12617
18426
10310
6121
2906
2419
18195
7741
5890
4039
4526
11699
8484
2219
368
15170
5690
3839
1988
1501
7310
14483
5228
8699
8212
14021
5905
2690
13565
11714
9376
383
18887
16549
13334
3623
14723
4756
14267
12416
598
14036
3582
1731
18871
9878
9391
1987
136
16789
14938
5945
4094
12631
11267
10780
17953
16102
4771
1069
7755
17266
17978
9862
15640
7524
5673
15671
15184
11482
1515
3135
1284
1771
18424
4299
10333
9846
2217
853
17506
13317
6175
11010
7308
13117
12630
5488
1786
3150
18439
7108
18208
16357
15870
11712
9861
18885
15670
7554
13332
3852
2001
7810
16834
14983
17059
8943
7579
3390
16603
12901
10563
2934
1083
16372
6405
13578
11240
15198
3867
165
15454
11752
11265
3636
1785
17074
16587
4769
2918
1067
12429
11942
611
17264
13562
4569
380
17033
11967
18653
16802
14951
5958
5471
3620
1313
18453
12444
17735
8742
10593
17766
10362
15653
17504
4809
4322
13833
9644
1528
15453
16817
13115
13146
11295
10808
7593
18437
18468
16617
16130
14279
16386
14048
10833
4568
16155
15668
7552
1999
13361
11510
14981
7352
5501
3163
12674
10823
3419
16857
10592
8254
11725
8510
8023
15683
8054
15196
5716
17047
2014
18698
18923
9443
5741
3403
16616
18236
17749
5054
4567
3203
6418
11740
9889
15698
13847
17062
11509
13360
4105
15467
13129
9427
1798
9458
14749
7120
7607
12442
11078
1111
624
18251
11755
14318
17533
11980
10129
17302
9673
7822
5484
4120
9442
10806
18466
14764
6648
4797
2946
10606
4822
15697
11508
9657
2515
2028
4366
9688
13128
4135
13159
12672
16630
16143
14292
7150
14548
14061
10846
12210
15681
1812
3176
18465
13399
12912
14763
5283
18721
18234
8754
5539
5052
16414
14076
8523
2258
894
9687
9456
8969
14778
16398
3216
2729
14091
13604
8051
17562
17075
15711
13373
15224
6456
17331
14993
11778
9471
15249
7133
5282
14762
10604
637
17777
14075
6933
4595
893
18033
4364
17802
15464
6471
5984
8322
13157
9942
9455
3677
17115
15264
14777
7148
4810
18248
10132
652
10388
14346
4379
2528
10157
190
17330
9701
7363
12685
8983
1354
16156
14792
12454
14305
8752
5537
12710
3230
1379
18032
2512
7834
4163
2312
15263
13412
2081
1594
18734
18247
9254
8767
5065
3214
16427
8536
17560
16196
6716
6229
2527
13889
11551
8336
9700
7849
17585
9956
7618
15278
11576
2973
1122
18749
16411
6444
2742
2773
12022
17800
8320
17831
12278
13642
9940
3675
2311
17600
8997
3931
14319
12468
8766
17790
15939
3244
12493
4377
1162
2526
13170
475
17128
7161
3946
3459
5797
18261
10632
8781
6930
12483
3228
1377
18030
8550
6699
4848
14359
12021
3028
10170
4879
17830
15979
7863
6012
4161
2310
15523
13672
11334
9483
18994
16656
14805
18732
16881
5550
15061
16425
12723
5094
3243
1392
8078
4863
6227
3012
10185
2556
13656
6027
7391
3689
1838
17127
12061
13425
3945
3458
243
18747
16896
11118
7416
16440
10400
8580
6242
2540
13902
9713
7862
458
18085
489
5780
17142
15291
2109
18275
8795
5093
3242
12753
935
17588
12035
8820
10184
15993
15506
11804
960
8133
6282
12968
11117
3488
11604
18290
16439
14588
15075
12506
4877
10655
1175
18315
9968
4190
1852
18992
15777
7174
9281
7430
1652
8794
1877
26
1390
19017
5348
4861
14372
10670
12034
2554
703
15505
6025
16
18520
9752
16925
13223
11372
5107
18545
14387
12536
13900
8347
17858
17371
15520
7891
7404
1851