2207
356
0
3702
2644
793
2157
1851
2594
743
2107
2007
3808
1957
1470
3190
2784
3140
833
2553
2634
2990
1089
2809
958
2322
552
321
271
3436
3742
1048
2899
3336
3692
3411
2924
1073
2387
1023
973
486
2774
436
2237
1750
2187
1700
3501
2137
1650
1519
286
3320
3757
1063
1419
1288
3576
2502
651
1138
2939
2452
501
2302
1765
2121
401
1715
2071
3435
1228
2377
3204
1353
1840
1790
1740
2567
1203
716
3004
2954
2467
2336
2417
566
2367
1880
29
2236
2542
691
2055
2492
641
154
2005
235
3319
104
1955
1905
1418
3169
2682
1318
3119
3069
2582
2532
2401
2351
2707
856
319
2607
2120
269
400
2557
300
2020
3740
1533
1970
119
3640
3153
3234
3184
846
3053
3134
796
2822
2285
2722
1648
3449
1598
234
3399
2035
3755
1448
3655
3168
3249
3474
3424
3374
2887
2737
2200
2150
1663
299
2100
249
1613
1919
2275
1788
3589
3539
3052
3489
2465
1051
2852
1001
2365
2315
2265
414
2215
364
233
2390
3754
2340
3654
1316
3604
3117
3554
1216
2530
679
2967
629
1066
2430
2380
1893
2736
348
2455
604
248
1431
3719
1868
17
1818
1281
794
3001
3082
1231
2951
2545
2901
2495
869
3157
1306
463
2670
2620
413
719
313
3753
263
3297
1446
1883
1396
3116
3066
2660
809
1165
3322
1471
2735
347
2635
3462
247
197
3768
3362
3312
1686
1636
1717
2950
1099
3387
2900
3337
2850
2313
2750
2700
2213
262
2288
3652
1801
1882
3602
2238
1751
31
1701
1214
3015
1164
2915
2865
2815
1791
2147
1741
683
2403
1916
65
3767
3717
1816
3617
3130
3080
2980
1129
642
2849
2930
2443
2262
2568
717
3782
1931
211
30
3682
1831
3195
3145
1781
2608
1194
707
2733
963
476
2683
3120
2633
2583
245
326
2046
682
276
145
3697
1359
3079
3160
1971
3335
3285
1434
947
1028
3235
1334
2698
2648
2161
310
2598
747
260
3375
3325
3681
1474
3550
1830
110
466
1780
1680
2913
3300
2763
2713
2663
812
275
2432
1945
3615
3565
1614
1127
2978
3415
2928
2341
927
2291
2728
2953
2416
646
3730
3680
1829
109
59
415
3630
1729
3093
3480
2993
2456
605
2893
2406
3605
3118
2581
374
3018
324
274
3795
1944
2381
1894
174
3695
1844
3645
3514
1744
3464
1694
1207
2927
3720
1513
1026
3133
1232
826
2546
2059
2009
645
1909
3629
3223
1678
1547
1984
3348
3298
1447
2761
910
3198
2711
2661
760
2561
710
173
3338
2330
1843
2149
1743
2099
2049
1562
1512
1462
3263
875
2239
2676
2189
2626
2364
2314
2395
2264
3578
3528
1677
2114
3428
3378
1527
2841
2791
2304
453
2610
2560
2916
2429
578
172
2379
528
3643
3543
1692
1155
1105
3081
337
693
1180
2981
1130
643
287
724
187
3758
56
1907
3708
1857
3658
443
3527
3608
1270
3558
212
3783
3296
1576
1526
3246
3733
3196
3146
1295
3096
1245
758
2559
1195
608
121
558
21
2097
1641
1997
1104
3311
3748
1897
1410
3261
3211
3161
2674
3111
2574
2087
2037
492
2293
2649
2162
2243
1756
2112
1625
3426
1575
2839
988
3276
3226
2689
351
2639
2508
2764
2277
2358
2227
1690
3491
2077
226
1540
2854
1003
2804
3029
822
3466
2979
3060
1209
672
2392
2879
3656
2292
1805
2242
3606
341
3506
3019
1168
1655
2969
3631
1374
1243
2994
2507
2944
250
2894
687
2407
556
3721
506
100
456
2307
50
1770
3490
3621
2257
2076
3796
2026
3746
175
3696
1358
3646
3159
1308
3109
3059
1208
721
2572
3009
1158
2522
752
2472
621
134
2372
1885
2241
2110
2060
1654
240
3324
1604
3761
3274
1910
1860
3174
1323
2687
3124
2637
2537
2050
2356
2225
2306
2662
405
2125
2612
1769
2206
355
3439
1588
2075
1669
3339
1488
3289
951
2752
3008
670
2877
2827
1057
2777
2290
2240
2677
2271
420
1603
2040
3354
1322
3123
3479
785
3429
2942
735
2892
2405
554
2355
2305
535
2255
1768
3569
2205
1718
3519
1668
3469
1618
123
3694
1487
3725
23
1206
1237
2957
2470
619
700
2907
2370
600
2320
3684
1833
1783
3809
238
1602
188
3759
1552
1989
138
1858
1452
1808
1402
3122
1271
1352
3072
734
3022
2535
765
2741
890
2254
2204
1667
303
203
3774
3287
3724
1873
3674
3187
1336
1286
3087
1236
749
2600
3037
1186
2419
2775
1055
2856
518
2806
2319
418
2138
2575
318
1551
1988
1501
3352
1938
1451
3252
3202
1351
864
3021
3377
2890
2971
1120
3327
633
2790
2871
1020
2384
402
2690
2284
433
2153
302
3467
3417
2053
2003
152
1516
3673
1822
3542
3136
3492
1772
3005
2905
2986
2368
517
2805
2318
467
598
2268
417
61
498
3582
1731
3482
2474
1987
623
3707
136
3788
1937
86
1450
3657
3607
3688
1837
1300
2970
1119
1200
2433
582
2383
532
969
2333
563
2283
432
1796
3647
788
201
1871
3672
3135
1771
3085
878
1234
1184
2548
2985
778
2935
597
2267
416
903
853
316
2036
1986
3787
1936
2017
3737
1886
1530
1480
3687
1349
3200
1836
1786
1380
2382
968
431
2182
331
281
2001
3802
1951
3752
1901
1414
3084
1720
1233
3521
2984
3340
2853
2447
3240
2397
2834
2703
365
1579
3380
2016
3686
3199
1785
3586
1735
1248
3099
3405
711
2918
661
2949
1098
2818
3305
2768
917
74
561
511
2231
2718
817
1950
3670
99
3751
49
3620
1413
3701
1850
3033
1182
1263
1619
2983
776
3420
2933
1082
726
1213
1163
676
2396
1032
2883
626
2833
982
576
2783
314
2115
2065
2015
3735
164
1965
1478
1784
1378
891
1734
1197
1634
2998
2461
3254
2717
2667
2617
2130
279
766
3800
2030
1899
1980
3700
3213
3163
3600
1749
3113
1262
2932
3369
2882
1031
2832
2701
2295
2651
394
2601
2195
2064
2145
2014
2095
244
1964
113
3765
3715
1733
3484
2997
3434
2947
1583
2897
1046
3203
2716
996
2797
946
2666
328
409
278
359
2029
2385
3749
47
2335
3649
3162
3112
1261
3468
1748
3549
3418
1161
674
2881
3318
1111
624
2781
930
393
2681
343
2013
1963
2400
1913
62
3764
1863
3583
1376
1326
1682
3614
1276
1632
2946
3383
1126
2846
1301
764
1978
127
77
1797
3648
1878
1391
1210
3448
3317
3267
2549
779
292
2499
729
2043
3763
3663
1812
92
1581
1531
2895
3201
994
2795
2308
894
2614
407
2695
844
357
2514
2027
307
2108
2464
2414
3597
1746
2183
332
3416
3497
1646
1159
3010
2960
3316
2910
1546
3266
1009
2729
959
2679
909
2629
372
2579
241
2398
547
1911
10
3662
1811
2298
3612
1761
3512
2794
943
587
537
3050
2563
1199
1976
125
3727
1876
2363
1745
1826
3546
1695
1289
3496
1239
3396
702
1314
3115
2578
2041
190
677
2478
1991
2347
1891
1760
1841
3511
1304
1660
1173
115
3280
942
1379
2743
2562
2593
2462
2543
2412
155
1875
3726
2312
1906
55
3495
280
1644
230
3395
3345
2858
1007
3164
3064
807
2527
757
1990
139
220
2427
932
2296
526
3610
1759
2246
1709
3460
1609
1122
3329
3766
2923
1072
3360
3229
2823
2692
2773
435
2642
2592
385
2105
610
2411
560
2848
2361
510
3675
1824
460
2211
360
3525
3394
3475
1574
2807
956
725
3013
2526
1112
625
3790
575
88
2376
1889
525
2326
3559
1708
1789
1302
1739
3459
1689
1202
3409
1071
1152
3359
2872
1377
3228
1327
3128
1277
3078
1227
740
2591
690
2410
153
1954
53
1773
1367
1723
3
3524
1673
1542
1979
128
1492
3780
3293
1442
78
905
3193
2706
855
3143
2525
2606
2119
2556
705
218
2506
2375
3739
1888
118
1838
2631
2144
2094
1607
3358
143
3227
1994
3308
2771
920
1357
3027
820
333
2621
283
2571
2309
458
895
489
2209
2159
308
1672
3342
3423
3779
3373
3729
985
448
398
754
2605
1060
2861
1010
2811
2324
3638
423
373
3438
3794
1100
3388
1406
3076
2539
2439
1902
51
2339
2289
1215
1652
3241
1877
1827
3091
2504
1140
2373
653
1967
2323
553
2273
1867
16
503
3587
2223
3537
2529
2042
272
1942
91
3743
1892
1405
41
3256
2719
2669
2619
2488
2569
2925
2438
2082
2519
2469
1982
131
2338