793
1181
937
784
206
292
626
455
513
933
862
305
927
471
385
908
501
606
858
960
1287
750
619
1159
820
536
707
1114
853
682
238
740
903
579
515
703
465
1285
153
67
1190
308
938
680
567
207
97
979
246
811
324
47
763
151
868
1065
547
539
480
90
53
848
39
535
994
277
1008
845
794
681
1096
826
232
949
41
119
587
516
487
887
1199
1142
832
115
662
395
6
54
433
408
781
1169
772
1074
659
830
1132
546
822
1058
958
42
968
797
756
484
589
190
818
517
810
639
904
898
318
173
317
690
795
775
577
530
806
1108
9
435
264
369
36
892
821
161
783
20
211
565
841
678
692
1201
1011
961
349
940
320
759
666
222
487
659
122
928
508
796
857
1232
922
751
493
220
597
84
333
526
401
693
316
860
295
747
634
473
87
435
265
428
1029
298
510
1000
414
808
261
978
889
431
1167
941
303
762
1235
570
667
1027
1334
1183
128
675
1060
816
117
808
575
873
276
1302
773
964
1095
723
1153
843
585
118
262
997
884
819
463
942
73
781
209
952
668
1067
581
28
988
540
430
194
888
423
357
809
827
657
398
732
1
884
507
240
516
870
975
862
920
12
662
646
1003
974
1255
858
751
745
679
916
650
529
85
988
1107
920
434
72
263
426
951
1082
770
283
218
105
677
354
630
589
1103
517
916
881
787
656
15
389
715
457
286
449
861
919
573
196
653
523
387
340
423
970
771
962
1229
852
229
812
571
651
480
892
1089
779
950
1194
837
798
1310
34
26
742
571
800
734
905
1046
538
3
534
421
526
1287
890
598
1024
293
484
343
697
57
306
135
928
815
95
951
930
880
851
236
477
753
1121
1055
469
549
440
432
537
891
470
847
166
1251
500
329
33
239
846
675
904
1148
689
668
580
1126
618