13 66 84 88 99 117 121 131 137 147 152 154 155 158 180 195 203 207 231 233 256 258 260 275 277 285 317 318 319 333 339 342 346 347 348 , 13 % 35 , 1
93 115 118 120 122 131 141 149 154 156 158 207 213 257 285 287 289 293 299 300 305 309 311 312 318 323 331 332 333 335 341 342 343 344 346 347 , 19 % 36 , 1
33 88 131 135 147 155 173 197 198 203 207 209 231 233 237 258 266 267 268 271 275 287 291 305 318 319 322 329 330 331 333 335 341 346 348 350 , 23 % 36 , 1
5 55 79 95 102 133 138 143 145 152 156 160 166 168 170 176 178 184 188 190 192 196 208 210 212 218 224 230 232 236 240 246 248 250 252 284 , 16 % 36 , 1
6 8 22 47 48 54 72 97 103 105 117 125 127 129 140 141 153 159 195 219 223 231 264 279 281 282 287 297 303 304 310 313 333 341 347 348 , 2 % 36 , 1
7 17 19 21 23 27 29 37 45 51 57 67 71 75 77 79 81 102 168 170 172 182 188 190 200 204 210 214 216 218 220 222 224 226 228 230 232 248 , 0 % 38 , 1
4 5 21 31 102 106 110 114 128 130 132 134 138 143 145 146 152 154 156 160 168 172 176 191 198 208 218 224 226 230 232 244 246 248 250 252 284 336 , 24 % 38 , 1
3 7 37 41 51 53 57 59 61 73 102 106 114 124 130 132 134 152 153 156 157 160 166 168 172 178 182 190 192 200 208 210 226 230 232 240 244 246 248 336 , 8 % 40 , 1
5 9 15 19 21 23 37 45 49 51 59 61 102 106 108 110 124 128 132 134 146 152 168 170 172 174 178 182 188 190 192 198 200 202 208 224 230 242 246 248 252 , 6 % 41 , 1
3 4 5 7 9 15 21 23 27 45 73 83 102 104 106 108 110 112 114 138 143 145 146 152 156 160 168 170 184 188 204 212 219 224 230 242 246 248 254 261 337 , 22 % 41 , 1
17 21 23 25 29 41 45 49 52 53 55 67 71 75 98 100 102 108 110 124 128 132 134 166 170 172 180 182 184 187 190 204 220 222 224 232 240 242 244 248 250 , 27 % 41 , 1
7 9 19 21 23 27 45 61 73 75 95 98 100 102 104 106 108 110 112 124 154 156 160 168 172 174 178 186 190 192 200 202 208 212 230 238 240 242 246 248 250 252 , 4 % 42 , 1
4 7 9 15 69 73 102 106 112 114 128 130 134 138 143 145 154 156 160 166 168 190 191 198 204 208 210 212 218 224 226 230 232 240 244 246 248 249 250 252 284 298 340 , 28 % 43 , 1
3 5 7 9 15 21 23 27 37 45 49 59 61 71 73 83 95 98 100 102 106 108 110 112 114 135 138 143 145 146 152 154 156 160 168 187 190 208 212 230 240 242 248 284 , 12 % 44 , 1
4 5 6 27 49 51 57 59 61 67 71 73 75 83 89 102 106 108 110 112 114 124 138 143 145 146 156 160 168 183 187 190 191 198 202 208 212 223 230 242 246 248 250 252 284 , 30 % 45 , 1
5 7 19 23 27 29 37 45 79 83 98 100 102 104 106 108 110 111 112 133 138 143 145 156 160 164 168 172 178 182 186 192 202 208 210 212 218 224 226 230 232 240 242 248 250 266 284 , 14 % 47 , 1
5 7 9 15 45 49 51 59 61 73 100 102 104 106 108 112 114 124 128 132 134 138 142 143 145 146 154 156 168 170 172 174 178 180 182 186 190 221 224 226 230 240 242 246 248 252 284 , 20 % 47 , 1
9 22 50 66 97 114 115 121 138 141 143 145 146 147 152 154 155 156 158 160 168 198 199 200 203 205 211 237 239 256 259 273 274 276 280 284 289 290 305 313 321 322 329 332 334 344 346 348 , 27 % 48 , 1
3 5 7 9 15 21 23 27 45 73 102 104 106 108 110 112 114 121 137 138 143 145 146 147 151 152 154 158 160 161 168 170 184 188 204 205 212 213 224 230 237 238 242 246 247 248 256 259 284 289 308 332 334 344 345 , 23 % 55 , 1
11 14 17 23 25 27 28 29 30 31 35 41 43 50 53 65 66 67 69 70 75 80 81 87 101 103 105 110 119 129 130 147 148 164 173 175 184 189 196 199 200 202 204 213 214 216 222 228 244 250 304 312 313 320 335 , 20 % 55 , 1
11 13 14 17 18 19 25 29 30 31 34 35 39 43 52 53 61 63 65 67 68 69 71 75 80 81 87 105 119 129 142 147 148 149 171 173 175 187 189 196 199 213 214 216 222 228 231 235 250 302 312 320 329 333 334 335 341 , 32 % 57 , 1
7 9 15 34 43 45 49 51 59 61 73 100 102 104 106 107 108 112 114 115 124 128 129 132 134 141 143 151 158 160 168 169 170 172 178 180 182 186 190 224 226 230 237 239 242 244 246 247 248 252 260 270 284 291 302 303 320 342 , 21 % 58 , 1
5 9 21 31 50 88 102 106 110 114 128 130 132 134 138 140 143 145 152 154 155 156 157 160 161 167 168 171 172 176 195 197 208 218 220 224 226 230 232 244 246 247 248 250 252 260 270 284 287 289 290 313 321 334 342 343 344 347 349 , 25 % 59 , 1
5 7 15 23 37 41 45 49 51 59 73 89 95 98 100 102 104 106 108 110 112 114 124 128 132 134 138 143 145 146 152 156 160 164 168 170 172 182 185 186 188 190 191 198 200 202 204 208 210 212 218 224 226 230 240 242 246 248 249 252 255 284 298 , 32 % 63 , 1
