5 7 45 100 102 104 106 108 112 138 143 145 156 168 172 178 182 186 224 226 230 240 242 248 284 , 14 20 % 25 , 2
9 19 21 23 45 61 102 106 108 110 124 168 172 174 178 190 192 200 202 208 230 242 246 248 252 , 4 6 % 25 , 2
7 45 49 102 106 107 128 129 134 141 151 158 160 168 169 172 224 226 230 244 246 247 248 252 260 , 21 3 % 25 , 2
68 83 84 86 122 141 150 155 156 157 177 203 205 259 265 279 289 321 322 324 332 334 336 342 344 347 , 1 33 % 26 , 2
7 45 49 102 106 128 129 134 154 160 168 171 172 200 202 204 224 226 230 231 246 248 252 313 329 348 , 3 33 % 26 , 2
22 92 107 127 129 141 149 154 156 178 195 245 270 273 276 282 284 292 303 304 306 312 320 321 342 349 , 1 23 % 26 , 2
10 14 16 22 38 40 54 58 74 76 82 86 99 123 125 148 189 193 217 245 259 269 270 288 330 332 340 , 1 3 % 27 , 2
5 102 106 110 114 128 132 134 138 143 145 146 152 156 160 168 172 191 198 208 218 224 226 230 246 248 252 284 , 24 32 % 28 , 2
4 102 106 114 128 130 134 138 143 145 154 156 160 168 191 198 208 218 224 226 230 232 244 246 248 250 252 284 , 24 28 % 28 , 2
5 27 49 59 61 71 73 83 102 106 108 110 112 114 138 143 145 146 156 160 168 187 190 208 212 230 242 248 284 , 12 30 % 29 , 2
21 49 61 102 123 138 168 172 178 190 200 202 203 224 230 231 238 242 245 246 248 252 259 270 277 322 329 335 341 347 348 , 11 7 % 31 , 2
9 63 64 84 86 89 92 94 115 120 127 129 161 171 173 195 197 206 238 247 270 275 288 303 312 317 320 327 342 349 350 , 1 27 % 31 , 2
5 49 51 59 73 89 102 106 108 110 112 114 124 138 143 145 146 156 160 168 190 191 198 202 208 212 230 242 246 248 252 284 , 30 32 % 32 , 2
2 7 23 27 37 45 98 100 102 106 108 110 112 129 138 151 155 168 208 212 213 230 240 242 248 259 329 330 332 334 344 350 , 13 15 % 32 , 2
7 15 73 102 106 112 114 128 134 138 143 145 156 160 168 190 191 198 204 208 210 212 218 224 226 230 240 246 248 249 252 284 298 , 28 32 % 33 , 2
11 14 25 30 31 35 41 43 65 69 80 81 105 119 129 130 147 148 173 175 189 199 200 204 213 214 216 222 228 244 312 320 335 , 20 30 % 33 , 2
5 7 15 23 37 45 49 59 73 95 98 100 102 106 108 110 112 114 138 143 145 146 152 156 160 168 190 208 212 230 240 242 248 284 , 12 32 % 34 , 2
11 13 14 19 25 31 34 43 67 69 71 75 77 80 81 162 164 170 173 175 189 194 196 199 209 213 214 216 218 220 222 224 228 312 320 335 , 26 8 % 36 , 2
5 66 89 107 114 116 122 138 139 145 149 152 154 155 156 161 197 199 231 238 257 259 275 276 287 290 321 329 330 331 332 333 334 344 346 349 , 1 21 % 36 , 2
21 27 61 73 102 131 137 141 146 160 168 172 178 190 200 202 207 208 212 230 231 242 245 246 248 250 252 259 270 295 304 322 329 335 341 347 , 11 5 % 36 , 2
11 13 14 23 25 29 30 31 34 43 67 75 80 81 101 105 129 132 141 142 162 164 173 175 200 203 209 214 216 220 222 228 312 320 322 335 346 , 16 28 % 37 , 2
11 13 14 25 30 31 35 43 57 64 67 75 80 81 101 105 129 132 142 147 173 175 184 189 196 200 213 214 216 222 228 231 312 320 333 334 335 341 , 14 28 % 38 , 2
7 15 45 49 51 59 73 100 102 104 106 108 112 114 115 124 128 129 132 134 143 160 168 170 172 182 186 190 224 226 230 237 242 246 248 252 270 284 , 21 33 % 38 , 2
11 13 14 25 30 35 56 57 66 67 69 75 77 80 81 101 103 105 142 147 149 166 173 175 189 190 196 197 200 214 216 222 228 302 312 320 333 334 335 , 14 24 % 39 , 2
