63 84 88 99 102 114 121 122 124 127 128 129 130 132 134 137 138 140 141 143 145 147 155 160 166 168 172 173 178 182 189 192 200 203 205 210 211 212 218 224 226 229 230 231 232 237 240 241 244 246 247 248 249 256 269 276 277 284 288 298 317 319 321 322 329 330 334 348 , 1 19 % 68 , 2
5 7 9 15 22 65 69 73 85 102 106 112 114 115 116 122 127 128 129 130 134 138 143 145 147 149 152 154 156 160 166 168 190 198 204 208 210 211 212 218 224 226 230 231 232 240 244 246 248 250 252 273 276 284 289 291 293 295 305 313 318 321 323 329 331 334 344 350 , 1 29 % 68 , 2
2 3 10 11 12 13 14 16 20 24 25 26 28 30 31 36 37 39 40 44 46 48 51 52 56 60 62 64 66 67 69 70 71 74 76 77 78 79 80 81 101 109 116 121 132 142 147 162 164 169 171 173 175 179 181 187 189 193 196 197 201 203 209 213 214 216 218 222 228 249 262 270 302 312 317 320 334 335 , 2 4 % 78 , 2
11 13 14 25 30 31 43 67 75 80 81 101 105 129 132 142 173 175 200 214 216 222 228 312 320 335 , 14 16 28 % 26 , 3
5 22 73 102 106 112 114 138 143 145 147 152 154 168 190 198 208 211 212 230 246 248 250 252 284 334 344 , 1 29 31 % 27 , 3
11 13 14 25 30 56 67 69 75 77 80 81 101 103 105 142 149 173 175 200 214 216 222 228 312 320 335 , 14 16 24 % 27 , 3
11 14 25 29 31 35 43 65 67 69 75 77 80 81 105 173 175 186 189 196 214 216 222 228 312 320 335 , 10 26 6 % 27 , 3
11 13 14 25 29 30 31 67 80 81 101 105 129 132 142 162 173 175 200 209 214 216 222 228 312 320 322 335 , 16 22 28 % 28 , 3
11 13 14 25 30 35 57 67 75 80 81 101 105 142 147 173 175 189 196 200 214 216 222 228 312 320 333 334 335 , 14 24 28 % 29 , 3
11 13 14 25 29 30 34 67 75 80 81 101 105 141 142 162 164 173 175 200 209 214 216 220 222 228 312 320 335 , 16 24 28 % 29 , 3
11 13 14 25 31 43 67 69 75 77 80 81 164 170 173 175 189 196 199 213 214 216 218 222 224 228 312 320 335 , 12 26 8 % 29 , 3
11 13 14 25 29 30 51 56 67 69 71 80 81 101 105 142 149 162 173 175 200 209 214 216 222 228 312 320 335 , 16 22 24 % 29 , 3
11 13 14 19 25 31 34 43 67 69 75 77 80 81 162 170 173 175 189 196 209 214 216 220 222 228 312 320 335 , 10 26 8 % 29 , 3
11 13 14 25 28 30 31 43 56 67 69 70 75 78 80 81 101 103 105 129 142 173 175 214 216 222 228 312 320 335 , 14 16 18 % 30 , 3
11 13 14 25 28 30 31 56 67 69 70 71 80 81 101 105 129 142 162 173 175 186 209 214 216 222 228 312 320 335 , 16 18 22 % 30 , 3
11 13 14 25 29 30 35 57 67 79 80 81 101 105 142 147 162 173 175 189 196 200 209 214 216 222 228 312 320 334 335 , 22 24 28 % 31 , 3
11 13 14 25 30 35 56 57 67 69 71 80 81 101 105 142 147 162 173 175 189 196 209 214 216 222 228 312 320 334 335 , 18 22 24 % 31 , 3
11 13 14 25 30 31 34 43 67 75 80 81 101 105 129 141 142 162 164 173 175 203 209 214 216 220 222 228 312 320 335 , 16 18 28 % 31 , 3
11 13 14 25 30 34 56 67 69 71 75 80 81 101 103 105 141 142 162 164 173 175 209 214 216 220 222 228 312 320 335 , 16 18 24 % 31 , 3
15 22 65 102 114 129 138 143 145 160 166 168 190 208 210 212 218 224 230 232 240 246 248 250 252 273 284 289 305 321 329 334 , 1 17 29 % 32 , 3
88 102 114 121 129 138 143 145 155 160 166 168 178 192 203 205 210 212 218 224 230 232 237 240 246 248 284 319 321 329 334 348 , 1 17 19 % 32 , 3
11 13 14 25 30 35 56 57 67 69 75 80 81 101 103 105 142 147 173 175 189 196 214 216 222 228 302 312 320 333 334 335 , 14 18 24 % 32 , 3
11 13 14 25 30 35 56 57 66 67 69 80 81 101 105 142 147 149 173 175 189 190 196 197 200 214 216 222 228 312 320 334 335 , 14 22 24 % 33 , 3
102 114 122 127 128 129 130 134 138 143 145 147 160 166 168 210 211 212 218 224 226 230 231 232 240 244 246 248 276 284 321 329 334 , 1 19 29 % 33 , 3
