3 47 48 50 90 91 103 116 120 121 127 129 140 143 147 149 155 156 158 273 288 302 303 312 320 321 334 349 , 11 % 28 , 1
1 4 6 32 38 58 82 113 125 135 141 203 219 223 234 243 264 278 279 280 281 303 304 305 319 329 347 348 , 4 % 28 , 1
1 7 11 13 15 25 26 27 29 41 43 45 57 71 81 106 108 110 112 167 170 188 190 202 204 214 220 228 252 , 19 % 29 , 1
3 7 19 21 23 28 29 31 37 41 53 78 81 162 164 167 172 176 186 188 189 196 202 214 216 220 224 226 228 , 31 % 29 , 1
1 22 54 58 86 87 88 93 101 107 120 123 129 138 143 152 156 158 205 207 245 260 269 270 277 290 293 343 346 , 9 % 29 , 1
8 12 36 48 64 66 103 107 121 126 128 140 147 197 231 234 270 302 303 313 321 330 331 333 334 335 341 347 348 , 16 % 29 , 1
3 7 19 27 28 31 37 43 51 57 59 77 78 79 81 162 164 186 188 189 194 210 214 216 218 226 228 230 246 , 27 % 29 , 1
11 19 25 27 29 41 43 51 52 53 68 71 80 81 89 98 100 109 110 121 172 184 187 188 192 202 206 220 228 , 29 % 29 , 1
17 27 52 55 57 63 68 77 79 81 85 148 162 165 166 167 187 196 198 204 206 208 210 214 220 226 228 249 250 , 7 % 29 , 1
3 11 19 21 23 28 31 37 50 67 69 71 77 78 79 81 162 164 176 184 188 196 200 210 214 216 218 222 232 250 , 21 % 30 , 1
0 4 14 18 22 24 38 39 50 66 85 87 92 99 116 117 154 207 238 257 258 272 275 276 277 286 318 321 327 333 , 5 % 30 , 1
17 23 41 45 51 52 57 59 63 67 68 69 75 77 78 81 95 106 108 132 134 136 166 186 187 196 214 220 228 307 , 11 % 30 , 1
5 7 9 17 45 49 61 102 106 128 130 134 156 160 166 168 172 176 192 200 202 204 208 224 226 230 244 246 248 250 252 , 2 % 31 , 1
16 38 63 66 84 94 123 145 149 155 160 161 195 199 205 207 231 233 258 260 268 287 294 318 319 321 322 331 333 335 341 , 15 % 31 , 1
23 25 27 37 41 45 51 52 57 63 67 68 71 75 77 79 81 100 108 124 162 170 186 187 188 190 204 206 214 222 228 , 25 % 31 , 1
38 42 82 90 96 114 135 149 177 183 205 217 219 225 227 243 263 265 283 297 298 300 311 316 321 322 325 326 336 337 349 , 2 % 31 , 1
24 88 114 115 121 122 127 129 136 137 139 147 152 154 156 203 244 247 253 254 269 290 295 302 303 312 317 320 342 343 349 , 15 % 31 , 1
16 38 84 86 99 117 127 131 141 146 149 154 160 207 233 234 239 243 245 258 273 287 290 293 312 318 319 321 322 331 333 334 , 7 % 32 , 1
2 4 20 33 46 47 56 84 87 88 140 142 147 149 152 155 237 241 256 257 272 273 274 276 292 302 303 305 320 321 335 345 349 , 3 % 33 , 1
25 29 31 35 51 52 53 61 67 68 71 75 80 87 98 100 128 148 162 186 194 196 200 202 206 210 216 220 222 228 250 252 337 , 23 % 33 , 1
32 50 65 90 91 111 119 148 161 163 185 215 241 251 253 255 269 286 288 292 293 296 298 299 301 309 315 319 324 329 332 346 350 , 2 % 33 , 1
102 114 124 128 130 132 134 138 143 145 156 160 166 168 172 178 182 192 200 210 212 218 224 225 226 230 232 236 240 244 246 248 264 , 18 % 33 , 1
3 21 27 49 61 71 73 79 102 145 152 154 156 157 160 168 172 178 184 190 200 202 204 208 212 218 224 226 230 232 246 248 250 252 , 10 % 34 , 1
8 12 26 38 44 54 58 60 64 72 103 107 126 128 130 140 141 149 179 195 201 203 205 231 289 302 303 304 313 332 333 341 347 348 , 10 % 34 , 1
