11 13 14 19 25 28 30 31 35 56 57 67 69 70 71 80 81 101 105 129 142 147 162 173 175 186 189 196 209 213 214 216 222 228 231 312 320 334 335 , 18 22 % 39 , 2
11 13 14 25 29 30 35 51 56 57 66 67 69 71 79 80 81 101 105 142 147 149 162 173 175 189 190 196 197 200 209 214 216 222 228 312 320 334 335 , 22 24 % 39 , 2
11 13 14 25 28 30 31 43 56 65 67 69 70 75 77 78 80 81 101 103 105 109 127 129 130 132 134 142 149 173 175 200 214 216 222 228 244 312 320 335 , 14 16 % 40 , 2
11 13 14 25 28 30 31 34 43 56 67 69 70 71 75 78 80 81 101 103 105 129 141 142 162 164 173 175 186 203 205 209 214 216 220 222 228 312 320 335 , 16 18 % 40 , 2
7 11 14 17 25 29 31 35 41 43 53 63 65 67 69 75 77 79 80 81 105 112 119 148 173 175 186 189 196 199 213 214 216 218 222 226 228 250 312 320 335 , 26 6 % 41 , 2
11 13 14 25 28 29 30 31 51 56 67 69 70 71 80 81 101 105 127 129 130 132 134 142 149 162 173 175 182 186 200 209 214 216 222 228 244 312 320 322 335 , 16 22 % 41 , 2
11 13 14 19 25 29 30 31 35 57 64 67 79 80 81 101 105 129 132 142 147 162 173 175 189 196 200 209 213 214 216 222 228 231 312 317 320 322 334 335 341 , 22 28 % 41 , 2
11 13 14 25 28 30 31 35 43 56 57 67 69 70 75 78 80 81 101 103 105 129 142 147 173 175 184 189 196 213 214 216 222 228 231 302 312 320 333 334 335 , 14 18 % 41 , 2
7 11 13 14 25 27 29 30 34 51 54 56 67 69 71 75 77 80 81 98 101 103 105 141 142 149 162 164 173 175 199 200 209 214 216 220 222 228 312 320 329 335 , 16 24 % 42 , 2
11 13 14 25 30 34 35 37 56 57 67 69 71 75 80 81 101 103 105 141 142 147 162 164 173 175 189 196 204 206 209 214 216 220 222 228 302 312 320 333 334 335 , 18 24 % 42 , 2
3 11 13 14 25 29 30 34 35 57 67 75 79 80 81 101 105 141 142 147 162 164 173 175 180 188 189 196 200 202 206 209 214 216 220 222 228 270 312 320 328 333 334 335 , 24 28 % 44 , 2
11 13 14 19 23 25 29 31 34 35 43 51 57 65 67 69 75 77 80 81 105 110 126 132 134 142 162 170 173 175 182 186 188 189 196 209 210 214 216 220 222 228 244 312 320 335 , 10 26 % 46 , 2
10 11 14 20 24 25 28 29 30 31 35 36 43 46 56 65 66 67 69 70 74 75 76 77 78 80 81 101 105 129 147 173 175 186 189 196 197 214 216 222 228 312 320 334 335 341 , 10 6 % 46 , 2
11 13 14 19 25 30 31 34 35 43 47 57 67 75 80 81 101 105 129 141 142 147 162 164 171 173 175 177 184 189 194 196 203 206 209 213 214 216 220 222 228 231 312 320 333 334 335 , 18 28 % 47 , 2
9 19 21 23 36 45 61 101 102 106 108 110 124 129 152 155 156 168 172 174 178 190 192 200 202 230 231 241 242 245 246 248 252 259 269 270 303 320 322 329 332 335 341 342 343 344 347 349 , 5 7 % 48 , 2
11 13 14 20 25 28 30 31 35 56 57 64 66 67 69 70 80 81 101 105 119 127 129 130 132 134 142 147 148 149 173 175 189 190 196 197 200 213 214 216 222 228 231 235 244 312 320 334 335 341 , 14 22 % 50 , 2
8 10 11 12 14 20 24 25 28 30 31 36 43 44 46 56 58 60 66 67 69 70 74 75 76 77 78 80 81 101 129 173 175 179 184 189 196 197 199 213 214 216 218 222 228 302 312 320 333 334 335 , 6 8 % 51 , 2
10 11 13 14 16 19 20 24 25 28 30 31 33 34 36 43 45 46 56 66 67 69 70 74 75 76 77 78 80 81 101 109 127 129 162 170 173 175 189 196 197 209 214 216 220 222 228 312 320 334 335 , 10 8 % 51 , 2
11 13 14 17 25 31 35 41 43 51 53 65 67 69 75 77 79 80 81 105 119 126 130 132 134 148 164 166 170 173 175 182 186 189 196 199 200 210 213 214 216 218 222 224 228 244 250 252 312 320 335 , 12 26 % 51 , 2
10 11 12 13 14 20 25 28 30 31 36 43 46 54 56 58 66 67 69 70 74 75 77 78 80 81 101 127 129 141 164 170 171 173 175 189 196 197 199 203 213 214 216 218 222 224 228 302 312 320 333 334 335 , 12 8 % 53 , 2
10 11 13 14 20 25 28 30 31 35 36 43 46 48 51 56 65 66 67 69 70 74 75 77 78 80 81 101 105 126 127 129 132 134 147 170 173 175 182 186 189 196 197 210 214 216 222 228 244 270 312 320 322 334 335 341 , 10 12 % 56 , 2
5 22 27 45 49 51 57 59 61 67 71 73 75 86 102 106 108 110 112 114 124 131 133 136 137 138 143 145 146 147 152 154 155 168 177 190 198 208 211 212 230 237 242 246 248 250 252 256 259 271 277 284 317 322 327 332 334 344 347 348 , 1 31 % 60 , 2
10 11 12 14 17 20 25 28 30 31 35 36 41 43 46 53 56 58 65 66 67 69 70 74 75 77 78 79 80 81 101 105 119 129 147 148 149 173 175 186 189 196 197 199 213 214 216 218 222 228 231 235 250 302 312 320 333 334 335 341 , 12 6 % 60 , 2
15 22 65 79 88 102 114 121 129 131 138 143 145 155 160 166 168 170 171 176 178 184 187 188 190 192 196 203 205 208 210 212 218 224 230 232 235 237 240 246 248 250 252 270 273 284 286 287 289 294 305 306 319 321 329 333 334 335 336 347 348 349 , 1 17 % 62 , 2
