1 94 96 115 122 129 141 156 160 161 174 178 237 239 245 247 249 251 256 270 276 313 320 342 349 , 31 % 25 , 1
11 17 25 43 55 63 69 77 79 98 100 109 132 134 166 170 182 184 187 200 204 218 222 232 240 , 31 % 25 , 1
3 19 21 27 28 31 39 63 77 78 79 87 148 162 166 167 184 189 196 206 214 220 222 228 250 , 33 % 25 , 1
120 126 127 129 140 141 143 156 158 175 180 238 241 243 245 247 268 274 288 303 320 322 325 346 350 , 17 % 25 , 1
15 19 27 29 31 35 41 43 53 59 67 71 81 98 100 162 184 190 196 198 210 216 220 222 228 , 3 % 25 , 1
17 25 29 35 55 81 132 162 170 172 184 186 188 194 202 204 210 214 216 218 220 224 226 228 232 , 13 % 25 , 1
12 16 24 36 38 46 48 54 58 74 126 141 199 205 231 243 270 289 303 322 329 330 341 347 348 , 14 % 25 , 1
8 33 38 48 53 60 64 66 76 110 112 155 161 176 197 235 245 287 288 291 293 313 318 332 349 , 18 % 25 , 1
17 19 21 23 28 37 51 53 67 69 75 77 78 79 162 164 184 186 194 196 206 216 222 250 264 307 , 19 % 26 , 1
20 30 33 36 46 48 56 64 93 126 127 138 144 171 173 177 199 209 243 258 288 289 292 294 342 350 , 9 % 26 , 1
3 29 31 35 41 52 53 55 59 71 81 114 162 165 170 180 184 187 196 204 216 220 222 224 226 228 , 5 % 26 , 1
8 10 22 26 38 44 50 53 60 76 107 126 155 169 179 195 203 241 245 288 304 319 321 331 332 349 , 14 % 26 , 1
3 7 11 15 25 29 31 43 65 67 69 71 75 100 104 109 112 164 184 186 194 216 218 222 232 240 , 7 % 26 , 1
13 17 21 23 25 27 41 45 51 57 63 71 77 108 132 134 164 182 186 200 202 204 206 214 222 226 , 17 % 26 , 1
17 21 23 28 37 45 57 63 75 77 78 79 124 125 132 162 164 170 182 186 200 214 216 222 229 327 , 29 % 26 , 1
28 42 54 60 65 72 89 108 127 175 203 211 221 239 261 262 268 275 277 284 287 295 330 331 338 346 , 3 % 26 , 1
21 23 37 51 52 57 63 69 75 77 79 124 132 164 170 180 182 186 188 206 214 218 232 234 307 327 , 3 % 26 , 1
2 22 24 26 32 39 50 62 72 90 103 107 155 161 177 179 241 245 287 293 294 331 332 342 344 349 , 12 % 26 , 1
64 66 89 93 116 123 127 129 137 147 153 158 199 239 247 270 273 274 275 295 303 312 314 320 343 346 350 , 33 % 27 , 1
83 87 88 93 94 96 148 171 178 195 199 203 233 253 257 259 272 287 312 319 330 332 333 335 341 345 347 , 29 % 27 , 1
84 88 89 93 94 121 123 139 147 203 207 233 236 256 258 268 277 297 304 317 318 319 322 335 341 347 348 , 21 % 27 , 1
2 6 22 32 50 63 84 105 112 119 139 177 181 205 223 241 243 270 288 317 318 329 331 332 342 346 350 , 8 % 27 , 1
17 19 23 29 45 52 69 77 78 79 81 95 110 112 164 187 188 206 212 214 216 218 220 222 224 228 252 298 , 9 % 28 , 1
