11 13 14 19 25 30 31 35 57 67 80 81 101 105 129 142 147 162 173 175 189 196 209 213 214 216 222 228 231 312 320 334 335 , 18 22 28 % 33 , 3
11 13 14 25 28 30 31 56 67 69 70 80 81 101 105 127 129 130 132 134 142 149 173 175 200 214 216 222 228 244 312 320 335 , 14 16 22 % 33 , 3
11 13 14 25 28 30 31 35 56 57 67 69 70 80 81 101 105 129 142 147 173 175 189 196 213 214 216 222 228 231 312 320 334 335 , 14 18 22 % 34 , 3
11 13 14 25 30 31 35 43 57 67 75 80 81 101 105 129 142 147 173 175 184 189 196 213 214 216 222 228 231 312 320 333 334 335 , 14 18 28 % 34 , 3
11 13 14 25 30 31 35 57 64 67 80 81 101 105 129 132 142 147 173 175 189 196 200 213 214 216 222 228 231 312 320 334 335 341 , 14 22 28 % 34 , 3
11 13 14 25 30 34 35 57 67 75 80 81 101 105 141 142 147 162 164 173 175 189 196 206 209 214 216 220 222 228 312 320 333 334 335 , 18 24 28 % 35 , 3
11 13 14 25 31 35 43 51 65 67 69 75 77 80 81 105 126 132 134 170 173 175 182 186 189 196 210 214 216 222 228 244 312 320 335 , 10 12 26 % 35 , 3
11 14 17 25 31 35 41 43 53 65 67 69 75 77 79 80 81 105 119 148 173 175 186 189 196 199 213 214 216 218 222 228 250 312 320 335 , 12 26 6 % 36 , 3
10 11 14 20 24 25 28 30 31 36 43 46 56 66 67 69 70 74 75 76 77 78 80 81 101 129 173 175 189 196 197 214 216 222 228 312 320 334 335 , 10 6 8 % 39 , 3
10 11 13 14 20 25 28 30 31 36 43 46 56 66 67 69 70 74 75 77 78 80 81 101 127 129 170 173 175 189 196 197 214 216 222 228 312 320 334 335 , 10 12 8 % 40 , 3
10 11 14 20 25 28 30 31 35 36 43 46 56 65 66 67 69 70 74 75 77 78 80 81 101 105 129 147 173 175 186 189 196 197 214 216 222 228 312 320 334 335 341 , 10 12 6 % 43 , 3
10 11 12 14 20 25 28 30 31 36 43 46 56 58 66 67 69 70 74 75 77 78 80 81 101 129 173 175 189 196 197 199 213 214 216 218 222 228 302 312 320 333 334 335 , 12 6 8 % 44 , 3
11 14 25 31 43 67 69 75 77 80 81 173 175 189 196 199 213 214 216 218 222 228 312 320 335 , 12 26 6 8 % 25 , 4
11 13 14 25 30 56 67 69 71 80 81 101 105 142 162 173 175 209 214 216 222 228 312 320 335 , 16 18 22 24 % 25 , 4
11 14 25 31 35 43 65 67 69 75 77 80 81 105 173 175 186 189 196 214 216 222 228 312 320 335 , 10 12 26 6 % 26 , 4
11 13 14 25 28 30 31 56 67 69 70 80 81 101 105 129 142 173 175 214 216 222 228 312 320 335 , 14 16 18 22 % 26 , 4
11 13 14 25 30 35 57 67 80 81 101 105 142 147 173 175 189 196 200 214 216 222 228 312 320 334 335 , 14 22 24 28 % 27 , 4
11 13 14 25 30 34 67 75 80 81 101 105 141 142 162 164 173 175 209 214 216 220 222 228 312 320 335 , 16 18 24 28 % 27 , 4
11 13 14 25 30 35 56 57 67 69 80 81 101 105 142 147 173 175 189 196 214 216 222 228 312 320 334 335 , 14 18 22 24 % 28 , 4
11 13 14 25 30 35 57 67 80 81 101 105 142 147 162 173 175 189 196 209 214 216 222 228 312 320 334 335 , 18 22 24 28 % 28 , 4
11 13 14 25 30 35 57 67 75 80 81 101 105 142 147 173 175 189 196 214 216 222 228 312 320 333 334 335 , 14 18 24 28 % 28 , 4
11 13 14 25 30 31 35 57 67 80 81 101 105 129 142 147 173 175 189 196 213 214 216 222 228 231 312 320 334 335 , 14 18 22 28 % 30 , 4
10 11 14 20 25 28 30 31 36 43 46 56 66 67 69 70 74 75 77 78 80 81 101 129 173 175 189 196 197 214 216 222 228 312 320 334 335 , 10 12 6 8 % 37 , 4
11 13 14 25 30 35 57 67 80 81 101 105 142 147 173 175 189 196 214 216 222 228 312 320 334 335 , 14 18 22 24 28 % 26 , 5
