2207
356
0
131
2338
2594
743
2107
2007
3271
2784
3140
3171
833
2553
3040
2584
1089
2809
958
471
371
271
3386
3742
1048
2899
1535
948
3155
3411
2924
1073
2824
973
486
3601
386
3501
2137
1650
1519
3401
3757
1063
1419
3139
1288
1775
1550
3526
1188
2939
2452
14
1765
2121
401
2377
3741
39
1790
2567
1203
716
2954
2467
616
2336
2367
1880
29
2236
2492
641
154
2005
1905
1418
3169
2682
1318
831
3069
2582
2938
631
2351
500
856
2707
2607
2120
269
300
2020
3740
1533
3284
3640
3153
3184
3540
846
2822
1458
971
871
384
1648
3399
2035
3755
1548
3299
1448
3655
3168
3424
2350
499
2737
886
399
2150
1663
1919
2275
1788
3539
3052
2952
2852
1001
2365
2265
414
3754
2390
3654
3167
1316
3554
2967
1116
629
2380
2736
1893
167
1918
1431
3669
1818
1331
3182
1231
2951
2495
3207
2720
869
2620
2133
413
313
2520
3753
3784
3297
1446
3197
1346
3066
3553
3322
1471
2735
2248
397
2635
197
3768
3312
974
3181
1686
1717
2950
1099
3337
2850
2750
2263
1676
2288
3652
1801
1701
1214
3452
2965
2865
1014
2278
1791
2147
683
2403
1916
65
3767
3667
1816
3080
1229
2980
1129
642
2493
2849
2880
2262
2518
3782
567
80
3682
1831
3195
3095
2608
2964
2733
3120
2633
326
2046
682
2533
3797
3310
3697
3210
1359
1615
1971
1484
3335
1028
1384
3235
2648
2161
310
3325
3681
1474
3550
110
1830
3350
1012
2763
2663
812
2432
2788
94
1945
3565
2201
1714
1614
1127
2978
3365
2878
927
2291
2416
3680
1829
109
9
1729
3093
1242
3480
2993
2893
2406
3605
3118
3018
324
224
3795
1944
3695
1844
1744
3464
1257
3720
1513
1026
3233
3133
439
826
2546
2059
208
1959
3679
3710
1984
3348
2761
910
2561
710
3338
2330
1843
2199
1974
1743
3463
1512
1025
3263
2776
925
2676
2189
2801
2314
594
3578
3478
2114
3378
1527
2891
2791
2304
2560
2916
2429
578
22
378
1155
3618
924
3031
337
693
1180
724
593
3708
1857
493
3608
3121
1270
1757
1526
3733
3246
3146
1295
939
2559
1195
2459
608
121
3723
21
2097
1641
1997
3748
1897
1410
3261
3161
2574
2087
492
5
2243
1756
2112
1625
3376
3276
2689
838
351
2358
2714
3491
1540
2904
2804
3029
3060
1209
135
2242
3606
391
1755
3506
3019
1655
3631
60
2944
250
2457
3721
506
2357
50
1770
3490
3621
2257
2026
3746
175
1539
3646
3159
1308
3059
1208
721
2572
752
2472
621
134
2372
1885
2241
2110
1654
3761
3274
1910
3174
1323
2356
505
2225
405
2125
2612
1769
1669
3289
1438
951
3189
2471
2827
2240
2271
420
1653
289
2040
3304
1809
1322
3042
3529
3429
2942
735
2842
2355
535
2255
1768
3619
3519
1668
2155
1237
2957
1106
619
2470
2370
3634
188
3759
1552
1452
1808
3172
1352
3072
865
734
765
1121
2741
890
2254
2154
1667
303
2023
2054
203
3774
3287
3674
3187
1336
3087
1236
749
2600
2856
2369
518
418
2138
318
3402
1551
1938
3202
1351
864
2971
1120
3327
633
2840
2871
1020
2384
2284
2153
302
3417
2053
3673
1822
3542
3186
2986
2368
517
2268
417
61
904
3532
317
3788
1937
86
1450
3657
1837
3557
2970
1119
663
2383
532
563
2283
432
1796
3647
2152
201
1952
3672
3572
3085
878
2985
778
647
2267
416
2623
2167
316
2523
3787
1936
1480
3687
1349
3200
1836
1380
3100
2613
2382
2282
431
2182
331
3802
1951
3315
3084
1720
1233
3440
2984
3340
2853
3240
1033
2753
2397
346
3430
1579
3199
3586
1735
1248
3099
2999
3355
661
2768
917
74
561
2281
430
817
330
1950
3670
99
3701
1850
1263
1619
2983
1163
676
2396
1032
2883
576
2783
314
2065
1965
1478
1834
1378
891
1734
3098
1247
1634
2998
3254
2767
2667
3800
229
1980
3700
3213
1493
1362
3600
1749
3113
3369
2882
1031
3238
2295
2651
444
2195
2551
2064
2095
244
1964
113
3715
1733
3453
3484
2997
1633
3353
2897
1046
2766
559
2797
946
2666
328
359
3699
3112
1261
3468
1748
1161
674
2881
3268
574
930
2681
830
343
2450
1963
1863
3583
12
1376
3614
1276
1632
2996
3383
2896
1301
814
1491
1878
1391
2234
3011
3267
2549
729
2349
1862
3613
1531
2895
2795
2308
2695
844
357
2564
2108
2464
3597
1746
3497
1646
1159
3010
2910
1546
3266
2810
372
2579
241
1861
10
3612
1761
3512
1661
3281
2794
943
587
3050
2563
1199
1976
3727
1876
2363
1745
3596
1289
3496
3396
702
1189
3165
1314
827
2578
2478
1991
2347
1891
1760
3511
1304
1660
1173
3280
2793
942
2562
2593
2462
2006
155
1875
3726
1906
55
3495
280
1644
2131
3395
2031
3164
3064
2577
757
2477
1990
139
526
3610
2246
395
2146
3766
2923
1072
3179
2592
385
2105
610
2848
2361
510
3525
3394
1574
1087
2807
956
3063
1212
725
1112
625
2376
1889
525
1789
1302
1658
1689
1202
3409
1071
1558
2922
3665
3178
1327
3078
1227
740
2591
2004
153
53
1773
2260
1804
3524
1673
1542
178
3293
1442
78
3193
2706
855
1342
2606
2119
2962
755
2506
655
2375
3739
1888
2631
2144
3308
3208
1357
3077
2621
283
2490
895
2159
1672
3423
1572
3779
985
3192
3092
398
754
2605
2861
1010
523
3638
423
1787
3438
3794
1100
3563
3076
638
2389
1902
51
2289
438
3522
1802
1702
1215
3678
1827
1340
3091
1240
2991
2504
1140
2373
653
553
66
2273
3537
2529
2042
191
1942
91
1455
2719
1355
2619
2975
2488
2519
2644
793
2157
3421
3808
1957
1470
3190
3221
2634
2990
783
552
2272
2759
3536
321
2072
3436
3336
3692
998
3205
3461
1610
1254
2874
2387
1023
2774
436
2187
3551
3451
3320
3576
2502
651
1138
551
2302
1715
2071
3435
1228
1584
3204
1353
1840
3591
1740
3004
2517
2417
566
2317
2542
691
2055
3319
104
1955
1468
2632
2988
2532
2888
2401
2657
2170
2557
1970
119
3690
1483
3234
3103
3134
796
2516
1052
2285
3449
1598
3805
3218
3249
2987
3374
2887
1523
2300
936
2200
349
2100
249
1613
3589
3102
3489
1051
2184
2215
364
233
2340
3704
3604
3117
1266
2530
679
1066
2430
2299
348
2555
2455
604
248
3719
1868
17
3232
1281
794
3001
3032
2545
2901
3157
1306
463
2670
719
2083
263
1983
3703
1883
3603
1396
3116
3016
1165
3272
347
3462
247
2098
1611
3362
2123
3387
2900
2313
2700
2213
2113
262
1882
3602
2238
31
1751
3015
1164
2915
2815
2228
1741
2453
3717
1866
146
3617
3130
1279
3517
1666
2930
2443
848
2568
717
361
2468
1981
161
3245
30
3145
1781
3045
1194
707
963
476
2583
276
145
3747
1896
3616
3260
3160
2021
1534
3385
3285
947
1334
2698
2598
747
260
3375
1780
2136
1680
2913
3300
2813
962
2713
862
275
3615
2251
2151
3415
2928
2341
2728
2953
746
646
3730
515
28
59
415
3630
2266
1779
2943
2456
605
2812
2581
374
1117
2381
1894
43
174
3645
3158
3514
1794
1694
1207
2927
1432
1463
1232
2009
645
3629
1678
3398
1547
3785
1091
1447
3298
3198
2711
2511
173
1793
2149
1662
2049
1562
1462
2726
875
2239
2626
2851
2364
2395
2264
3528
2164
1677
3428
2941
2841
1477
2610
1246
2866
172
2379
528
3643
1792
3543
1692
3056
3443
1105
3081
2981
1130
643
2494
287
187
3758
56
1907
2394
443
3527
3558
1707
2063
212
3783
3296
1576
989
3196
1345
3096
1245
558
3642
71
1691
1104
3311
3211
1360
873
3111
2037
186
2293
2649
2162
3426
1575
2839
988
3226
1375
2639
2508
2864
2764
2277
3541
2077
226
3341
2854
1003
3110
3466
2979
772
672
2879
2292
1705
2969
1605
1374
1243
2994
2507
2894
687
2407
100
456
2307
1820
2076
3796
3696
1845
1358
3209
1489
1389
3109
902
771
3009
1158
2522
671
2422
2060
240
3324
1604
1860
3224
1373
3124
2637
1273
2537
2050
686
555
2306
2662
2206
355
3439
1588
2075
1719
3339
1488
2752
3008
2521
670
2877
570
2290
2777
2677
339
2090
3354
3123
3479
785
2892
2405
554
2305
3569
2205
3469
1618
123
3694
1487
3725
23
3594
3107
3007
700
2907
600
2320
3684
1833
3809
238
1602
1989
138
1858
3222
3709
1402
1758
1271
3122
3022
2535
715
3799
2204
2104
3724
1873
1417
1286
3037
2550
2419
2775
1055
2806
2319
2575
2088
368
1988
1501
3352
3252
3508
3021
2890
2921
2790
2334
2690
383
3467
2003
152
1516
3623
3136
3492
1772
3005
3392
2905
2805
2318
467
954
3582
1731
3482
2474
1987
623
3707
136
2118
1887
3607
1300
3507
813
3020
1200
1069
582
969
2333
738
2102
3722
1871
1515
1415
3135
1771
1184
2548
2935
2448
597
853
2117
1986
2017
3737
1886
1786
2819
968
2688
2101
281
2001
3752
1901
1414
3521
3390
2934
2447
2803
3290
2834
2703
365
3380
34
1785
3505
3049
3405
711
2918
1198
2949
1098
2818
3305
611
511
2231
2718
24
3751
49
3620
3520
1182
3420
2933
1082
726
1213
626
2833
982
495
2115
2015
3735
164
1784
3535
1197
2948
2817
2717
2230
2617
2130
279
766
2030
1899
3650
3163
2932
2832
2701
494
2245
394
2145
294
2014
3765
3278
3434
2947
1583
2816
3303
3203
2716
409
2616
278
2029
2385
3749
3393
3649
3162
3549
1698
3418
3318
1111
624
2831
393
2500
2013
2400
549
62
1913
3764
1326
1682
3533
3433
1126
2846
2615
764
664
1928
77
1797
3648
1441
3548
1697
1210
3448
3317
779
292
2499
2043
3763
2399
1943
3663
1812
1581
1094
2845
3201
994
2745
894
2614
407
3101
2258
2514
2027
307
2414
76
2183
332
3416
2960
3316
1109
1009
2729
3216
2629
2142
2398
547
1911
3662
1811
3331
1024
537
3000
3677
1826
3546
1695
1239
2859
3115
2041
190
677
2297
1810
1841
1710
1966
115
1379
2743
2156
2512
2543
2056
2412
2312
230
3345
2858
1007
3214
2658
807
2527
3014
220
2427
932
2296
3560
1709
345
3460
1609
1122
3329
3360
2873
3229
1022
2773
922
435
791
560
3675
1824
460
2311
2211
360
3444
3475
1624
1137
3013
2526
575
88
2326
3559
1708
1739
3459
1152
3359
2872
1377
3228
1508
3128
1277
3028
690
2410
1954
2310
1367
1723
3
3574
1979
128
1492
905
3143
3012
2525
2556
2325
1838
3689
2094
3358
143
3227
2771
920
3027
820
2540
333
2571
720
2309
458
945
489
2209
3573
3342
3373
3729
2786
3142
448
2911
1060
573
960
2324
2224
373
3388
3257
2770
1406
2539
688
1175
2439
2339
1852
1752
1652
3728
1877
3628
1777
2454
1967
2323
1867
16
503
3587
1736
2223
272
3743
1892
1405
41
3256
2669
3025
2569
2438
2469
1982
3702
1851