879
27661
49666
19097
36220
37164
39473
51377
8064
360
9003
698
47176
443
20661
22970
41722
5946
20999
47259
36
23738
31358
29901
36406
38181
13545
50619
16798
35721
34606
37859
54277
1147
38264
50623
15687
53592
36748
6704
7648
49758
17051
19189
38112
16729
10996
17389
39565
50809
13735
14929
53778
35456
8156
37765
56517
43076
38880
50784
9780
27572
22098
8410
9354
27146
8498
3900
26461
24152
45213
46157
10389
32281
47781
48975
35020
37158
12443
38273
52486
19629
30339
12017
14326
36502
19888
15950
51659
37955
24000
8855
24338
4746
28701
36321
16028
48372
26989
31356
16287
35210
54192
30671
54985
37857
50876
2001
34863
6448
9872
42483
23046
39911
47531
53874
52759
37861
25100
7646
27497
25697
15529
31972
38365
35905
18527
11850
12109
52607
17842
16727
50807
8154
9098
20497
41558
27854
4838
49575
26998
44806
45921
41812
8496
47804
24943
10387
30254
31448
32563
38271
52768
50968
20399
4661
39298
51657
16892
26929
43773
27760
49765
50023
50816
50282
7048
55330
31638
11516
36661
44281
20589
28097
23328
45049
46164
23837
29829
47103
8588
48556
10479
11594
39048
12024
14333
7747
52864
51749
8436
41047
4327
48404
8945
44980
23234
26487
47548
26996
45748
13041
15350
53368
16294
34102
56107
54992
35555
8255
37100
39238
14068
17492
18686
53881
7144
5344
8597
42573
40264
893
43003
28698
46256
29128
47880
46001
46510
47454
13231
15540
38739
18108
39570
51758
35745
8161
1597
286
4336
49073
23243
46613
20078
35828
43448
25126
3989
22896
7843
42763
23326
26750
46955
50466
31200
6038
11592
30344
31288
16469
34027
19208
1244
2188
50549
52858
37960
37789
44039
28819
47972
52168
42498
31645
12208
53366
50906
33528
18709
55420
8086
382
7935
47110
26842
891
4941
46254
35401
30862
50558
55606
50303
16732
15367
30695
19730
26235
27179
46102
27350
8952
46611
49864
48749
31199
49438
8785
42761
46444
14609
51149
38389
50464
28196
23427
24087
12813
39587
4495
215
20433
21093
42154
27085
21886
24625
49770
19309
38462
36153
31898
12632
32328
51481
55164
50654
6226
55702
19822
24018
27442
7850
24277
21817
49956
12309
45847
40544
46536
50047
16476
34034
18785
11707
2195
15791
7752
8696
38735
3393
21185
7326
42246
27177
22408
9894
45244
24976
50404
15468
51064
53373
30796
37360
14783
35844
30879
50746
130
34733
4009
2894
6827
25734
21909
46261
8969
22314
10067
11182
27876
45943
50310
15883
34635
5026
4341
6479
38827
30785
20083
7168
1969
26075
24809
40288
6992
14082
35143
55010
19130
52780
39335
14620
50045
38650
12820
12649
20269
56546
40645
24632
21976
5808
49351
24715
30794
50661
8542
24025
31992
4692
50744
21290
7431
9569
27532
49537
26676
29415
18283
37035
13514
19222
50563
48935
19481
15372
17681
19990
39686
1091
32608
51761
5024
35577
43197
573
8786
27693
23868
20874
29576
46019
47134
15049
13420
14364
15558
19412
1277
30886
50753
17612
19921
25232
7778
42698
23432
8208
39592
20267
34823
42443
24121
27090
49095
25574
24459
44326
32079
16066
29507
72
37127
45950
14266
12921
17005
51770
46718
14011
52029
16149
17773
37640
37469
57052
8540
7425
35669
43289
40295
46287
49961
13258
8882
41493
10264
15312
53046
12147
47994
35517
33717
35492
8192
24209
4617
47045
23524
37909
30982
2567
39684
56127
8275
24213
22413
40994
44927
12220
13164
50747
15982
17356
30375
31569
39077
16671
15556
54689
8123
19410
27030
42187
27368
28483
43126
46550
44241
44579
46124
32077
30732
51088
38578
56136
32615
35584
23107
37893
42089
1206
3515
8284
47137
2659
37467
1974
7173
663
23620
9991
46819
47650
21820
48594
12312
35432
50760
51019
16254
37315
51528
15398
2482
8190
5559
42788
25581
46642
47836
48951
853
7872
6757
42792
45531
47669
17271
14811
50495
54428
672
5916
46035
53743
35421
8121
1273
55626
42185
28481
40840
49542
6580
23712
15148
47492
12154
39178
35524
15402
16346
49884
54251
55195
12237
17970
16855
51879
35866
7622
47419
6766
25673
46734
4966
23873
46308
7964
41940
41769
23447
25756
26871
31067
47932
16248
36115
30382
13254
32006
35430
35259
4021
35768
6159
19755
24122
27375
21412
55209
8472
7357
46640
12246
16864
35616
55028
12755
50944
16438
11899
31766
38330
34505
36280
56226
27281
6858
26959
46826
46292
49795
40667
23539
13801
35522
52988
35781
26273
39714
47334
7111
39973
46223
41684
43993
50243
35708
11653
12847
15052
10797
37057
31858
13536
36906
50585
20980
47069
22604
46918
46384
41081
8299
595
40759
46922
13100
14044
30566
34420
6005
19601
35080
4205
34758
40069
23112
5658
53940
16695
53769
7203
1470
2664
26110
7712
24139
27563
46315
40582
23454
25763
31074
46824
15061
35007
39091
51279
16000
11745
35011
37149
52477
35520
8049
11828
19336
345
50677
7364
42284
43507
1998
46221
41966
48530
14645
36821
35172
32712
5412
19952
23204
50608
15843
36904
37848
36370
33910
6610
41530
25346
24661
26970
45722
32105
33220
45805
46920
51116
16351
53684
54878
36556
37671
28163
42376
46059
44259
40071
27561
4829
29699
48622
49566
23736
53077
17197
39373
10119
38258
12428
34604
54016
39882
19251
8473
55469
598
4648
57014
27380
35802
1654
38771
343
42282
26098
23638
45814
44958
13195
52578
16698
37759
38874
16443
19696
34510
7039
11933
56515
50782
4045
47007
54715
24146
788
46322
49291
46831
4128
20296
45211
46405
23828
26797
16095
33047
37665
54108
12779
31702
55223
56417
38780
5062
2602
50258
38863
28161
5429
8398
26645
4744
5938
45906
32039
23734
30239
31354
13032
14226
53075
31863
16794
50081
17988
35546
23044
24238
44105
5761
40681
42305
3961
46923
24242
45303
40764
45812
50008
54092
16696
33139
35448
38872
39302
23401
40074
56004
2160
4298
277
29197
25088
27397
46320
46149
44804
45464
53084
11241
13379
34611
50090
12009
48971
16093
30761
50173
34953
179
33838
41458
56674
5853
26898
43512
44706
21595
28952
3627
48364
44710
52330
15085
13285
15594
53783
34346
54213
56522
4052
6361
8499
54722
53866
35544
43164
42049
50872
41364
878
7897
12018
13642
17041
37246
35901
39300
5152
5945
46064
47258
44548
275
7828
42748
23232
46602
26994
45746
10408
38547
12717
31699
7138
54305
4144
3029
52505
23051
3288
50455
52764
35636
37945
19623
1488
27243
43001
45139
12085
35455
18077
30945
37338
12623
50357
18615
54211
28089
4050
47012
25629
1419
4843
48465
23579
24944
46949
28627
40702
23324
22209
12809
51658
16208
4236
186
53712
54906
57111
14667
34534
22287
8428
35728
9088
5434
4319
26479
6887
24850
25794
26988
45911
807
19025
33497
35042
39489
15968
53873
35551
8760
8589
55756
27496
48557
12025
23416
40260
42398
48899
12367
50272
35737
33428
53804
17924
25544
30943
37086
34626
2787
56347
5526
28087
7835
21694
26742
25627
29995
44129
20608
4841
47098
23577
31197
46947
14240
16378
11609
12724
51573
49945
10390
38128
31451
14607
16382
39752
33334
35643
468
3040
41463
40098
23141
977
24594
44461
25024
27333
40352
27592
28786
6885
38460
11515
12630
35829
38798
12968
39487
57045
51846
3994
24016
374
29294
26834
2624
4933
28208
14332
15276
12282
51665
11167
46250
41995
45928
16474
18783
35226
11705
30687
1078
6126
19722
4326
7750
45238
305
5779
40870
28369
3215
41388
27684
48745
29308
47096
35128
50911
56110
12722
34727
32927
383
50460
19912
8341
466
21114
40096
56961
24083
45144
12115
12908
31126
27590
22821
30441
13313
15622
16566
35318
30779
31894
15881
34633
36942
56354
23325
26578
23584
42336
372
7925
42595
2906
27776
46528
31287
50210
51154
50039
35141
39588
50298
6041
4241
5185
6550
16472
35224
1076
1869
28284
5268
23515
9886
42497
47545
48489
11013
12207
46860
51056
11522
18174
31193
16658
36241
50738
2093
19906
8085
41489
9308
25476
23676
24106
42687
24365
27868
45426
40887
30185
45935
43626
51246
50561
14681
5018
1594
39425
33007
18873
10601
38569
5022
7840
46952
14074
10420
11614
19122
27774
46526
49950
23949
12303
14612
53461
30884
32508
40128
19748
2214
4523
5717
5183
23430
20006
23259
24090
46629
40896
47034
42779
23513
24457
48487
24966
11011
11804
50653
34469
10948
39517
2116
3231
5369
17771
34214
13662
50736
21282
8083
50995
5623
8876
48051
22221
23165
25474
24530
44226
41996
9815
42426
45850
50046
11456
26672
13510
14170
37540
38993
27176
5275
26491
4590
24975
7158
8273
25405
9467
398
47126
4957
46441
48579
22920
49694
14356
19404
37192
38386
50745
30878
1014
4517
15554
30882
57142
18802
1782
9290
2212
46118
24372
43124
5974
46886
19056
26764
46631
35323
11802
38576
52960
35582
37891
36776
56643
55528
28383
7676
1713
23080
24274
44141
46450
402
48588
27013
29322
43285
27272
40825
46024
7680
8874
2911
27781
12139
47986
35509
39593
34824
33709
16502
18811
1106
4530
4359
15646
35513
30974
38482
12652
36173
20272
19838
23011
27458
4613
42786
45525
46185
40986
16580
26856
49692
30367
36530
19402
22057
43118
25055
26249
6657
8966
24904
23255
27873
39176
15655
35067
30983
56128
1090
32607
34382
51084
52278
12744
33805
20364
56641
42878
23612
29604
42623
43817
52097
25754
12137
15561
35507
39591
13761
32513
1104
3413
23264
27882
29506
5046
7355
9664
41331
45014
46208
29001
7864
42784
24462
32082
22946
15747
46976
51343
54596
35159
11638
33814
34474
53226
42094
56479
2405
55535
14636
15296
37472
12836
56224
35672
8372
43292
56733
3603
47225
8881
41492
14455
52189
42690
14200
47567
53387
30981
19052
34664
3255
4449
6758
24471
26780
45532
28404
9756
27548
7956
25498
45615
47390
49807
51694
52888
54433
35255
11734
40131
41075
760
46123
6664
8973
23262
12238
45776
10697
39266
54594
55024
31503
39011
34756
19937
4712
7965
49278
23448
41006
34839
7710
9848
42459
8199
24137
3601
40830
41774
48167
22337
49282
27899
16253
42713
50333
33205
34320
34149
18136
32349
19760
31664
51531
5303
8556
23354
24298
21838
49977
11136
35166
35704
52377
38673
55116
54431
56569
23711
1810
7097
4637
587
46121
12236
15660
30303
54617
51623
15743
16687
14378
54592
11918
37748
50767
34754
42374
41259
46307
6598
28
7963
48082
45622
14197
34064
35258
36373
22619
27897
47764
48958
35003
45964
53584
10626
12935
18134
5047
8471
23098
9239
6245
8554
4900
20897
679
46213
46472
46981
50776
31510
12332
50521
15585
16779
34337
38955
19518
51974
5237
34846
54713
55907
42466
23200
4552
8999
23797
44858
12151
50169
14289
47063
47856
36039
12518
50423
15487
53676
33045
11833
6254
56924
55559
38602
46222
23361
25670
43057
50765
27044
6337
26188
49558
26
45904
12341
52384
14988
31861
37060
14733
15677
34429
53582
10908
54012
56321
13877
14992
32629
21497
54805
40249
24236
594
5838
45806
49890
42812
45810
31254
50006
47948
15579
33137
35446
19433
50774
53513
55822
7799
8400
27136
7544
29019
13118
46656
35010
34154
35098
12942
5054
54359
50171
53674
11831
39799
24328
5396
48358
28495
49556
13024
14218
29718
15592
38962
56065
50866
32544
4129
13792
53605
40164
39901
23829
22351
8751
876
7895
41871
27996
46748
54113
19177
5146
53766
11923
55311
5150
53511
778
27389
44003
3350
43147
46571
46145
25877
31697
50620
14569
15684
35096
19617
56157
5336
34945
35889
24243
2342
1227
22443
25696
43504
50962
4225
20393
8843
25441
968
27579
21332
28518
36138
12083
13277
33144
11932
11506
35536
5242
40162
56856
44354
11325
46237
23831
52057
49999
12523
15776
34528
184
33843
8397
3628
5937
46056
23650
38695
26218
4317
33926
41546
49054
24418
3632
46060
47254
42999
23733
26986
12709
43938
39199
51558
15678
50080
18417
12684
50873
31436
4136
34860
34689
38543
19106
31695
53871
3025
35887
54810
24241
45302
46246
45899
45135
46500
49753
12106
45644
48897
53264
34595
8489
55656
23742
37593
9178
55401
44098
36478
21007
8493
25091
24940
23825
48970
13916
18430
55504
4228
16630
16459
12805
50710
15774
32217
36835
1493
9109
20508
28016
7994
25786
42229
9618
28525
36145
26475
45227
49845
26984
46851
12707
37852
53101
56604
56070
4134
1140
22719
20669
8585
26832
3816
47188
23667
9808
11165
13474
14668
11674
19182
191
5435
36418
30685
37078
39387
13557
34618
50097
1585
27678
4833
28108
23569
24684
43436
46939
10407
12182
24767
32387
46943
32132
34441
38888
19622
7479
56955
1516
24077
43000
46253
20423
21617
205
1491
464
29384
4230
28269
48136
2714
9107
20506
7992
49760
5683
47960
13566
15875
11766
32293
35032
11511
39479
57037
14764
50360
36485
56352
12964
31716
20584
23323
2616
46497
18007
41728
50037
36333
12812
31794
15781
54400
11956
30708
6377
52600
22031
20515
21709
28023
556
26223
5266
24707
26482
22907
29221
26991
11520
13658
15967
51563
34719
34185
35379
19366
11603
13912
38377
50452
52761
54899
6024
35383
55500
56444
4508
39316
27069
35892
24075
26384
46251
48389
21615
23390
27607
35227
19214
26922
47278
13055
28805
29920
36425
31886
12370
39394
5016
35569
36934
19556
38308
281
34884
6469
5525
23067
38817
2531
46437
5784
22916
3475
4840
19810
7667
25630
43017
3558
46950
902
15266
53200
53029
55338
17320
31283
14155
15270
51229
15099
50544
54227
6375
2721
23849
31469
12203
46685
30784
33523
19648
39231
5083
21021
23159
3567
35915
19902
1767
32921
5621
20674
7759
40541
28182
1512
5959
46078
45927
13049
42933
19212
10055
38194
12364
50553
11963
30715
45931
53551
35058
37367
39676
13846
50386
53889
35567
38991
56628
6467
8776
41387
40193
23065
9206
27683
2813
21549
49688
23858
45750
45579
29566
37186
26572
30083
51144
12554
31306
17602
55336
4515
39323
7484
24082
40888
4490
40633
9112
4857
45940
33267
35576
38315
13145
14089
16398
35321
11629
12460
50478
20080
4421
46527
5874
44477
34025
10504
30968
12646
52689
11961
31907
24174
45235
20520
35849
40216
1872
24203
27172
41669
22403
25656
46183
40984
42608
44917
43723
50228
12210
15463
37184
11354
35668
17346
56729
33104
35413
54395
19229
1265
39605
53818
21111
23420
43116
45425
21904
43625
44569
46878
29921
40631
41575
43884
49083
26756
5970
23762
60
31382
45767
36259
19302
37090
53896
34380
26066
399
5280
6474
56894
2820
51591
52785
36772
7163
42083
19928
653
27264
4703
23439
2903
46809
43022
47469
23948
52095
30883
12561
15300
56287
12135
14444
15638
35505
38474
12644
32511
34820
33705
8180
23003
7065
7858
1611
3920
4864
23771
49709
41667
49968
48490
43721
46974
51341
45859
53479
19144
51679
52794
35666
54418
19653
38405
46025
4257
23164
45340
34555
42175
56731
28471
42684
1801
48676
29410
27101
44567
46876
52187
35230
49615
38483
12653
31405
32065
7074
50132
53385
35063
38566
53894
48069
24548
3762
42615
44924
49267
25746
26861
30881
19236
50577
4011
35758
39612
56285
4520
22062
15895
3238
5547
24454
48768
42521
50141
33013
51594
10945
46972
14094
19142
151
33810
33639
5199
41513
3937
86
16589
35512
21210
22154
23348
1447
11540
44409
14793
5301
395
4445
7948
45607
28229
25999
44922
34049
35164
18036
33364
35673
36103
15835
50066
19234
1099
51690
36871
20799
46115
5462
7771
40382
3946
326
47568
49113
44574
52194
40920
4351
22936
42803
11119
13428
35070
36264
30301
51592
19929
54331
4170
21302
55784
1539
19140
56214
8362
2228
4537
42881
49274
15051
46280
44764
45958
11735
50584
52893
12395
34571
32262
13618
12140
33201
34145
36454
38763
37648
51782
52976
5045
39702
4360
54859
20636
22945
418
27200
42357
48520
22519
7696
49973
17095
34047
10526
11641
13779
35671
6062
11979
19487
56732
22338
25762
3861
55112
38498
14977
55905
56565
23536
43403
49111
33210
49904
31410
4110
51106
42801
44939
50421
52559
17109
50759
32437
54613
40057
23100
24044
1028
8899
23188
42111
2652
46558
7700
42620
24386
27889
51267
56315
19241
7098
56574
31938
39446
47066
5298
23545
50949
34936
23119
42272
56657
8296
3527
23628
24743
20634
14888
34755
16433
39098
5229
19769
494
6853
52905
20027
44512
22595
47339
8995
43401
46654
47848
11316
13625
30298
50165
49902
11825
55213
32352
26097
39538
47158
23637
54866
8300
51872
5135
54611
8388
41170
3619
40848
4279
8897
23186
2934
47671
43562
45871
51182
19519
11477
21924
15840
15669
50071
30997
54004
39699
14984
6152
4636
27226
44070
24996
8828
3525
4640
44437
29618
16177
50257
15492
14377
33300
50766
34753
17909
4288
6597
23729
1294
4033
5227
8651
27387
23278
43145
47763
35261
11569
31152
33461
37144
34150
36288
33828
34943
5843
48271
22441
1734
707
44162
22950
4732
5926
41961
13016
15584
11475
33651
35960
53856
30995
50862
4125
6434
7094
23032
47062
24485
47855
16092
46999
11832
12776
10467
39036
15515
12521
14659
34242
39119
5142
23218
54447
46054
4286
45198
43398
4824
21422
23731
7793
10907
54011
12682
16615
1219
20126
52299
17304
36286
1478
56153
24068
5841
6785
42899
43329
46753
705
27316
20923
44953
34251
38698
19432
11924
17123
39128
12868
32451
47951
10304
51971
4040
19774
3718
27394
2240
46146
8996
23285
42037
4916
27477
46400
47344
46229
7885
43235
46488
48797
46997
54103
39034
53702
1232
32979
51902
4735
40599
5679
19705
9078
5424
54729
6084
8393
41797
9616
23984
42736
50356
32034
33228
55404
31178
46928
50439
34426
37679
3017
5326
34685
19866
24233
9009
27486
23377
3785
42388
24066
26375
39816
47436
29114
23915
46751
29907
30679
19714
11672
13981
31618
3633
26194
18603
6969
23567
46937
29809
43943
15683
16113
18422
36318
51646
15766
34518
35633
19620
19449
50961
56160
12772
33833
53700
1230
22275
23640
26893
46589
27323
971
44025
44534
46843
38279
12449
14758
34341
11764
56346
54037
30516
10649
55402
5241
8494
54546
56855
25092
20323
34708
35368
19355
50696
6268
2614
26290
9007
46236
22715
43242
47689
49998
16205
37496
13975
32193
16180
54198
38185
12355
50260
52398
38978
11670
4316
34869
3631
21707
29215
22367
42234
26985
23991
22905
23565
25874
31185
46935
43941
51561
34433
16111
11856
19364
34692
3817
5592
6022
11939
31806
50788
20390
6531
7475
9784
4481
201
28006
710
41818
13558
19721
44816
13303
14247
31091
30769
11253
39392
50636
55150
19270
5523
4408
33767
54828
1414
46151
47095
44635
3982
5072
7381
4921
47178
43524
46493
15773
34525
17147
19456
34784
35978
17656
9108
25276
4740
3375
33414
38976
53619
25359
4573
9621
10147
31208
19813
34177
50728
34715
50194
32915
38907
23666
44727
2959
26405
28714
29908
23411
47
45925
34108
38192
11247
37077
32308
34083
56088
39131
23059
38809
39924
1158
37615
50634
4582
53887
5012
37874
54317
9204
44124
43009
46433
4665
47093
9713
46942
29564
19371
46775
11437
30590
13746
34807
54219
19454
11946
50795
15800
22305
44026
45141
20505
47279
5682
28013
43341
28806
45479
46594
29466
23503
1602
47533
6880
11001
44368
49416
38284
11510
57036
34630
18446
2106
16646
24266
15961
53979
5104
19644
50985
4248
8866
24349
5872
47185
21355
8611
42416
26403
34023
41731
18010
34532
46867
14160
13045
38190
12360
5265
53626
18861
2805
26481
300
1949
8513
27249
4154
5348
23061
44122
28902
45575
47884
31190
53195
13661
15970
16229
19903
11861
1513
3822
34805
12888
33949
27072
53816
7480
3655
43623
42508
13054
27610
12198
31121
35313
50641
31204
19638
4413
34966
3048
54833
38820
43016
46440
46269
6981
4672
20439
49008
7411
44640
45584
6555
8864
41475
42590
25462
989
46523
45158
36159
12638
50293
51487
35474
55341
31820
53541
55850
9113
12642
56109
19828
55424
7572
40183
25648
8002
127
13146
12461
48567
18027
50733
34549
54416
54925
998
43108
20702
6647
42682
43112
29237
34113
50385
10851
55433
12989
31912
19553
38305
56627
15728
55942
54577
37620
9205
30801
23602
54831
43014
45323
20437
22746
10244
12553
49774
24888
14436
11442
12386
56024
55168
12895
39948
44315
22398
40206
8710
43204
45513
29329
40974
46966
27700
33011
35320
19136
19645
50986
5364
38656
4253
5197
55867
23160
45165
46359
23953
29152
43365
12645
16328
49866
10595
15643
51068
50383
35848
34370
56909
39247
2810
4948
3328
7946
24544
4952
48574
45580
36072
32247
18543
17428
11695
33871
12918
54506
56815
579
24196
42004
49620
35064
50392
21819
29327
13426
44655
46964
52275
49703
56208
34462
2902
3846
43021
27801
27096
20018
8698
24636
23951
43647
18126
32510
34648
5039
38502
50406
53659
23261
30798
57058
34652
56907
2128
32852
40472
53913
43720
925
11635
18028
31047
44747
14178
52367
36354
32245
35498
18541
30900
54759
38746
43113
46366
4598
318
43906
12143
3942
21734
24987
35062
12485
13850
51613
15733
34999
23353
11908
10430
50757
15992
12568
20188
7160
4529
10078
31310
45161
24893
76
18124
5037
31936
2043
23088
2836
29251
25142
4719
47147
6494
46462
22941
29334
12577
15316
30644
4538
39346
36352
10522
37296
35496
48164
4087
85
40910
19327
10341
11285
13594
31402
29524
12508
34400
35344
37653
17022
19331
50672
54605
19840
2135
3250
34997
8127
45356
28228
22240
506
21918
27117
47748
9834
35246
38499
11191
32252
55622
4096
15383
34135
39697
12923
55455
30819
22426
55964
23879
8826
12233
41946
57074
30388
13431
50764
19932
1033
21134
26696
43139
515
56839
4540
6678
25585
2740
23785
14277
17016
19325
5044
16331
54349
19584
18469
54520
33797
52720
15475
50670
7186
24318
46039
5386
23633
21324
2926
27032
16008
35161
18317
31336
13014
47496
12158
13523
50063
19515
12667
56055
50856
55370
24479
43402
20541
21485
7626
92
24988
19857
23794
1208
47060
24733
25677
45260
45089
42629
15484
34495
17367
38428
4451
5395
17112
12857
1286
38687
50762
4025
39626
4818
26185
47246
1031
54954
1824
44252
43137
11223
36197
12676
31428
27892
28322
42819
12421
55203
13874
50948
16613
17807
5042
1217
9234
21577
24316
9493
2415
26091
47152
24575
43327
23890
12073
32019
15321
18574
54170
25079
15580
16774
35526
19513
34841
23024
1123
21508
7879
1916
45538
90
14284
55212
23366
42118
27984
50247
15482
18221
56410
31240
16705
55554
54439
30918
38426
14905
46046
4278
22525
20216
43052
26208
28517
22784
23214
42196
3622
22867
30487
11221
10365
12674
30232
32541
4126
34850
15413
17722
33735
23033
54262
56571
18411
34933
4209
38616
1215
3524
22431
23375
29617
29876
24573
23458
3866
8914
12071
15574
33132
38694
11749
19257
7285
54452
2516
22617
43144
45453
29440
35783
7368
27390
20312
22621
25590
45286
49219
12257
35093
10457
55039
19080
12766
15505
33293
54354
55298
3533
46993
53498
36291
12770
172
34491
6076
7191
55552
46044
43050
26715
35279
16013
11758
54202
49835
26974
45726
29713
19011
45985
17211
12956
19349
52999
4124
7377
23031
38531
39725
4383
5577
55997
9431
42042
24484
46660
44351
43236
5322
35875
54627
871
24058
42125
46743
20913
49996
42918
12520
26905
11405
18057
56246
54446
31869
39377
34608
36383
37577
12862
19255
4030
17739
36892
56588
4823
3458
26190
5767
21421
41117
43426
6706
12172
27922
25872
9704
44624
43509
47593
35116
31692
33316
18247
39308
35884
18756
1222
2166
53951
8408
24576
43328
44443
20922
8667
54719
1990
25265
2420
5673
7982
21156
44526
29457
45979
11756
30508
54538
35281
19802
10645
5066
6181
54542
48287
42040
31016
25964
2948
28703
49994
15771
32214
35183
16710
1314
31867
21165
42226
3882
2767
26213
4312
53617
39913
46418
25866
42309
22872
49925
11848
31715
39223
4131
5075
51127
55745
19101
12537
13197
37682
39306
54634
56943
2164
4473
48379
22720
22549
24858
44441
45385
47694
20749
46750
26912
17404
35192
7980
49577
23747
45
28002
12101
45468
34081
11754
30506
3206
34590
53342
38807
56595
1406
54795
2859
8058
3974
4404
39212
4663
48285
23570
44631
2863
45291
11602
19110
31014
15001
18254
19448
39315
16454
38630
24074
37515
13460
15598
53787
19452
35974
19961
22812
42224
45477
21956
43677
51297
29973
49669
24670
8502
43422
47869
48984
19354
38106
50695
23149
43525
33855
5611
54916
38903
24347
9010
40869
48377
24856
44723
28539
42923
43867
26910
34530
52426
19970
18855
37607
32304
19544
54818
38805
24249
8511
40007
42316
3972
29556
8849
43940
46508
46767
51393
19901
35380
34265
18252
13997
31805
37004
30949
24072
9357
27604
50791
4054
22301
46331
43166
47784
30004
51295
32822
31457
14500
54827
13644
34705
50977
56176
5071
37703
1246
40784
728
43782
31021
41982
42412
50032
12636
18344
19288
30703
5257
52424
9111
50908
42231
43175
50883
4146
28101
29554
9962
50193
10488
51132
16196
12542
56009
16989
36572
54130
13995
53808
19987
47190
48384
41306
44730
26746
34366
42504
44813
34111
16127
19551
4155
21262
8347
1670
34962
53714
56967
24089
3553
23938
43521
45830
46774
28452
11436
11945
54218
37011
31812
8170
54222
16826
24446
41290
2545
46167
20337
9902
42513
26329
12453
43711
12286
15789
18528
4247
33856
53723
18787
44215
2447
3562
5871
23663
19726
56266
53806
24352
2451
1336
29400
20243
45672
10334
54231
30710
56369
37103
35053
36247
50381
19378
38301
4153
6462
22229
22400
5097
132
20429
28901
641
10236
45148
47457
23936
12378
35748
19735
34099
32754
39147
46082
20252
4343
24444
42002
23588
3996
4162
49701
35145
31036
56715
31829
39337
3051
5189
54665
24096
3389
41048
43357
47211
26488
44046
46355
4587
21719
28542
16295
36162
18633
19827
3237
53907
55682
50913
20344
22653
7429
8089
34988
6744
22227
47372
23851
45856
15287
11178
32410
33354
35663
19650
19479
3139
4254
52081
11716
13491
14685
35746
2028
51504
54757
1343
316
46080
20250
8529
42255
43449
2796
42000
44138
46447
28125
32429
19919
52012
11877
8098
32938
2644
3838
9037
19923
4527
27088
56972
24094
46270
20440
8719
45948
13241
27626
9550
49347
13579
14694
50290
16318
31646
39154
33955
17007
32335
34644
18631
56365
5544
23336
20626
4688
9736
42347
45771
14087
10433
41662
19135
43971
39002
46798
15285
29841
35152
10516
11631
34296
38400
39344
20019
54672
20528
10858
56555
4085
1625
8018
24186
314
49101
42253
44562
49610
12477
31400
50382
34198
11792
38052
19408
37196
50749
8096
38419
31742
34995
21040
23178
9319
42101
8634
23687
45863
930
27541
24376
3840
3669
9832
16492
31135
18909
54505
39436
4344
5288
28128
34642
5033
54338
39519
24278
25393
406
4686
28641
49702
14114
33096
10690
46796
30895
11458
6050
19759
4534
2734
23950
8726
41337
45955
45529
46189
81
43900
44844
13590
30033
36789
55712
11790
2127
32851
52547
54856
16667
53912
24287
415
34734
54601
37987
30909
3325
5634
24291
23176
3584
5893
46546
28224
12323
29677
12
10523
37297
31050
18824
52111
54249
38236
27906
30194
50061
52199
30987
38495
12665
31417
50399
15404
51000
36695
11980
4626
7595
37918
321
46198
22677
8818
43738
27725
28385
40744
41938
26869
1715
25391
4968
45087
42627
27808
10258
13682
14876
33094
55270
19390
3334
50501
507
4787
34576
19757
22608
21130
8215
47753
8724
10106
43644
54003
11730
55456
19576
31935
38328
39443
33025
11813
17012
5040
17805
19580
30824
18465
26085
4184
21316
55798
27024
22940
7432
27817
48344
8885
23174
43041
23967
12321
26706
34326
31332
30217
35779
16513
38518
2232
32785
33979
53846
37833
1376
20817
4115
23022
3430
47052
23531
24475
603
46196
23790
13167
18215
16165
54070
31493
45878
15480
12849
4017
33376
18557
38424
1023
3332
4276
43300
43129
42444
43388
29684
34051
43133
47751
48695
35078
11557
15411
18914
19858
54260
53145
15920
53938
15749
23369
54598
1468
34931
8291
4182
23623
45628
4975
44150
7714
42634
12065
17113
19422
34579
53502
35009
42717
50337
29957
13772
30215
32524
35777
20306
7792
23275
8222
43142
39969
20815
47589
8731
45960
13082
856
29012
8305
50498
37224
2416
16956
20208
3076
24292
33374
8383
7268
52919
4274
23181
7806
42726
12157
27907
45695
29682
48434
56054
12666
30224
38525
39719
50688
3007
33731
19856
5575
23367
37923
2581
45543
27221
8823
41434
42378
948
49735
22256
25680
48879
45092
33124
19249
33383
17904
54444
56753
30923
1030
22075
20304
4366
53842
8220
43140
41624
32091
15247
17556
53152
38617
17301
19610
12762
56150
4214
39022
53519
22006
39815
3358
22265
1558
27313
6606
40332
20039
48178
23463
42215
44524
7804
23972
10810
34840
16347
19771
52736
1381
50686
31420
5064
34673
53425
54540
25165
3264
22705
44176
45541
437
18504
35177
54100
16170
10036
33406
50079
50250
35181
11660
56242
18053
39114
54442
3621
5759
20048
9158
22866
25605
27914
28858
20302
49385
46391
11562
13871
3014
31258
35876
53434
38615
5582
53943
4212
5156
7465
54632
56941
55826
24063
39813
1047
5665
29111
42130
43324
27311
28255
11239
45892
10554
11748
38008
39123
15602
54451
54025
12946
55219
10637
39206
16629
35782
2064
20311
23280
9421
45285
352
21764
29272
20649
28157
40516
719
46483
12260
10289
33830
33659
16452
53526
54186
4304
34857
5248
38711
55384
29203
41107
7811
43675
29971
31707
54543
12529
43758
13360
51378
54117
3012
35874
53432
54626
52317
4465
20403
29105
43068
46492
444
40867
21601
23739
46575
21860
23998
12352
14661
50086
17400
19538
12861
50879
14999
18060
15600
30757
13888
32811
16627
18936
24247
55476
56591
20138
9703
42314
47592
8847
31006
17302
18246
15252
52326
34004
48790
16446
31010
54209
11936
5163
4048
53524
18588
1054
3363
44016
1847
536
47014
49323
44784
2252
46158
29201
23297
47782
21952
12444
11588
18945
4380
53685
19350
38102
54908
53430
55568
9002
39555
4747
47175
8146
2947
43066
442
27053
41721
43859
19453
4057
50109
12350
50368
33670
31870
1146
4570
119
21702
24671
41114
2770
46676
28354
8762
43682
887
49390
42312
43256
45565
28437
6
12536
43765
51385
17050
16728
10995
53777
6355
24861
27600
46582
49321
33249
17236
55141
56085
31620
31449
32564
30000
21001
38810
4662
50714
3547
28446
8854
42830
39837
42404
43348
724
28700
12094
49849
54216
19451
50792
32470
53531
52416
54191
3370
28010
19818
36662
54049
15709
16824
23329
4397
24953
9445
43171
14589
50185
19637
56177
31712
36055
12534
33061
16217
35199
19186
3301
56690
42413
8153
8946
24688
816
22888
11242
34362
47803
33247
54308
19543
55423
53114
15718
54567
28102
52767
35389
11868
19376
56959
4489
23396
43263
42148
49505
8852
10234
30610
39312
31270
46599
11432
10576
12885
19278
54214
18593
39654
20329
23753
42505
541
21953
20588
11251
54556
55671
4679
46163
46956
19126
42847
50467
31201
33339
34454
56968
3554
34537
19468
34796
53548
42411
44720
3896
27342
29651
42670
49856
10835
38210
31362
46862
11524
10668
15716
32560
5089
53621
51312
2800
20342
22651
21536
41403
26050
20851
7936
40547
21795
41912
9026
20425
12032
12541
19193
32746
33861
50304
16733
19986
34629
34095
18616
34888
23242
22127
54471
23751
25889
45756
42762
41647
12193
27943
11078
13387
49948
17241
46954
11616
34452
35396
53204
54148
39329
3043
6296
3836
21094
8350
21887
29395
2725
24092
27595
44038
220
11009
16316
49854
35298
55165
30700
19285
3229
16825
54480
50905
20336
17514
19823
32842
5087
54563
29042
41401
2886
42061
27526
7934
26841
12285
34461
17333
45852
12030
10514
11174
35488
19475
38227
50302
54920
17675
19984
53555
25295
1619
43103
4588
22835
21186
23495
567
28543
29487
2817
26493
46439
20609
28117
22384
10416
17068
12984
31736
5096
54572
33619
35394
11873
54146
39327
4519
54939
22232
38926
4778
29418
20432
44746
27618
13492
16231
56274
18114
30018
31133
32327
19567
2033
32586
17767
55956
38828
25387
9219
28126
21278
23587
42510
42339
830
54845
8108
1431
404
27015
28209
3569
4684
2884
19131
12283
32150
39336
5188
53470
56973
1534
24095
38651
223
34826
51499
34292
5192
20015
9125
44045
45160
42700
43189
40900
11275
11784
19292
54057
35050
16406
18715
19830
54061
56199
31734
39242
30540
53910
53739
18974
54570
922
26418
7941
54937
6292
26677
27107
7515
8709
26422
14175
28731
34042
12659
19223
33695
55871
38743
8019
32609
34384
18905
19565
39432
15911
2031
34893
4340
53645
55954
56898
8023
9217
41143
44396
20875
27268
41936
35397
19384
42341
44650
35142
11621
50470
18807
36595
31826
39334
15813
5186
56971
41329
7240
2985
26431
29934
49096
23266
2730
3674
47296
21466
24890
44836
14805
31478
50401
53654
1184
14780
34476
50998
54852
27022
20174
920
25222
49536
42688
11204
40917
19221
12657
33718
35493
53301
30724
38232
53560
1624
9132
39685
29517
22669
40227
9925
1883
43196
27717
572
21984
20105
8021
41425
42619
43734
10171
31232
35679
38418
31741
51437
16672
53746
38927
50752
4015
17611
37307
39616
3330
3159
8207
43127
503
27114
20266
23690
40133
7522
21381
47319
11981
10102
43469
51089
32616
39009
33276
10870
30816
3516
1716
23083
29075
40319
6230
9483
43288
664
8113
43033
20456
238
8906
23959
25504
12572
16505
53045
31833
5193
54498
30213
34831
55187
30722
38230
6391
21214
27206
23782
28830
29774
22671
30291
46985
937
35168
32708
31059
35677
53235
17355
54429
39531
38416
20206
53744
23175
8122
247
20181
54942
22064
43125
45434
4781
501
42440
27905
47317
12664
19057
31416
55446
15912
4091
31391
53396
37917
8024
54619
17545
18910
38606
18739
2149
53934
37921
42117
20905
23874
7706
44935
27557
28922
31068
52300
42630
49023
13255
14199
49816
36091
12570
12399
51018
56296
54951
8214
339
20273
24891
41334
1111
55978
27204
28148
23780
852
12756
31508
17270
30823
1214
31767
50519
23090
11645
39020
34481
4721
54686
42209
56995
46293
47487
23966
42718
29958
28480
16003
47232
31331
19339
12662
31414
39715
56388
31673
53928
16854
24474
1458
602
44679
23104
1203
4456
52817
23363
42115
45368
3771
47677
42908
10201
8648
12339
41430
48616
49731
39108
53242
36114
31859
4275
31604
56578
2504
54778
43132
20555
41616
47583
49892
40505
11560
34759
11898
1212
26111
27305
5404
2410
7972
48091
23455
24399
1554
527
27138
27647
32014
35267
11746
18310
17454
19763
38515
15938
53843
54787
52478
18143
11829
39204
5056
36974
2062
39972
43224
600
27211
20647
429
45792
44677
33290
19160
30404
56234
33657
13961
12596
54718
39365
54693
252
21664
40416
43840
42191
3446
52922
22353
21238
55891
9154
4899
44074
46383
22862
12160
14298
10360
53426
16352
38607
30565
31680
50432
53935
54879
55309
56140
13696
30139
3348
4463
23199
43316
21399
42631
44769
45884
46314
48623
10546
46573
11235
11744
14997
31611
51023
53332
54276
30755
51816
3171
5480
42308
38772
46392
344
20562
7363
56668
30838
1229
7901
22954
42821
31513
34766
37505
54178
31772
32966
39280
52833
16953
17897
51718
16018
37480
11650
32711
54716
16527
38703
31855
23462
42214
3870
21946
48206
47521
49830
18146
19261
31165
16096
42556
50176
49913
11836
31703
39211
32363
34672
51115
54368
53683
55992
28162
41715
24053
8653
26900
45882
32720
39113
52132
11997
15851
18419
12686
4138
34862
54808
54274
39910
21245
22189
41112
1653
27237
8839
42565
27746
30063
31257
709
28435
28944
39303
16442
55291
52831
38956
2499
27139
28254
47006
19778
23460
23289
43156
3697
21944
9860
16119
49657
11751
12695
18937
20139
35639
34954
15517
7199
23137
1236
3545
5854
20143
41204
27500
20652
25529
31011
33149
21850
32038
10826
11486
31353
33662
52414
16534
18843
54723
55383
31862
4562
1138
52923
23298
41106
9610
26037
55921
1142
115
29544
47102
25719
42563
50183
31710
30061
15526
18495
30854
39556
53005
55314
54120
5153
19693
24060
38445
46065
8151
21688
41805
41271
43580
43154
28619
530
22886
48202
19086
31445
56590
8337
42313
1489
20396
7
24250
24079
23135
1234
3543
207
20141
23394
22279
44455
28442
8850
29895
41970
51214
35201
30946
38454
32829
31351
16816
50103
14507
54721
38537
4389
20327
44357
45472
26828
19095
30510
43246
18009
11332
16209
17324
34961
54373
30852
16977
22288
24597
29645
20488
19975
55571
2441
4750
1326
46063
21177
42238
808
7827
10040
13293
29987
48910
31189
51306
54730
54559
53615
12716
50621
27932
4398
35552
17230
19368
12691
34696
19877
3287
32896
9700
42311
1487
27242
28186
22987
7650
10568
12877
18076
33938
16731
53805
55580
30944
38452
46072
2788
44272
28088
38819
1418
2533
47099
22634
45299
7919
29286
43954
41645
49662
14324
15268
12808
1237
10474
55056
12783
4235
51402
54655
2719
37527
45147
28019
52855
8427
27334
49339
42662
12093
47710
48654
49848
12886
42236
48737
16030
11775
12969
30527
56357
15708
31187
21019
54557
19792
1427
38544
50903
7135
9444
909
26042
34694
7394
4934
21532
8333
43253
27240
6817
48301
24609
32229
11677
34797
16475
30688
2444
12366
15790
34542
33427
33686
53803
18867
39928
20069
7325
22378
44554
49602
8778
25885
42328
27430
41643
33250
54311
11867
10923
30619
16122
4150
50202
52511
1519
38636
12806
208
20426
56703
56962
39834
9369
25307
29925
46598
29391
25816
33436
31636
15623
1342
12458
34634
17506
18621
11773
30525
3225
52701
3734
27009
6987
9726
1684
25209
42846
27777
31029
16131
18269
23668
43535
911
27522
26407
10506
42850
12281
28975
35989
53547
36419
20518
21178
38987
730
27341
28285
3131
4075
52436
19980
55689
1615
304
43187
29483
25908
11782
19290
16659
52255
53370
53199
51399
34192
17064
31732
1008
3317
39240
39069
39578
47198
8340
8169
1776
465
6824
27076
22992
42938
22566
1859
46596
20766
49335
10064
16056
10857
19559
31918
39426
5278
51501
16565
53639
54754
24185
38741
1340
27433
38824
42335
655
54147
10759
11874
12304
31286
15807
52347
17582
1526
9034
36334
31031
19465
39332
4069
34793
53545
56798
44037
21631
52860
23769
5693
24708
45494
30023
54053
39518
52537
16657
21024
1432
31985
6309
8618
8084
27525
53735
38916
51935
21366
7507
24790
42427
26414
6822
22990
11173
31040
54239
11966
30718
51245
36426
11711
37541
42940
50560
14680
31123
34376
19557
15903
34885
23068
8015
38568
37624
46188
2282
42250
9468
570
46697
29490
10165
17522
42617
44392
29573
37193
55089
31568
15555
17864
53460
27108
20431
34816
42436
24114
8176
28732
31822
3407
39330
37814
23258
54487
46094
20264
41325
2981
6914
28281
41834
49342
47826
19566
16572
36518
33808
18455
30814
16939
5368
33783
36522
9222
44142
4683
27014
403
21281
23590
43286
27273
48334
31318
27782
29156
49532
11964
1107
37030
5191
51243
54496
3391
24206
26515
30720
2305
53919
46186
22665
41417
32168
53400
37216
54060
50235
15470
52544
53738
13670
33366
16238
30906
38414
1013
50318
53742
39867
5890
4775
8458
43378
24112
328
46092
20262
46885
837
27448
49624
35068
32074
33268
54329
30808
2030
4168
34892
53644
8022
23075
20081
8531
9475
38320
39514
3057
4172
33781
1971
17103
24811
32431
30631
14447
16756
22067
16501
38506
53834
17954
36706
30973
6412
1873
49178
46184
8804
9748
14099
29849
49716
12299
31222
53227
10954
30366
32675
52542
8114
38667
43034
9058
53995
8907
43293
39356
3070
2748
39865
47485
23964
28048
42716
49109
9571
44491
752
24903
32523
16339
11971
17170
55188
12401
20021
49622
12660
53133
30556
39258
20104
21048
35604
54586
42109
1456
22672
8813
23102
25411
27549
30116
9047
46276
22755
48614
34567
17189
38421
31573
4273
52634
53578
17698
1813
38930
36621
502
27113
20720
28057
42441
38504
23263
45268
9663
43468
47322
48516
42783
19062
31759
38323
15746
49714
11637
50486
32164
16151
11896
38156
3857
53993
7256
43291
27812
26956
45174
22597
40405
45967
11460
11289
31156
17452
1112
50417
53841
17961
2565
8557
39711
21046
37911
9755
936
43990
42875
16160
15045
38415
15838
50240
29860
11729
12844
32256
35680
51008
34565
30911
37304
15842
55885
1811
3949
39872
23971
27904
588
46122
49375
3953
47575
32104
10187
25937
31248
33557
19853
31757
39265
52818
2657
7705
8820
54167
11894
3855
4799
29439
22762
27810
27639
28754
12398
51017
57009
10627
38002
16619
51021
54524
55468
14819
22439
53668
2847
8046
1198
26802
4901
851
20898
46214
9244
8129
425
22952
21837
11135
46982
28660
49721
10279
12588
31511
53491
38672
244
8912
54430
11986
19494
31853
39361
9146
46375
28053
46913
16344
18653
54533
38520
12519
13179
11834
10185
10978
54082
39547
38603
37238
32699
30561
23362
9503
21846
29354
20197
42373
28498
1828
9336
26698
41003
517
29437
49304
18050
31603
15419
48957
56577
39449
38764
336
41615
53157
10884
31945
39453
51812
47073
20128
28600
45273
340
8837
41448
43757
11050
1989
26800
41957
32449
15242
19689
30570
14386
10277
12586
4038
15325
16440
19943
39639
30653
32962
3353
16778
24398
526
46290
43659
8998
40665
42210
46657
29529
94
23796
8743
45972
12150
44857
10634
18142
11294
30046
55475
38347
2061
4370
55984
2854
34497
53420
38860
8136
46480
49048
9589
44680
27836
12595
15334
31856
14478
19526
55122
16532
18841
17726
30745
3445
52921
57005
17985
36737
27400
4898
29538
28060
44866
24235
25600
40757
48265
20919
8835
54114
31253
16718
9001
38439
52573
7201
42121
20738
27052
28246
34589
53512
19691
38443
53771
54965
38952
46572
45457
27135
21936
9852
40947
15426
32099
51022
31948
11317
38262
35097
10632
54020
33297
17284
8051
9245
1737
6535
1996
969
4994
27325
20477
13278
16017
10284
15332
38702
5498
36652
1389
533
33487
54548
33996
6696
53863
20041
42046
21494
47603
49912
27995
51114
44697
49745
10724
11668
54112
31535
32195
10983
18491
54371
2435
42403
6627
24419
806
7825
27926
16109
14230
15424
37429
31696
8329
1652
50957
16622
31950
23386
9527
42138
20392
8842
41453
24325
31260
36137
25807
28776
36396
54204
11931
31627
15614
52154
54463
2527
7041
9179
531
7379
42470
27935
40161
790
40954
16118
6694
55999
9433
26031
20832
29284
28340
48036
12268
873
49660
30335
32644
39037
1235
38352
53680
717
14405
22025
39379
9085
3886
721
8934
42489
28785
48902
49846
11769
42998
38538
26730
34350
49929
18166
30241
15706
33494
51302
34688
54555
56864
31694
53870
52755
8327
42053
47101
23409
9951
882
45301
22724
29117
42929
10222
965
29885
47952
55572
38444
50803
12614
20234
36928
40101
1586
3895
8150
39133
34878
15612
4325
56770
56599
3469
24685
20576
28084
47800
16116
48460
19369
12692
56080
15431
54280
42835
43779
13381
33327
10921
11581
39319
38634
37519
4486
50538
52847
20140
23393
42145
1492
20933
6540
5425
43598
48646
8423
41034
42228
20482
6623
44796
27668
49844
35288
51046
18590
38286
15959
43162
26318
31717
15704
33492
52244
54553
2083
35909
8609
29032
43529
46498
7924
40535
42844
15014
17323
51403
16467
52063
37528
41733
13473
26914
49750
18859
36417
1325
39386
4578
5008
1584
28533
43861
46429
21714
52943
47544
46688
27422
47627
49936
55247
11859
31726
13404
54562
29041
19905
7140
32924
39317
33584
17571
19880
36323
24076
25191
7223
23391
463
27074
40627
25808
31119
11682
56
10567
18868
54464
53099
13565
44794
54038
55153
19273
15448
36509
1417
6215
35824
43444
24007
29740
43953
12190
28884
27769
29314
20157
7413
23581
18265
41986
30340
30169
32478
50036
53539
54654
38641
12811
36841
8426
38979
42152
31367
34791
19972
4576
8259
9090
3891
6630
45997
46427
49851
11774
54047
41917
49425
12463
43692
10663
2115
31724
32668
53900
52251
56698
27523
20675
21790
6816
49244
8591
4766
42425
1772
27606
41569
48926
15104
10849
16048
49586
30432
12110
50128
54746
35309
53097
37618
30691
1332
50637
34624
42244
41129
55151
38307
33768
54829
1165
2359
51835
8522
3983
27258
22890
42586
28882
16405
17065
19374
38126
52260
16380
51145
47208
31307
33082
54143
37015
38130
31816
52343
211
20258
8708
2975
42150
43094
299
42943
23506
27164
27957
46709
54045
19280
12202
15455
18958
37176
38291
15964
34716
50988
56187
34975
2372
401
4681
53986
42169
43534
27521
20957
5620
42678
43793
44987
15812
8956
12647
27863
35483
16046
19470
37107
16839
1614
50919
2274
4583
5013
8266
5806
27173
7581
45240
45069
136
5781
20604
20863
49432
30616
39068
33869
17856
35414
30875
50742
20173
33873
16745
54934
19998
37806
21112
22056
1349
20256
22565
25304
42941
27872
15904
15370
48507
13399
30806
36005
34890
9214
27006
27265
6558
9982
228
28204
27010
20162
26947
48668
18099
56288
31823
15810
53828
15639
35506
52350
14954
20265
22574
36959
34821
11960
54233
19297
50408
16837
4865
50917
40215
24202
560
27171
29480
40724
26849
27964
30531
44916
52536
46691
20861
29847
22999
41922
42866
56194
31558
15545
17854
18798
36606
54394
38381
2458
14860
52878
22480
7506
24104
26163
25048
41491
44059
20538
28046
43908
9648
49616
10345
8963
27870
32066
46622
34375
54242
49875
35490
50133
139
53131
52016
36003
19389
30804
39256
4164
51331
53640
54584
23071
143
42082
29572
7671
46808
49777
30623
12301
21897
47213
49522
26945
31571
16752
35504
53292
3665
8713
40130
42268
838
9402
39955
28138
24200
10437
42781
30020
27962
49967
51340
15460
55787
36521
38830
35665
10950
10779
19652
38404
15827
54676
9304
1262
3571
235
4001
43368
26161
27355
7763
40374
42683
49869
51526
45681
13337
46904
49873
37905
27203
5302
47408
5811
934
28910
48606
11189
19661
30905
13243
53741
16496
28049
15126
17435
18379
37302
53315
15919
35502
38755
43122
1354
27902
26253
21998
47314
49882
43464
17087
1202
50507
15742
53476
40314
43283
488
5903
27099
27270
9052
42965
15135
16329
50409
15644
53833
50668
14788
33711
54522
16333
19586
38338
4361
53666
42020
27201
29339
7438
9747
40049
27460
24829
25660
33280
48859
49974
30820
27543
29852
35163
48604
16519
55368
19488
15834
16494
53568
54683
38670
242
20539
52883
43375
4801
38753
45258
20543
28051
46373
49112
9653
42264
27900
26251
10350
53416
31499
16851
53391
37912
1455
38601
1200
31753
4453
53758
17878
21051
45081
7701
40312
23698
27552
7960
41765
46813
19497
12419
28750
27635
47502
49811
33455
35000
38503
5299
16586
18895
8038
3670
334
3499
48006
20097
7353
26089
7862
53664
23800
54858
23095
20635
23888
28936
45780
676
29596
41955
11895
34501
36639
53483
16517
19941
30651
52906
21143
37837
2745
30989
5998
240
21652
20287
41348
26700
26529
47056
47849
15142
43911
11033
32353
34662
18478
56383
38061
50249
51614
16678
20644
426
6251
8560
5136
685
46048
259
10025
8643
768
27379
28494
14217
16526
30739
39362
50606
4099
53575
53149
38251
51804
5297
52464
2837
25427
9489
42638
12069
17376
19685
15576
53765
54959
23196
51965
5228
6343
777
28753
26444
24394
37835
43146
1378
45455
27133
21934
20285
6426
42461
19078
16618
47847
52214
53158
55467
30297
51358
16593
35345
8045
39963
11290
34489
53412
10968
19591
56665
3251
17791
38852
43048
41703
7443
25519
27828
24834
30145
32454
15326
42901
26717
17209
30228
15330
52404
17468
19777
10791
55373
38529
38700
32796
39189
53857
37844
30996
3696
1387
20294
8744
41355
42549
25342
869
8318
28419
24995
42553
25425
26878
30051
45801
34498
47939
16176
53421
37237
30560
54874
35437
8137
19424
11382
31078
35696
53504
16259
18568
30927
31587
23194
9335
1293
20734
7819
6341
8650
9594
26726
43399
29695
46138
30
30237
53073
27924
26809
19076
33744
16616
32095
57010
20386
8836
23125
4193
29626
46299
20469
23893
41701
12076
27826
25517
5925
40845
11391
13015
16268
39638
30652
38160
15583
17892
34335
7035
38953
56511
34594
53346
37333
5494
53855
23286
358
20826
4917
27478
47345
14316
31160
16091
9769
25707
43495
42551
49737
23907
31527
16708
53248
16174
30842
54363
57102
50254
8135
38688
431
27042
7279
27835
42199
1825
9333
2769
45197
42737
43397
49560
49389
50102
31688
35542
7127
51129
16364
5586
8325
38878
4216
8834
44698
26376
5840
7978
26885
31252
32196
23891
49829
52146
35018
3179
50346
53599
54964
38951
27134
9851
20315
8231
7909
11066
27931
9684
16114
14314
16623
19876
53163
13458
21078
12773
32640
34778
16456
17821
19959
55839
56670
30840
56499
51901
35717
43337
2684
713
42652
49045
24330
25524
8392
41796
46844
21674
23983
48727
16020
17214
11481
32542
50100
35795
15164
33486
39478
30492
15957
874
25176
110
1930
27230
41727
49235
25714
26908
47435
23914
55055
31534
45919
13212
15521
52061
54370
18490
38186
16974
19713
32732
31083
6092
52144
53088
38440
28076
23307
780
27391
11490
46936
13114
354
6713
27758
35378
49934
19365
34693
16371
38626
3284
51645
54898
35632
43252
26124
27068
2
26917
4482
6791
21080
41026
5421
7730
8674
43594
27581
16273
53347
33509
22093
54036
31709
32290
51042
17471
55489
19780
31968
39476
3190
23291
2868
8067
1390
27508
21775
49150
4922
50201
46494
20664
7920
42840
55053
32476
39040
16463
35215
3376
50543
6115
7309
1576
720
549
23222
8507
803
28358
43686
45995
46425
48734
49928
49394
15705
46934
17480
54554
35117
2084
51560
53698
49932
54128
11855
30607
34691
54387
38908
39568
35914
42419
8330
43250
21867
28264
11248
31115
13302
34877
53629
39925
14755
35816
22375
1668
37591
6716
7831
9969
6182
8491
40442
22120
4666
15953
21264
20149
23573
42325
3981
28621
24512
26821
18257
38633
12803
21083
11947
39322
34783
30958
14945
22281
43342
25020
20765
27158
48219
551
49417
31207
48732
34176
11770
39224
15703
54552
37174
39483
37683
199
28175
49236
38906
1505
4758
54894
42417
9272
28713
44192
7756
23410
11163
31030
16211
41991
34792
16470
34107
51744
15100
10845
17238
39414
50124
52433
18862
20064
41125
25112
639
5349
26565
22911
643
46006
8856
42582
44891
27763
48824
49768
14601
16910
51141
53450
38631
34806
51479
21081
38890
27073
49078
43879
55592
56786
30956
41315
43090
46593
20763
7848
10061
26755
27949
40968
15447
18871
54296
1166
50642
20073
10937
39506
14336
15451
17589
53185
38821
1249
39481
27004
31973
15960
20156
23580
26148
3303
47209
21780
41476
24348
45409
47718
1762
27346
13299
46607
12898
37020
32481
35220
3381
38982
49341
40184
54569
8003
27703
41916
10153
25903
47908
15201
46430
54050
13401
15539
16654
36066
39490
38375
34721
35381
11689
30612
31556
55077
50308
54926
50817
20248
56809
27071
289
40090
16047
827
27438
28553
47305
29747
42766
43881
32064
32573
56887
18698
38565
13929
52778
22380
1957
646
27257
46009
7665
54832
53467
9039
2362
22747
49007
42330
40814
48322
47207
43783
12128
14437
50033
14946
28797
33164
18629
49858
15635
52709
13835
50909
21455
8711
1863
27447
48508
7855
23338
26762
27956
25647
36006
30273
44658
27701
5800
7938
42858
10151
11095
49681
31471
1256
2371
50732
15796
36857
40030
8872
54924
18794
1089
23499
8446
43366
742
6646
31373
50125
51069
12900
26751
34371
54067
12988
31911
18187
37110
16842
54576
56885
38563
53891
42074
27539
5638
40558
26854
45606
47915
477
11187
39071
15379
34302
37805
12919
37271
50824
35755
21199
36949
8171
4346
52707
54482
37638
39947
1861
7060
28639
4600
41658
49166
11089
26760
28898
49959
18196
30271
16396
34463
19394
30638
15819
37461
1538
39770
53983
44475
46020
40821
41481
49782
48667
20787
28295
46103
25835
11788
12218
15642
52182
53376
30799
8263
1699
43183
54574
56883
50920
4697
27028
47404
41671
18288
15828
12041
37720
11719
55107
13494
31052
36100
14717
7000
12917
319
28045
20537
5200
5029
40913
47306
8962
24729
27698
49874
9651
42262
45765
25134
27443
47139
40462
48763
38311
15734
16928
36261
38399
8639
19926
42081
27546
4701
7954
6839
53472
55781
509
7528
1795
44757
27095
49805
42957
46811
48949
15127
31570
30455
14442
31144
38501
2044
51520
53658
8545
7860
40471
43974
17088
8628
41239
42354
10440
27794
11893
54166
37038
52366
55105
49021
27638
493
55873
9136
28043
27187
54068
14534
15478
12484
2136
31745
35428
22496
19924
26429
27544
42446
766
27377
18040
27886
19493
50320
51264
54767
28052
34929
35760
43380
27196
21997
32595
54771
53656
16582
37643
45263
3495
28135
48002
27450
26594
19395
38147
12317
15741
30898
13006
34297
38151
14459
22079
41002
9051
516
20279
24133
23018
41770
42964
41599
24642
26951
16078
6424
40229
45962
26525
28834
48701
42797
31151
50412
17785
7437
51610
23179
38679
8126
2393
7441
26177
45100
31053
36101
39354
38239
50064
54682
19516
55371
38243
52911
15666
4888
27219
20542
7627
9936
26534
41862
22425
23540
30045
46739
14032
20375
42096
31243
30128
16424
17368
39089
15568
38938
1287
940
16766
21133
54955
8218
4109
5224
8727
41338
40144
21392
773
20277
40937
48445
10368
24924
27893
46645
48954
17191
54265
37137
14731
15925
53580
15391
11566
54348
19583
38335
51354
38594
39788
1193
9235
29086
8550
7185
43299
46038
23632
420
20467
29169
9577
4808
47236
23715
31335
39352
53849
35527
19514
1379
50855
26019
14975
20286
1124
4377
50429
36725
44345
1383
4886
40236
42545
41351
27476
48537
17283
18477
38344
14823
11658
42887
33550
15057
10973
36118
13712
32694
5394
53755
20192
29687
8475
42451
27916
24922
11990
31686
33995
36734
19606
37394
50947
1216
2331
51636
15756
36817
23376
2669
26115
27309
20382
164
8832
40328
42637
24315
9492
47151
49289
17375
38436
32018
17884
19258
10272
31333
51200
15320
19767
39634
31592
3177
53847
35525
20284
22593
42460
27641
4909
5740
8993
23816
45537
20822
28159
9682
42293
45796
46226
11573
30325
12003
16621
53161
30834
38342
14821
25009
173
20215
9075
42988
23722
26975
31342
45727
30486
39188
14473
33225
35534
48441
56061
15412
1131
15671
16865
17980
52745
21491
7632
8576
43496
46235
49738
13206
45379
47433
46318
7974
11665
26881
33386
38434
34609
53762
7025
37578
1292
265
5509
55645
35014
13802
8223
3968
38776
46396
20566
8482
48450
47335
46650
32094
54270
12256
33317
35626
48533
10456
16448
55297
1223
39284
50528
35630
171
21583
41450
41279
26631
4730
26890
29458
42477
49834
16012
42986
19265
16271
11502
38526
15949
54798
38785
35106
38359
39724
2073
31682
39190
4382
9430
38868
39983
611
41719
42379
43494
16457
49995
39293
13463
31359
54195
13546
16799
21166
35722
20481
4313
49050
23220
9591
24414
23558
25867
24673
27412
40431
42740
49133
23303
26556
28865
40769
46932
14054
16363
54097
32885
38877
6524
5159
34768
18755
31774
4474
17899
34513
42133
48125
41277
19180
12102
14411
50629
34616
51460
40959
31622
39130
13129
30766
3182
33505
15947
54796
9174
26306
4405
27759
4914
1749
8063
21771
42832
48540
13202
16455
18764
49993
38176
13461
15770
14655
38969
28267
51988
8675
54727
36405
54193
39658
38180
28012
38973
42225
4311
6620
8758
48726
38024
32291
45732
53352
17472
31969
11338
12703
31714
38107
18670
56688
36057
2080
50441
53694
37681
447
20665
42386
3812
45125
43609
2956
43075
21863
28256
42924
45893
46323
50118
13044
48891
30681
2266
51742
32305
34614
20058
3890
4149
8767
35303
2349
38272
6712
7656
44885
49933
31268
11601
50450
27761
31013
29899
49482
39314
50024
51218
14144
36320
38458
12628
34520
42140
40340
3904
38971
44282
46591
42482
27947
47530
15445
31967
39475
14760
37959
362
6721
4412
18952
31971
50723
14843
34710
22463
20154
53692
35904
25202
44184
47716
49491
16462
47691
54196
19201
1149
5003
27163
40716
47109
8339
43259
635
42574
49931
17053
35120
57125
1765
19729
27065
53809
30948
15879
53784
1848
7047
21870
22300
41282
3902
47274
48468
51
15439
16554
54288
42480
28889
19552
53632
16387
36504
38813
8348
24002
4410
4239
8857
23146
42157
727
50031
14151
52340
15095
35212
37521
18598
39659
54478
46858
38974
28272
4062
34101
36239
53876
9448
550
29470
40714
47107
6454
40180
13143
12028
30780
39482
25728
31210
26843
33348
39056
35402
52075
39849
1254
30863
36062
50730
56693
20161
36855
40366
49068
24353
46074
41990
42249
26236
49606
40449
24436
27689
32056
29998
16043
49581
31371
44812
52432
14243
35304
53092
1156
20063
35563
34448
5010
42068
50206
15441
2638
42072
20860
42581
39065
15544
37265
26935
18087
1346
31899
50822
12633
15886
20253
36947
1855
25301
56530
23501
24445
49590
42512
1688
9196
43172
45481
6736
49673
50215
35146
38649
12819
5102
37964
56716
26147
31296
34970
34799
53722
16477
51413
54666
24097
37538
1252
53981
28289
47212
42673
24351
28798
47721
36163
38472
49070
54059
19294
16834
1438
34901
51574
8261
21798
7939
20428
1951
8344
469
22996
48062
15033
50307
16486
35238
1261
3399
8447
55614
1599
17684
54758
31897
5027
826
47304
8960
42765
46448
47813
6989
18188
46957
14250
50130
38564
41654
37449
49955
16133
19386
12308
55775
9038
12817
51666
53975
52781
18809
478
49265
25744
46271
42162
25318
49348
991
18094
32762
39155
52174
1353
38299
14778
15893
36954
7061
30536
50403
52712
30795
2551
4689
50912
34728
42348
8088
26335
28644
24026
43972
46711
16142
12033
34038
12292
30100
28986
15031
55074
16484
36351
38660
37545
1088
41056
43110
46363
315
51762
29235
5025
7334
42254
26241
27185
40738
49611
49870
15192
54575
34737
53890
1019
38136
12306
15559
16924
51155
52270
39589
6042
26427
476
6835
41755
49263
23433
24627
49772
14718
13240
17687
36439
37554
27884
48945
16067
15916
52456
16576
14267
12922
19315
324
7343
41148
42772
24279
43202
45511
9735
56902
22508
24817
19393
38145
56721
19476
13513
30186
230
8193
9387
4618
28294
48161
47046
46361
30289
15641
35337
24723
32343
46728
16330
15215
54064
50239
31996
54602
56911
2896
5635
7944
6579
46547
4950
51946
4779
5894
8633
23686
24116
25231
28734
27878
12407
31389
15376
52880
9396
31927
37126
8026
39694
34925
22678
5032
9650
20878
28386
47138
48253
24732
22932
30552
48336
9992
25930
49789
54156
31579
15566
34318
35942
24125
8187
48155
27887
46810
50844
9385
4616
20784
40651
42789
23523
49353
31143
30028
10875
17268
80
32596
54772
16583
36450
8035
38588
34650
42270
19581
30825
55711
39527
36024
50237
53661
38842
28140
51861
5124
37986
42353
43297
46036
7692
6577
25484
27793
50056
15291
29676
46119
23713
11466
26682
53054
30727
15658
50060
53563
30986
1093
14973
6141
8450
2316
27186
48247
23532
25841
3940
24192
50936
41428
8283
26530
27724
26359
28668
49729
48251
49195
24559
32179
31494
52555
33118
36542
37736
11906
1279
4018
37995
30917
32692
15564
34316
23184
7016
20190
5216
4531
6669
7784
27885
7867
47835
39442
30285
14806
53655
11812
158
4208
20376
8292
40752
49454
26877
45800
9231
39784
4976
162
22768
23883
26622
671
46034
49287
25766
46827
37319
30642
31586
12149
50338
35519
2486
35778
2231
17965
1375
4114
20282
8732
40228
9392
49189
46900
28407
40996
36027
12506
43735
31488
51355
28666
7959
43994
39025
46733
54353
30832
38340
13704
4192
3077
35709
56236
12848
13963
20468
49037
40051
3615
680
8893
23716
26969
24831
39876
21666
28059
763
46126
7782
33194
47750
49888
31678
15665
16859
34417
53570
13865
16070
38609
10871
39440
38075
35615
22683
24307
26875
15058
49819
31075
18565
30924
31584
33893
50336
53760
36632
10802
8476
25608
40143
25074
27383
28577
46135
40936
7791
23808
772
1907
1373
20280
26806
44594
855
14304
17273
30292
15757
52297
33031
35169
8040
38593
13957
5409
16162
18471
30659
39532
3075
16955
35707
1559
9067
3104
21581
23205
46041
35017
6949
30482
1382
3006
5315
33730
8568
40235
41350
46227
19600
1465
438
27220
22681
8822
45116
5657
47934
50251
52389
19703
9076
55128
56243
33382
50618
34605
36914
53587
9159
26721
25072
3705
22612
24921
46926
39193
27748
4903
16102
47331
49640
15246
53151
55289
30574
15755
35622
14899
4213
5407
956
40586
51977
20464
40331
42640
44778
8380
23203
25512
24147
31082
46832
16263
12438
14747
19002
31591
39207
51796
19770
19599
31958
15945
53679
7113
8057
37666
7906
28158
48025
6257
7372
42292
43486
26813
862
27473
41177
9681
23648
12002
42375
28671
39030
13029
10970
10799
30666
37059
36374
23212
56750
27659
23471
26210
26039
24239
30059
14046
31683
39191
15499
34422
35366
36731
11845
54118
51124
52318
16188
39558
30572
53942
36564
38873
51892
4211
24062
48626
49741
48092
46576
15063
45891
27398
28763
31080
48968
18570
18399
35806
7821
6172
23304
26557
3712
46140
41885
47167
12000
50018
11144
36823
11937
19445
56519
50786
31349
13027
17645
30664
38172
1055
51725
52669
19528
27148
4303
23039
26463
24154
43415
46668
51035
16270