2186
1301
2136
1649
2057
1172
1062
2405
1470
962
2276
912
535
2234
883
833
1618
1487
1466
94
1437
1387
1337
800
750
2093
1127
1585
700
1556
2399
1535
600
1943
1833
1783
1602
565
1989
1502
515
1481
923
2287
1729
2108
1113
1092
2435
1550
1063
861
811
1138
651
1617
761
1109
1873
522
1865
1467
1794
909
2142
1236
728
2092
1274
716
1153
666
645
1124
1103
1959
587
537
516
1859
1372
712
1657
1547
662
641
1141
2005
1497
2434
1041
533
512
991
1289
2053
1058
1008
1314
806
1264
777
1612
1512
2297
1404
1383
896
1760
1333
1173
2364
1987
594
1450
1052
2235
1727
1329
842
2164
1677
763
1119
1069
2035
1925
1477
1448
940
2283
1906
2131
709
1544
2379
1007
986
1444
957
1792
907
1365
878
1155
1613
1592
1105
1411
1788
526
1251
2196
1638
1151
1630
1101
543
1022
1001
841
2184
922
791
2084
2063
1576
1047
1018
997
2340
968
1824
1316
1245
789
2022
1922
1414
987
2068
2047
1112
625
604
1947
2447
1541
1054
2326
2216
1331
823
1302
1281
794
1260
1739
723
1579
1181
673
2037
1806
1756
2112
740
711
1656
2410
661
1606
132
611
2310
540
1375
511
1346
817
1144
1034
1065
934
1413
2358
1313
1292
805
2069
1561
1163
1540
1032
676
655
576
1309
1259
1209
1099
701
1049
672
1528
622
1478
572
85
2263
870
1247
1676
589
539
1882
895
1374
866
1651
1164
766
656
737
606
1085
2030
2407
1522
556
1014
2307
1443
1799
1820
1741
1589
1568
2353
1866
523
1308
1766
902
1666
1158
1129
621
63
1733
1704
1125
1604
1096
2418
1554
567
538
1860
2339
1454
1323
2179
786
1223
1194
534
1340
1798
1261
863
2206
2075
980
2404
930
2354
2223
851
1817
1330
670
1505
141
1107
2421
549
1405
520
1355
1326
2140
1276
739