843
793
743
3371
2007
3808
1957
1470
3190
3271
2734
3090
2553
2634
2503
552
908
2759
2222
858
371
1685
3486
3436
221
3692
3461
1123
3411
1204
1023
923
2237
3601
2187
1519
3807
1419
3576
2889
2402
1865
401
89
1353
1790
1740
3104
2567
716
1930
29
2317
2542
2055
3319
1955
3269
1418
1855
3219
4
1318
3119
3069
1218
2582
2532
681
2888
144
2707
450
269
706
169
3771
3284
1433
3640
3234
3103
3184
1333
846
3134
2516
1021
971
2772
2285
434
871
384
284
3449
234
3399
3755
3705
1011
3168
961
1136
1217
2887
2350
2150
299
2100
3333
1563
1919
1788
3589
3102
1201
1151
2852
2365
2265
414
3804
102
2390
2
2967
2480
629
2430
1066
2299
2380
298
2018
1918
1868
2951
2901
3207
513
3157
463
900
413
282
669
3347
1496
2885
3272
1421
934
2735
2248
2685
2048
1561
3718
3312
1767
2123
1099
2900
2800
2313
2263
2700
2213
1676
2288
1801
3652
2238
1832
1651
2915
1014
477
2278
2147
1741
246
683
3767
502
3617
1766
1716
3030
2493
2849
1129
1079
2443
2799
542
2618
411
848
798
667
2468
130
567
3245
1881
3682
1344
3145
1294
3095
1500
1013
2633
732
326
682
3310
1459
1409
45
3079
1534
1434
1384
2698
2598
2111
260
747
210
160
3681
3550
1649
1549
2276
2713
862
2176
325
1945
3615
3565
2201
3515
1664
2151
3465
1127
2928
1564
977
746
2547
209
159
28
1829
465
415
1779
3580
3093
1242
2993
2406
3118
3068
680
274
224
2431
3745
1894
43
3414
1513
3720
3133
2646
926
826
2059
208
2009
158
2446
3679
3760
3273
1909
1372
1678
1984
1578
1934
1041
910
2711
3148
1297
810
2511
2024
660
3338
1974
2330
429
3463
3413
2826
2239
2189
338
825
2851
157
2395
2214
2164
2114
3428
3328
1477
2791
2304
453
2610
2479
709
222
578
609
3543
1692
1411
337
2931
237
593
543
56
1907
3708
1857
6
493
2294
3658
3527
443
1757
3477
3071
1576
3296
3783
3246
1476
1345
1295
758
839
789
658
2459
121
2409
1922
3236
1385
2097
2178
3361
1997
1541
1897
3211
2724
873
2524
2037
2343
5
2243
1756
1425
888
2689
3351
2864
607
2327
226
1053
2673
822
1309
3110
591
672
622
2342
1168
1118
60
1293
3225
3581
3094
3531
837
2994
2507
687
200
1043
2407
3721
506
19
2257
50
2076
1589
1539
3259
3646
1795
1308
952
3109
771
852
2572
3059
671
3786
2422
2372
390
2110
2141
1654
240
1960
1473
3761
3274
1423
1910
3711
1373
3174
1323
2637
2050
2843
2356
505
2662
2256
1769
355
2075
3389
3339
1438
951
1388
1157
670
2521
2958
1107
2908
2421
2777
33
2271
420
3454
239
3404
3173
3479
2992
3429
2405
635
2355
504
2792
98
48
2255
3569
3469
3775
1437
3644
3594
1156
2957
1106
750
2470
2907
700
569
163
519
3634
1552
138
1858
3609
1758
915
2585
765
2972
634
584
2741
2254
403
890
840
2510
303
2104
3774
1923
3237
1417
1286
1236
1055
2419
2775
2856
2725
2319
2188
318
3352
1501
1451
3202
864
3427
2971
2484
633
583
2790
2384
533
2640
2153
433
3467
252
1616
2053
202
3367
3623
3136
748
2905
2986
648
2368
2805
904
2268
498
11
317
2118
2474
136
3707
1937
3738
3688
1350
763
2433
663
1019
532
482
301
251
201
3772
1871
101
1821
3185
3135
1284
3085
1315
2985
2498
2448
1084
2267
2623
903
2217
2573
2654
2167
2523
2036
2067
3787
216
1580
3737
3687
1836
1480
1786
762
2919
1555
2869
968
2282
2638
381
2538
3802
1951
1414
1364
3084
3521
3034
1620
2447
596
2884
2834
2116
3430
1579
215
2016
3686
3555
1348
3149
3505
3586
2918
1067
661
1017
561
430
2231
867
330
99
3570
3520
1182
1619
726
2933
676
2396
1032
545
2602
751
2065
1528
1965
114
1915
1378
891
3585
3535
2998
1147
3254
2636
379
2667
2180
2536
129
1849
3650
3163
1393
1749
1262
2932
2882
1031
1518
2832
2345
494
2701
2782
2245
2195
344
2145
2501
2095
3765
369
1196
3484
1633
3353
2847
3203
509
328
309
2029
534
1898
3162
3112
1261
3549
2781
930
880
830
2400
3633
3583
3664
1682
3614
1632
3383
689
2846
639
2665
2515
1978
3061
2961
1597
1416
3217
2549
292
2093
1862
1325
1275
267
3301
3382
1531
1044
1481
2514
2108
1977
126
2058
2414
1927
2233
382
3597
3547
1159
3447
1596
3316
1109
3397
2779
2729
2810
2679
372
728
547
1911
3712
2298
3431
1174
3331
2844
943
2694
612
1976
1926
75
562
3727
512
1826
1726
1595
1108
1139
1008
1314
827
3115
1264
777
2578
2528
2478
627
3611
1760
3511
3024
1660
1479
2793
942
305
2593
2106
2056
3776
1925
3726
55
2131
3164
957
1394
2627
2708
2221
2577
807
2527
220
2246
1759
3510
1659
3379
3460
2923
1509
3179
841
872
385
2105
254
560
2211
3475
3425
956
550
3194
987
1939
1889
525
1839
1739
3459
665
3228
3665
1277
2641
640
1904
3624
1773
1723
2160
1542
178
3343
3293
1929
1342
2425
2506
168
2631
2144
1994
143
3177
3258
2771
2671
333
2977
720
945
539
2746
1722
308
2836
448
804
1110
1060
573
2424
2861
523
3638
1787
3307
1100
1537
3076
1225
3026
2539
1125
638
2926
488
1
438
1265
1390
1827
1340
3141
603
2354
16
2529
678
191
3356
1505
1942
2669
1305
2975
718
668
618