28958
66940
59049
100733
66709
96544
94693
106055
20411
19924
48395
109526
78717
105824
112997
107444
105593
53486
22933
87279
60915
91237
28255
89386
39617
68088
3255
66237
73410
40750
101881
98179
42857
70841
12304
40775
71097
20841
17139
24799
22948
1650
91252
59079
5608
67616
88683
65534
31997
60468
63683
39170
69005
65790
14170
15534
44005
9981
105136
71112
68774
74814
112309
106756
26178
87309
78054
13221
54905
111847
47014
109509
56525
29187
89831
4187
104664
38467
96773
61385
103069
70896
36385
97516
67194
7914
98880
47747
76218
108391
73880
104689
106053
18558
79689
110011
28069
56540
23880
52351
32904
63226
6540
88251
34780
93086
72275
97044
14615
41722
50259
25259
22044
52366
82201
76648
19475
81970
28986
25284
55606
85928
56970
34308
1648
31970
62779
38266
37779
68101
95208
14630
75274
9564
39886
43357
11184
71828
6995
101663
48679
46341
42639
105134
21828
54001
82472
81985
17639
55621
55134
85456
91265
26432
5621
26688
58861
24350
55159
33374
30159
60481
95869
90316
7010
70869
67654
101678
12332
44018
20869
26191
87322
53298
74365
102349
22745
112347
110496
77836
110009
29918
56538
94520
97991
13711
74355
38480
63249
94058
70422
36398
19289
16951
13249
18571
111875
113726
109537
79702
105835
28082
48893
88726
113495
113008
31553
86157
38239
90115
87777
4471
3984
32942
32455
63264
70437
6091
35926
66735
14628
41735
19073
105850
56081
109321
106106
107470
104255
20462
52148
81106
109090
23933
30619
91750
59090
93114
38279
36428
69965
3768
37792
94734
11428
39899
96354
62817
104014
7008
69503
44990
101445
21354
48461
80147
112807
29014
24825
55147
82254
113940
312
91278
1932
81
110007
60238
85494
62345
30172
39196
14683
103311
101460
49840
112822
78311
57013
87335
51947
85971
78567
13734
105187
72527
54931
21394
112360
47527
110022
4931
3080
32038
90344
6551
97517
14211
46384
40344
103326
102839
65600
31576
95922
8171
72773
100757
42220
43584
102377
20922
82930
79715
17220
49393
94548
58673
111913
36657
95937
63277
89897
6591
38764
95219
44086
41748
79730
79243
106350
86903
47326
75310
109590
109103
88292
63292
9821
7483
70465
37805
34103
11441
5401
66045
96367
60492
11210
70003
97987
65814
16532
45003
71623
54027
79283
110969
59836
53796
2176
95480
31134
59605
57267
89440
9836
87589
114209
110994
110507
1945
80672
60738
89696
55672
5416
2201
64696
62845
30185
96382
41547
71869
35994
67680
45018
76704
74853
103811
73489
42680
21382
112835
46407
76729
76242
85753
28093
87373
1729
3093
30200
29713
90844
37373
69059
99381
99868
96166
33927
64249
71422
69084
99893
67233
13762
105215
20935
83430
47555
77877
87388
113521
111670
3108
5446
31579
61901
58686
58199
94074
20473
29984
90628
4497
34819
61439
92248
91761
98934
15628
39910
101041
102892
49421
48934
111429
14910
106363
110065
109578
58445
75554
75810
12828
22339
29512
27174
57983
23959
54281
86454
65643
91776
70965
44114
11454
104758
74436
45478
64694
96867
91314
8008
47354
109849
107998
48718
79527
103809
101958
84849
50825
50338
29527
90171
56147
85982
113089
60982
59131
59618
19554
30429
7767
38089
33900
37858
16073
44544
12371
43180
112848
46651
46164
77229
108915
107551
25609
21907
82551
29080
60766
89724
4080
5444
378
95046
66088
60535
90857
71897
8915
98517
14724
14237
74881
41113
71435
8453
36924
16113
78121
21435
82079
17246
110550
24906
55228
1270
28377
56361
53146
79279
62170
60319
58468
54279
35319
97814
808
1295
94112
11683
6617
6130
100798
36452
67261
47814
78623
106607
101054
21450
53136
112416
79756
110565
78161
56863
30012
29525
58483
35334
93640
40656
40169
101300
68640
95747
13318
10103
4063
93178
11236
40194
7534
98987
96649
18409
16558
45516
22367
54540
52202
80673
110995
351
89953
21905
112871
111020
93911
27714
86020
36251
33036
32549
93680
34887
61020
42060
5698
16573
43680
72151
109646
80944
46920
80457
79093
50135
44582
103375
48284
111266
14747
80226
110548
111035
3606
62886
30226
61035
10779
70059
64019
7333
67977
66126
95961
94110
8953
72812
69110
67259
44110
51770
113778
110563
108712
30959
61281
87414
86050
1770
93223
55497
37183
3159
62439
67761
69125
95745
13803
104769
102918
19125
112429
103174
49216
24216
113331
79794
60347
86480
95504
60116
89951
9860
68653
97611
105040
104809
20529
58511
58024
86495
33511
31660
52727
61264
91586
87884
5942
2240
61033
37884
99015
18924
77717
43693
106188
104337
41355
101999
102486
18693
18206
111510
78850
80957
108941
25148
50404
55239
404
62899
96923
92734
90883
8064
97179
16601
66626
11304
10817
70097
103634
98568
101783
48799
77270
103890
23799
21948
52270
112914
48081
109212
57105
87427
85576
64278
55510
93005
89303
85114
94625
8981
8494
73327
36965
67287
98096
20989
19138
74716
42056
17056
75849
49485
79807
62698
28187
56658
66169
1336
94640
61980
35360
90451
10360
73342
71004
101326
67302
13600
74244
79566
13369
110375
52715
49500
79822
113615
88615
54104
52253
27740
57575
4104
2740
67086
32575
93706
63384
95070
43937
72408
70070
100879
102243
14748
75879
106201
24259
52730
113374
77986
108308
106457
43475
102755
71946
49284
79119
45095
86779
84441
30970
92101
59928
93721
93234
5739
37912
87450
36317
64788
96961
94623
93259
62450
98581
50663
16639
45110
12450
105754
23812
55985
21474
51796
82118
663
30985
58969
34456
33969
27052
24714
23350
81656
112465
60845
30036
7374
68018
3185
18018
78662
107620
52298
51811
43043
74729
105538
16192
17556
108522
74498
26580
23365
22878
55051
51349
216
26836
26349
56671
5538
3200
66182
63844
8522
60398
90233
37249
97893
99257
93704
15951
42571
10398
70555
18935
108537
106686
74026
44191
106199
43704
52728
79835
90710
33793
63628
58562
90248
37264
108065
41868
75892
24759
49528
11315
100917
22677
18488
45108
86305
83090
111561
661
29132
59454
86561
6470
67114
66627
2281
62925
38412
37925
58992
7859
40032
98338
7141
102296
100445
98107
103660
68272
16652
48338
77296
37463
54634
20610
20123
52783
87940
23594
6485
36807
109007
25701
51834
112965
59494
59007
41180
7643
70138
77311
44651
52311
84484
14098
103700
40718
21758
110873
19189
80320
81684
26849
58535
35386
10873
99501
97650
92584
58073
37749
33560
46773
74757
101377
21773
17584
44691
76864
27095
82186
79848
2095
28228
26864
58806
85426
113410
61790
27766
92112
67599
3253
91881
38410
101392
66881
17112
47921
13410
75905
45583
72203
74541
15030
45352
43501
104145
49310
108103
103914
20608
92127
59467
97936
2781
34954
91896
10441
40276
69234
97705
59979
61343
9723
98838
43516
72474
40301
9492
68285
102796
109969
105780
83118
84482
112953
111589
59482
112722
25227
84507
51847
4416
34738
7887
7400
66193
32656
12722
41193
68300
67813
75473
107159
12747
74755
105077
109522
76862
107184
105333
88224
85886
51862
112993
729
63224
60886
59035
37737
32671
32184
13224
43546
41208
69679
100001
267
32440
94448
58573
68084
98406
33573
5102
42597
72919
99539
48406
53728
84050
83563
19704
30579
26390
87521
87034
49308
78266
87290
86803
84952
30117
60439
56250
67612
33588
96083
63423
92381
31250
65274
9952
101405
109065
48190
74323
21339
76430
75943
28512
26174
22959
86818
85454
28281
88925
88438
25943
67627
63925
11818
71098
6265
37074
59992
45867
76189
9505
72000
18529
75958
25702
86833
54173
20149
50471
82644
61833
87966
84751
84264
79198
27578
57413
23389
112504
31536
60007
67180
4198
63478
43544
104188
37991
98635
17180
47015
77106
10909
18082
79213
109535
46553
75024
27593
54213
80346
59535
34048
63006
93328
13237
39370
66477
64626
94461
35924
37288
98419
100270
96568
68097
73419
39395
38908
21799
18097
78741
44717
44230
74552
105361
25270
85914
49552
270
27377
91236
59550
82468
108601
28997
26659
3997
32468
5617
37303
67625
68112
12303
105607
73434
18112
80607
14410
78269
17625
106740
17881
48203
14179
42163
71121
17650
49336
78294
26674
56509
54658
83616
1674
31509
60467
92640
90302
87087
3294
2807
29683
60005
4683
66691
10492
72987
74351
70649
99120
26202
54673
81780
31524
88953
19054
50740
48889
47038
23889
22038
86384
82682
88235
85020
33400
36384
67193
95177
10020
41706
100986
99135
68326
18557
108159
66731
45433
104226
18582
18095
47053
110912
109061
107210
105359
23904
82210
32441
29226
27375
89870
268
28739
31077
38250
1888
11886
36655
66977
93597
34086
75283
10937
43110
100539
20448
79241
107225
105861
32943
770
59076
57225
24821
87316
23457
34332
3523
64167
62316
30630
5143
47960
109091
106753
104902
36854
67663
69027
51687
51456
58629
5645
96611
63951
37587
4927
3563
90827
99364
40340
101471
99133
19529
82024
112346
49851
75984
57024
56537
51471
81793
56793
85264
27604
25753
57695
2373
93339
7695
100999
16719
37786
19313
42231
74404
104726
22784
49404
48917
111899
108197
86899
61899
60048
86181
8428
36899
95205
13750
44072
93610
9099
111427
46594
47081
75065
105387
22081
2634
59089
23214
112816
80156
113949
62816
7494
7007
66287
94758
15154
11452
104269
73460
100080
19989
18138
18625
48460
109104
105889
105402
69527
17907
103807
51700
112344
85493
51469
90815
5171
3807
94286
5427
92204
90353
70906
65840
12369
10518
40840
105186
101484
82037
75997
108170
74146
24377
52848
113979
62359
31550
82939
81575
77873
28591
87384
83195
35764
101730
69070
98028
76730
74879
51730
45690
76012
43839
102632
97566
77632
74417
102888
111912
16757
88763
23930
54739
83210
22079
63276
61912
59574
89896
94085
38763
69085
68598
33210
97069
91516
65152
2170
61450
62814
39665
98945
68136
45474
75309
41285
80631
56118
54036
81143
112829
55656
87829
54292
6374
86465
2672
821
32507
61465
60978
31143
89449
93151
38316
64936
64449
94771
12829
41300
104282
101944
20002
77431
46622
37854
67689
18407
48242
75349
73011
23242
52200
19540
48498
54051
80671
108655
109142
27200
57035
82291
81804
112126
2200
1713
3564
26482
24887
85531
33424
71893
39233
5209
101728
96662
75364
12382
19555
23026
53835
113992
1728
62859
24646
22795
19580
82075
49415
60777
28117
56588
33439
96421
94083
71421
38761
6588
96190
44570
40381
102876
104727
11679
6126
97092
15150
11448
43621
54752
86438
33454
58223
16114
25819
86463
4521
63801
31141
36950
97107
95256
19123
83469
79280
24445
82751
2660
22363
52198
78818
59858
25834
4049
34371
98486
96635
64462
13329
12842
73486
98255
50824
48973
16800
16313
11247
7058
96173
74875
105197
21891
84873
112857
59873
55684
65195
362
29320
40195
6171
3833
66328
64964
28602
59411
26751
5940
96906
90866
9411
5222
99890
65866
43204
41353
105699
107063
76510
104981
25377
86021
21188
23039
114005
110303
377
105237
24659
53130
83452
47577
146
88774
33939
29750
33221
97567
13774
40881
73054
20070
48541
10328
99443
98079
17501
47823
81616
78401
110574
89276
63789
10805
97582
26319
35343
36707
63327
89947
72838
6154
15665
78160
45500
104293
53160
50822
16798
106400
28160
3160
73996
50360
80682
56169
57533
89962
42531
38829
101324
68664
36491
98986
13829
106159
70771
70284
51324
81646
43433
74242
38367
8045
70540
37880
96673
45540
106184
43202
20540
80697
111019
29564
86506
4077
28846
40208
64490
91110
87408
32086
61044
91366
8937
98539
105712
71688
103374
101523
73052
82076
48052
109183
55225
23308
86290
21944
84439
112423
28630
59439
114043
66612
32588
64274
61059
94596
3630
9439
64043
14761
45083
105727
102025
75174
98092
76794
74456
83967
114289
83480
47605
110100
174
28645
26307
56629
32116
63802
29778
92273
58249
88571
10818
90191
56654
86976
97851
31167
61489
70513
17529
42298
72620
105280
103429
19149
81644
111966
76091
26809
89304
24471
55280
85115
79562
76347
106669
75860
21025
18687
49009
56182
84653
3198
65693
89975
97635
17544
76337
70784
101106
72148
21015
51337
91364
9909
104577
43446
17082
14744
75388
74024
106197
23768
111519
77008
27726
56197
112652
63370
388
59668
87652
32817
91123
36775
67097
34437
64759
9924
42097
68717
13395
43717
106212
75403
105725
50403
111534
86534
52510
55725
16148
55981
86303
20106
60816
55750
64774
32114
94609
92758
96947
64287
39774
5750
69609
35585
98567
14287
41394
74931
40907
101551
43014
6652
67783
98105
16163
42783
104791
25187
22849
112451
48105
108749
187
28658
86087
1807
64302
37938
69624
62220
89327
88840
86989
57154
56667
6898
32154
61989
10369
71500
6667
67311
13840
74484
105293
22864
48120
79806
106426
56657
83277
15229
104831
21038
83533
109666
1591
62235
25873
56195
56682
873
94177
62004
6682
69177
70541
66839
9666
39988
13137
11286
37906
19433
15244
106697
81210
113383
49037
29590
26375
63870
63383
71043
38870
6210
27764
62921
41623
72432
100416
14772
43243
24283
20094
77523
27267
25416
23565
86060
25903
80507
107614
105763
76805
107127
74954
21970
111085
89787
83747
30276
39300
7127
96729
17125
16638
43745
74067
75431
102051
34003
64812
92796
75687
12705
43027
16663
19647
17796
78440
687
31009
57629
87951
26820
114084
456
95124
28440
89571
3927
65704
63853
9018
95795
47877
23364
47646
45795
54819
13391
75886
22902
52737
50886
112017
93057
60884
87504
87017
1860
37504
99999
98148
97661
46528
15719
46041
13637
15744
30090
85181
60181
8561
40734
3008
670
25439
87934
8099
38421
100916
70594
18974
45594
108089
45107
104387
83089
111560
56725
58089
87047
18999
49321
56238
79156
107627
26172
56007
22470
84478
3023
89800
4643
33114
13436
43271
11354
43527
103684
37487
75469
109006
103940
50469
25469
59006
83775
114097
2320
3684
32642
62477
28453
90948
89097
11344
82180
112502
7411
37246
65717
99997
112979
111128
89830
21782
52104
87748
51386
112517
253
1617
89368
54857
7426
3724
92839
62030
12748
7195
6708
100012
101376
37030
97674
8559
48392
76863
107185
106698
71310
6477
97443
40270
103252
100914
77765
74063
24781
83574
113409
79385
82856
94218
12763
3021
6979
5128
93756
44474
40772
70607
69243
99565
99078
76416
102549
50929
79400
26416
58102
17161
75954
105789
24334
86342
113449
111111
61342
92151
90300
86598
57640
65300
63449
95135
41664
40300
66202
73375
77333
12500
109019
113464
50482
82655
27333
57655
34506
65315
61126
91935
84531
82680
53722
251
32424
62746
91217
57680
87515
34044
71539
20406
48390
109521
76861
44688
105332
23390
82670
78968
78481
101399
49779
76399
27117
21077
49548
81721
26886
68083
35423
1399
29870
92852
90514
71554
8572
66001
35192
15745
6977
5126
99794
63919
14637
12786
42621
40770
101901
69241
15770
78265
75050
84074
2132
57223
34074
60463
27803
90298
63934
105131
102562
51429
50942
111586
49347
16687
45158
26198
22009
82653
112975
711
59991
27331
97973
33140
15313
44271
11611
40569
97511
13718
18553
103966
56048
81304
4684
33155
63477
59288
62759
91230
38246
7437
1884
13246
72039
67850
18081
13015
103981
51874
78981
111154
40768
48428
55601
2130
5601
1899
9559
7708
39394
101889
37543
68352
48905
5626
100294
35461
73443
10461
74807
101427
48443
110938
44254
53765
294
28765
91260
30129
54898
66260
85476
94500
88460
6518
94269
95633
13691
13947
74591
106764
51929
103318
23227
21376
81533
112342
108640
83640
31533
58640
90813
3318
61624
11855
8640
37111
66946
17664
78308
6071
36393
43566
70186
20904
77846
26226
52359
109788
111152
86152
35019
32681
64854
95176
25277
51897
61408
70919
4235
34557
66730
13746
10044
104712
70688
102374
41730
19068
51241
47539
16730
22539
52861
82696
18606
113274
82465
86423
112556
292
27399
89894
87556
66745
2399
94729
39894
70216
101902
67878
102389
96349
48918
11192
8854
94754
69267
99589
18134
80629
19498
75076
108613
24820
55629
112571
110720
110233
28778
25076
57249
5629
87827
113960
59125
7505
94769
94282
14678
41298
103793
72984
97753
25322
24835
55644
112586
108884
74860
73009
11878
104695
100993
21389
20902
17200
81546
48009
55182
52844
83166
112124
113488
3331
33653
94297
38488
99619
68810
101470
97768
70917
45917
10042
72537
102859
72050
17215
48024
106817
55197
20686
51495
113503
61883
26495
37370
90610
86908
54248
86421
4966
32950
94081
92230
10288
6099
36908
93850
13272
7719
70214
102387
15379
77874
13041
107709
73685
43850
54725
23916
52387
79494
109816
48685
79007
113031
103776
21834
81114
82478
54263
32965
63287
30627
60949
38287
6114
64907
60718
9585
39907
102402
91296
5652
100320
94767
44998
100089
16296
109600
44767
105411
57980
23956
51940
112584
60964
88071
86220
34600
1940
35964
25345
55667
23007
53329
30667
39691
100335
63973
94782
94295
12353
38973
100104
44782
108641
75104
104939
44295
55657
24848
82277
44551
74873
51237
49386
53344
20684
83179
85030
85517
52857
95028
28344
87137
39706
5682
34153
64475
67690
101970
101483
4733
101021
21417
17228
79723
110532
106830
52872
31574
62383
26508
58194
90367
37383
2872
2641
32963
790
60070
70945
2410
63054
93863
15623
11434
102887
68376
45227
109573
77400
22565
18863
113531
13797
108465
112167
106127
102912
72103
50805
81127
111449
113787
23954
54763
82747
1292
29763
57747
38787
4763
69109
68622
95729
38556
66540
95011
93647
42027
8003
72349
95267
45498
103804
101953
69780
82993
81142
18160
105911
85977
52440
61464
27440
59613
85746
6142
109151
59382
113986
358
64217
61002
30193
88986
8895
39217
3342
12853
72133
22364
14960
14473
75604
22133
53819
84141
84628
80926
75373
73522
21415
51737
78357
53844
5695
5208
68190
62637
14719
98281
31597
41108
19579
19092
46199
76521
108694
57074
83694
83207
60314
88785
60570
7099
14272
11934
42743
71214
76536
104520
47834
45983
17025
75818
11472
108478
22347
81627
113313
49454
113569
33478
88569
86231
35098
34611
97106
66784
4289
40420
41784
70742
100577
2207
356
70024
15189
45511
75346
103817
22362
18660
80668
22618
33493
833
63815
27940
29304
8493
31411
59882
25858
90204
4073
59164
89486
7544
38353
39717
34164
45526
41824
71659
100130
50848
45295
44808
75617
46659
86492
21659
18444
14742
109410
44577
73048
78370
108692
3601
62881
31841
96187
6841
1775
32097
92254
41121
45079
43228
20079
82574
18228
78872
108707
85558
91367
89029
108245
55261
88567
99442
14285
105251
103400
101549
99698
20971
78400
79764
24929
17038
76318
104302
24698
83004
113326
77938
111475
3169
1318
89946
88582
86244
36962
65433
95755
103415
72606
91822
6665
99482
97631
100846
13351
72144
21011
20524
17309
83506
109639
58506
86490
82788
1333
61490
34895
33044
65217
29342
384
59177
64986
73523
39499
14986
109654
46672
78845
17970
48779
12904
45077
74912
102019
80721
78870
107341
53870
33059
95554
28870
36530
95323
72174
65903
102034
71225
23794
21943
15903
46225
23076
53885
89529
87678
89042
20994
51316
49465
79787
83258
113580
3167
1316
33976
60109
10827
8976
38811
36960
98091
65431
33258
93902
11960
71240
80264
74711
16174
15687
14323
78669
110611
56653
114082
60124
5289
42784
71255
3207
1356
31191
76346
45537
72644
22388
110139
106437
105950
56181
22644
3197
29330
86759
49033
78868
93701
9908
8057
47890
39999
81683
47659
75643
106452
14768
73561
48561
111543
112907
88394
86543
82354
34436
9436
3883
68229
2288
96956
7123
44618
51791
21725
52047
112691
1791
80774
61327
59476
26816
1816
96484
60609
69633
96740
12947
44633
41418
99724
20120
18269
49955
46740
105046
36998
44171
74493
55533
81666
108286
59004
35855
1831
64326
27964
90459
37475
882
62013
63377
89997
37013
99508
17566
108532
42335
104830
51846
84019
48144
78466
108788
17335
79830
28697
57168
89341
85639
87003
54830
113623
114110
60639
90961
51384
83070
28235
56706
63879
69201
95334
15730
104845
40499
74036
77994
108316
105978
70103
100912
49292
16632
46954
113407
79383
107367
29614
57598
113176
425
93729
30747
62920
9936
6234
37920
66878
98564
15258
43729
12920
36812
6003
11812
9474
8110
66416
97225
18985
14796
45605
24307
52778
82613
111084
29629
23589
86084
34951
2778
62935
55531
21994
49978
111109
696
61340
59489
59002
86109
55300
2316
93282
90944
11340
7638
39811
36109
5300
14324
11109
41431
71266
82628
108761
106910
71035
101844
109017
74993
103464
84017
113852
110637
78464
110150
55315
52977
3695
93297
91446
58786
90959
28464
10868
37488
99983
64595
6935
3720
32191
6704
71050
69199
17579
48388
44199
75008
101141
51372
108314
53479
111785
94676
92825
26628
60652
29843
62016
112041
59934
3248
92363
71065
101387
68727
99049
6232
13405
44214
103007
101156
51387
16876
47685
109693
9472
70116
43752
24792
22941
83098
112056
90271
87056
85205
88420
54396
1412
96080
62056
33098
90040
88189
4883
8354
34487
63445
93767
61107
91429
49320
79642
43767
77304
102073
50453
112948
25940
113204
82395
2304
93757
29411
55544
21520
85866
80800
82651
31031
25478
89337
87486
3693
1842
478
90957
41188
96279
77806
11609
11122
105790
102575
20146
41700
72022
69684
77344
105328
21535
51857
59517
26857
86137
53477
114121
2344
28477
90972
41690
100483
64608
96294
88890
37270
33568
40741
71063
98170
46550
12526
76872
101154
53723
81707
49534
106476
24534
83327
1872
30343
56963
26154
112054
30112
28261
88905
34070
92863
39392
17607
76887
107209
106722
103020
76656
104640
69252
80127
46103
110449
74087
83598
112069
107880
28276
56260
5127
90540
90053
69242
99564
99077
97713
65540
97482
9987
102317
99102
68293
46995
77317
107639
41442
20144
50953
112961
78937
46764
60464
90786
25953
52573
113217
953
113473
111622
3060
59515
89837
4193
61622
91944
91457
41688
70646
36622
77332
43308
43795
11135
102101
106290
22497
52819
16944
48630
39375
102357
69697
79208
105341
86381
27357
57679
57192
84299
53490
66703
95174
9043
68323
37770
3746
34068
98414
92374
71563
69712
98670
14877
45199
52372
80843
50034
109314
48183
752
86165
1885
55125
84083
85934
113918
62785
60447
59083
87554
37298
1910
1423
10934
71578
15769
73198
104884
42389
72711
9985
40307
104653
79653
108124
84975
113446
1669
56760
3289
10462
71593
38933
101915
35231
67404
4909
29678
8867
69511
36851
3314
63958
69024
97982
12338
44024
42173
8149
97264
45644
77817
72264
109759
29668
28304
88948
90799
22264
83395
113717
84759
82908
77355
60477
105826
26222
56544
111148
61866
2842
31313
504
11379
41701
100981
14850
18808
113476
44941
10917
43090
70197
79221
56072
22048
86394
113501
81328
58179
6559
2857
34543
59312
10030
41716
70674
38014
34312
7461
3759
34081
93361
11419
10932
7230
105856
22063
52385
17874
59071
108609
55138
62798
26923
28287
7476
37311
34096
60229
41269
39418
35229
16269
14418
75062
10229
104897
103533
51451
110244
59111
58624
55409
37813
96606
10962
10475
39433
101441
99590
29691
8880
6542
3327
33649
99846
72995
71144
103317
8649
72508
97277
74128
79937
111623
77599
26466
84772
56070
86879
51004
113012
88012
2855
95672
93821
91970
97036
8664
66970
15837
13986
17201
13499
74630
13268
104003
113514
109325
61894
60043
29234
61407
25532
54003
84325
31085
61176
91985
36663
63283
59094
88052
89416
1921
9581
41267
72076
9094
98209
48927
47076
76911
75060
103531
50060
112555
109340
29249
25060
112811
76449
23465
53787
54274
21614
52423
2423
98224
18133
43389
41307
69291
104935
21629
84124
113959
110744
30166
25100
5166
60744
94281
41297
63728
92686
5191
12364
10513
11877
74859
85990
78099
85759
106826
24884
22546
52868
111661
33908
86661
33677
72536
68834
41983
106329
102627
50776
45223
48694
61907
89891
6098
4247
31354
90147
39891
60958
89429
7974
99427
97576
64916
98709
107733
51047
84584
79518
82733
58220
84840
52180
113311
109609
25816
25329
87824
54287
82271
2667
93633
36460
97104
32271
73955
75575
75344
100113
101477
76964
110501
75113
55666
23006
80435
56799
66797
95268
92930
60757
9137
28840
89484
66335
67699
101979
107301
53830
55194
112136
60516
91325
49897
48046
108203
28599
87392
85054
62392
58203
33203
95698
8690
38525
101020
48036
44334
13525
104978
74656
76020
44103
76276
70236
49912
47574
46210
24425
87407
52896
83705
30234
60069
26045
67729
65391
11920
40878
73051
33474
63796
93631
60094
88078
7987
38796
99440
97589
97102
93400
45969
72589
40416
68400
17267
45738
77911
74209
43400
75573
49209
79531
109366
31613
26060
89919
86704
21871
16805
80664
109135
52449
113093
2193
33002
57771
8002
4300
5664
62606
93415
10986
41795
96886
48968
17051
21886
18184
44804
107299
23993
55679
86488
82299
113108
89472
55448
3828
36001
32299
1746
64728
9406
7555
3366
98034
34175
12877
41348
71183
99654
18199
109165
106827
74654
23521
51992
51505
114000
89487
25141
49910
48059
47572
108216
81852
28381
14743
39512
71198
100156
97587
46454
72587
101545
15901
87420
81867
26058
88553
67255
64040
113578
113091
93644
59620
6149
36958
32769
39942
20982
19131
79288
108246
104544
84610
81395
83246
79057
49222
50586
58246
22858
51329
83015
79800
107784
31651
59635
89957
6651
97617
32784
40444
102708
13362
11511
75370
71668
78841
76990
84650
21668
2708
91823
139
61270
23057
5948
64254
95063
9419
37890
68212
65874
73534
14510
55707
82327
108947
19601
51774
84203
112187
2261
32583
39756
66376
94360
73062
8716
48549
107342
70980
40427
21467
48087
15427
26302
24451
85095
79542
30260
89053
84864
35582
1558
41160
65442
42293
40929
79788
108746
108259
24466
21251
83746
18913
49235
1317
22871
55044
18682
16831
111499
77475
107797
28193
5044
93672
27962
6177
65457
95779
95292
91590
104803
13606
47143
11268
68697
100870
100383
99019
75870
72168
100639
16846
109663
44830
107812
55705
83299
90472
57812
88134
86283
66836
32812
93943
86052
93225
8068
100885
97183
98547
17092
13390
75398
39523
49034
109678
14523
23547
53869
111298
110811
80489
23316
48085
78407
29125
26787
57109
33960
30258
59216
68240
67753
65902
94860
31878
11067
41389
48562
14538
46224
77033
107611
107124
74951
102058
50438
82124
80273
46249
15927
82611
29140
55273
83744
112215
2289
27058
57380
56893
9462
7124
3909
66404
1571
67768
98577
26340
34000
64322
94644
60620
60133
99966
40942
38604
26817
57139
52950
72653
102488
22884
83041
81190
111512
108297
49017
28206
27719
25868
5057
33041
94172
60148
8528
38363
12486
40957
101601
48130
10404
72412
71048
70561
17577
45561
75883
22412
19197
113865
49519
52734
58056
60163
27503
90485
55974
8543
35163
97171
58081
57594
25421
86552
908
32594
30743
34214
66387
45576
75411
81220
79369
77518
16874
49047
54369
20345
19858
113162
50436
82609
108742
29138
923
89551
7609
97211
13418
75913
102046
49062
48575
18253
12700
39807
37956
67791
46980
16171
44642
73600
71749
74964
46749
111095
110608
109244
29153
23113
112228
30286
59244
26584
7624
7137
37459
35608
64566
30055
91186
94170
10633
40955
47641
110623
105070
55301
52086
51599
112730
53937
107177
103475
102988
24748
21533
51368
22666
5070
4
29839
27988
4839
67334
99507
98143
63632
69185
65970
14350
99994
2988
101383
47681
47194
110176
26383
85176
113160
28003
91862
88160
86309
4854
65267
61565
62929
91887
59714
6730
17605
47927
74547
9714
15036
56233
81489
75449
52787
18763
107391
27787
59473
84242
4407
68266
5771
15282
45117
43266
98844
13200
101828
50464
49977
19655
17804
112959
48613
90943
8124
30555
6042
60646
13215
7662
72008
37497
35646
71777
17819
80314
106934
21290
80083
78232
109041
42357
105339
88876
83323
1381
8554
6703
100007
38645
69454
9943
72694
103016
72207
21074
263
23181
55354
85676
3734
30354
29867
89147
67849
30123
29636
58594
90280
934
63429
92387
63916
40767
69238
74560
112055
108353
113675
13454
22478
113444
88444
4164
95617
93766
61106
94899
103923
98857
13213
104435
105799
22006
50477
84757
32650
93294
246
30568
91212
87997
86146
66699
71534
100492
96303
107665
73154
71303
51856
46790
76625
86136
21790
82434
17601
78732
76394
82203
110674
108336
25030
85674
62525
9541
68334
98169
64145
16714
105829
103491
63914
92872
71574
101896
100045
46087
44236
83582
110689
78516
106500
58582
55367
83838
81500
113673
69713
109740
31500
59971
56269
90549
40293
71102
95871
46102
42400
43764
100706
20615
79895
49086
26424
56259
22235
49342
17169
77813
75962
24829
55151
29664
59986
56284
34986
62093
93779
95630
68779
35242
36606
67415
93548
13457
42415
12093
41928
70399
74101
32673
63482
64846
102828
38482
36144
17184
47506
45655
75977
12995
41466
18804
79448
109770
109283
56299
53961
112754
35001
490
61621
29448
90092
89605
8150
27366
88010
86159
85672
114143
34539
34052
61159
5837
66481
64143
14374
52843
20183
16968
82678
77612
109298
56314
19952
84554
21572
111174
109323
110687
27381
3745
530
97049
30365
41727
9067
37538
64158
14389
105355
102140
10456
6754
46100
44249
12563
75058
78042
24571
56513
113455
1678
34107
1447
10958
42644
6769
69751
97735
44751
12091
40562
17900
78544
78057
76206
49842
49355
106784
26693
51462
113470
109768
3313
59768
40808
15321
35024
66710
99370
61157
44048
11388
102354
19048
47519
75990
103974
111634
77123
27841
52610
4692
65823
2841
1477
93807
88741
40823
63741
89874
25528
33188
40361
9552
70683
7701
77856
104476
71816
80840
46816
111162
109080
48205
78527
59567
86187
5609
34080
64402
69724
10700
39658
97964
63940
67411
79260
73220
103542
80393
79029
28773
558
62566
59351
91524
28542
83633
112104
327
60971
93144
26460
56782
66293
12822
43144
17657
44277
103557
70897
53788
59110
26450
26937
49368
21153
113970
110268
54946
61632
38483
37119
95912
107274
104936
5202
35524
19061
46168
24383
55192
51490
18830
19317
111647
77623
24152
87134
52623
1490
61647
91969
29730
61416
86185
38754
67225
64887
97060
30863
95209
72060
68358
97316
13036
106340
105853
104002
72316
49167
79489
75300
16763
81109
50300
111431
105878
113051
82242
112564
84349
2894
65389
4258
67240
93373
40389
9580
97331
94993
47562
45224
42009
105868
104504
37820
98951
98464
64440
102422
103786
98720
98233
79042
55406
2422
64917
95239
64430
28555
91050
55175
85497
112604
81795
2191
340
1704
89455
87117
5662
66306
65819
1960
37604
71141
98248
46628
78801
12117
42439
76463
51463
79934
112107
29288
82528
48504
17695
108661
55677
113983
30677
30190
60512
57297
87619
90834
1975
96156
29959
37132
98263
65603
46643
35537
96181
95694
63521
39008
70694
68843
71181
17710
19074
104487
72314
24396
85527
83676
113998
113511
56338
54974
87147
4718
92469
22570
52892
83214
33445
1272
88536
6594
67238
66751
13767
39023
101518
48047
15387
45709
23047
51518
49667
16776
77907
76056
105891
54271
85080
82742
111700
29758
36931
67253
1056
41766
36700
68386
97344
77897
13064
45724
45237
6147
7511
68155
34131
64453
98477
10982
41304
46626
78799
48733
79055
23733
85741
3799
93401
29055
24866
32526
29311
62848
59633
9864
35997
34146
43170
38104
69790
67939
37617
42939
104070
105434
101732
107285
52450
71179
17708
108674
85781
1988
64483
90616
6823
37632
66103
37145
16334
4741
35550
33212
63534
103367
99665
99178
17723
47558
86027
112647
383
87647
62160
29987
94333
90887
35565
65887
97573
8714
101531
42507
106366
43871
22573
53382
49680
81366
39938
51300
79771
111944
61457
88564
55904
86713
88077
57755
2920
70737
5904
37846
68655
44142
98746
51315
48977
110108
14953
75597
73746
45762
56637
23977
597
93670
6175
36497
63117
104314
46654
44803
109636
75381
41357
103365
16357
48043
110538
110794
2232
56836
3852
93454
74007
41834
5472
68454
67967
9430
68223
67736
96694
73545
105231
39034
101529
102016
107338
28149
89280
1785
60578
26067
7107
39280
42264
6389
68884
99206
17264
51544
81866
45504
106635
51313
111957
110106
28651
26313
3651
30271
60106
88577
7122
3420
36957
70750
8024
34644
15684
104799
9644
51328
18668
109634
74246
24477
84634
18437
111254
109403
56419
89956
84890
55701
52486
51999
29337
93196
63130
101989
100625
106434
102245
54814
80947
43708
11048
105716
102014
16857
109674
25881
84187
82336
2732
68698
96682
93467
70318
35807
69600
98071
94369
74922
39047
78393
109202
21220
84202
81864
58715
5731
57120
87442
55269
114062
1798
89062
9458
67764
98086
96235
100193
74706
106879
105515
25424
21722
51557
80515
50193
44640
107135
101582
70773
102946
111970
76582
55284
85606
51095
114077
111739
56904
86739
5284
37457
67292
94399
92061
73101
71250
38590
67548
99721
42292
60144
90466
101341
34657
32806
13359
72639
72152
99259
21019
51341
104581
52474
58283
88861
33539
2730
29837
59672
4350
34672
63630
65481
99018
13374
43696
41845
72167
38630
68465
101125
14994
13630
75638
47167
52489
13399
43721
18234
48556
44854
23556
84200
82349
30729
25176
8067
2027
30498
62671
7836
64291
91398
5754
36076
34225
39547
18736
49058
80744
44869
107364
105513
107851
23571
82851
50191
56000
76580
59471
23109
87455
1811
64793
447
41413
8753
71248
97868
44884
23099
73124
10142
49488
57148
85619
30297
26108
7148
2959
65941
93925
40941
8281
94181
10875
39346
6686
4835
46032
21519
47652
78461
15479
109916
28461
24272
84916
77999
109685
60403
27743
28230
31214
33321
97667
43709
72180
19196
107824
24031
52989
15263
102040
105511
86064
21718
111320
63889
29378
36551
3014
66873
100666
34469
32618
90047
7618
36089
99071
64560
11576
104393
100204
81244
45369
54393
55757
82377
108997
29393
91888
25204
78444
89806
87468
34484
28931
59253
66426
93046
75450
69410
99732
76583
75219
43302
73624
82161
48137
57161
84268
4177
62483
93292
89590
56930
64590
39590
71763
3228
10401
67830
99516
76854
105325
68963
17343
110160
106458
51136
80094
110416
1854
49541
113400
81714
54863
1392
31714
32847
12036
40994
42358
103489
51869
78489
47680
15507
75920
102540
83093
25920
94224
63415
67373
95844
93506
8349
103017
6011
70844
40291
39804
7631
12953
43762
40060
104406
102068
75704
106026
109241
50217
80539
448
56026
89563
18300
49986
27324
86604
55795
93777
59753
95141
68777
98612
95397
94910
40075
68059
111594
75232
103703
96786
101621
109281
108794
55810
85645
81943
2339
1852
62496
28959
3959
36132
33794
94438
93074
42818
113654
35901
96545
33563
90992
92356
71545
13885
44694
104851
51867
110173
26867
55825
86147
53487
83809
28974
87767
82214
112536
83578
78025
54876
31727
92371
67858
35198
67371
13900
75031
73180
39156
79866
74800
99082
97231
44247
45611
106255
102553
19247
18760
49082
79404
84726
2784
62064
35213
97708
44237
11577
41899
59264
40304
7644
100948
70626
6280
97733
15791
47964
74097
72246
81270
108377
107890
106039
75717
25948
51204
81039
111361
90550
25717
52824
52337
112981
109766
109279
55808
54444
2337
90088
36617
3957
34279
11617
40088
20641
81285
44923
75245
75732
73650
42841
71312
101634
22030
18328
110658
25501
55823
32187
30336
56956
34294
94707
10914
41723
14872
13021
73665
103987
81971
2367
60673
91482
21096
51418
89400
24567
22716
31740
58360
99557
95855
94004
13913
41020
108837
44004
74813
6278
97244
17640
108606
75946
106755
108862
89415
87077
83862
53053
111846
31755
62077
94737
4904
35713
97721
10713
37333
36846
34995
91937
6293
44275
75961
74597
101217
22977
53299
76217
26448
84754
82903
50730
28068
113481
79457
24135
54457
86143
64845
90101
40332
94936
45167
106298
11143
71787
69936
41952
20167
108405
106554
39870
101001
68341
15357
47530
45679
105836
22530
111645
77134
56323
2365
32687
59307
34794
2134
32712
66249
1903
13265
39885
71571
98678
45207
12547
107702
77380
22058
106984
42
27149
82240
83604
25067
89413
5620
64413
63926
92884
41751
72073
38049
69735
98206
41520
103528
108850
71611
69760
100082
19991
16289
14438
108619
21611
53784
28784
26933
56768
3297
62577
30404
94519
56306
7024
67668
4686
93801
90586
90099
95908
106296
101230
111618
26461
56296
84767
3312
21164
54701
49148
29701
27850
54957
63981
12361
40832
71154
100989
106798
70436
19303
20667
15114
108418
39883
102378
100527
98676
19072
14883
107700
18841
113509
113022
48676
77147
25527
59320
96815
93113
4254
93369
11427
39898
7238
98204
13047
105864
22071
18856
26029
24178
112806
1029
63524
82740
108873
89195
36211
95004
43384
105392
69517
111201
109350
80392
98244
14451
72757
53310
51459
83632
112103
110252
59119
85252
63954
92425
58888
96383
90830
58170
86641
6550
71639
40830
97772
103581
72772
51474
80432
112118
110267
81796
106565
53094
1961
64456
1474
104483
26730
51499
56334
86656
84805
68829
95449
15845
46167
13994
10292
40127
100771
45936
72556
72069
102391
43854
74176
102647
85051
29729
26027
55862
82969
33687
31836
61671
59820
88291
34820
97315
94100
90398
89911
35076
97571
61209
9589
39911
38547
8225
79513
46853
82984
2893
22109
111224
61455
30646
87588
6133
1944
32266
30415
89695
68397
35737
64208
14926
45248
41059
104041
101703
19761
103810
6804
37126
109619
25826
59619
32768
37603
62372
98503
65843
7306
37628
69314
12141
81809
26487
57296
112387
3338
76025
26743
23041
53363
32065
90371
7065
35536
2876
1025
29983
59818
46667
74651
44585
74907
45718
74189
24420
18867
49676
92493
29511
93857
69344
67493
27916
36940
34602
13791
11453
72584
67031
36222
104526
17031
113550
107510
25568
113319
84130
19784
112601
30659
28808
86237
61724
95261
42277
40426
7766
100583
11724
41559
102690
73501
48501
105930
56161
52459
17948
25121
55443
62616
89236
39954
96896
87641
7063
92963
39492
69814
42963
44327
70947
17963
80458
112144
89969
23285
85780
78376
107334
23054
114020
28863
61036
54996
32334
64020
9185
37656
101515
105473
44111
70731
78391
45731
77904
81862
51053
30242
27904
88317
10564
8226
37184
99679
38548
31144
56400
88086
6631
36466
65424
93895
72110
97853
17762
106877
78175
26555
113819
79308
107779
22622
20284
6646
2944
36481
606
30928
92059
42290
40439
39952
67059
36250
100596
74232
71894
102216
20761
71663
14490
109645
23514
51985
82794
89967
84414
64967
94802
91587
59414
91100
36752
36265
67074
28861
9901
34670
32819
32332
92976
109660
13141
105958
105471
52000
113131
111280
25149
55958
49918
111049
15894
44365
109198
80240
26769
82347
83711
62900
57347
87182
7578
40884
100164
73313
97595
105255
97364
78404
108726
44380
74215
51066
112197
24702
5742
3891
113817
64048
71221
33982
90924
60115
67288
33264
92544
40437
15437
44395
74717
42057
72379
113576
30270
58254
20297
113601
111750
80941
60130
56428
36494
66816
63601
93923
2470
11981
70287
68436
104567
104080
102229
39734
100378
71907
94825
34181
46030
13370
74501
79823
49014
22650
52972
51121
50634
111765
111278
23783
86278
1121
32807
40467
7807
2741
93707
59196
89518
36534
99029
4361
62667
69840
96460
18220
14518
21691
52013
17989
79120
89995
21460
44378
23567
55740
114046
90897
37913
11062
9211
69855
100177
15020
73813
101797
14302
75433
10600
14071
44393
85590
82375
112697
114061
61077
27053
91399
5755
64548
88830
9226
3673
33995
30293
3442
92557
13830
102945
78432
83267
80052
49243
108036
27945
58267
50863
77970
106441
53457
85630
85143
83779
34010
60630
56928
94423
92572
40465
70787
97407
72894
97176
95325
70812
104349
51365
81687
77985
109671
75647
20325
50647
83307
62009
60158
86291
8076
36060
32845
64531
63167
97191
43720
11547
41869
102026
18720
107835
73324
26380
79620
26149
109711
107860
27769
58091
54389
52538
59711
28902
91884
36075
66884
65033
30522
94868
41397
7373
100677
68504
36100
34249
94406
45124
11100
105768
105281
71744
100215
78430
21257
85603
60603
89074
34239
215
94396
1835
92801
28455
60141
87248
5306
67801
33777
65950
12966
12479
102081
50461
49974
78932
44908
24974
23123
112725
78214
108536
58767
26594
82172
112007
77983
47661
57172
55321
52983
81454
30321
26619
56941
86776
7172
37494
3470
63627
92098
97420
12263
4859
34694
97189
42354
21056
17354
15503
45338
24040
51147
111304
60171
37022
1634
64129
62278
65980
5105
4618
33089
29874
10427
67369
13898
104864
15031
109699
74311
107617
113426
16420
18271
52551
110857
931
444
29402
59724
89559
7617
36088
95368
43748
7873
9237
102054
96988
15046
7642
69650
100459
3453
96270
14815
14328
44650
105294
102079
101592
78930
110872
25715
32401
91194
81939
114112
64830
28468
9508
36128
94434
10641
14599
53945
52094
84267
78227
110169
87020
112276
37020
67829
31954
93962
68962
99771
97920
65260
76622
71069
73176
112522
47689
76647
46325
84953
90275
929
60209
29400
68746
99555
44233
40044
69002
70366
98837
22217
53026
79159
29877
52308
44904
75226
86588
86101
50226
110870
31266
35224
97719
2564
33373
4415
34737
9993
100959
99108
100472
36613
15315
73621
18299
45406
14597
107414
22257
50241
85885
2579
65074
95396
64587
91694
23646
86141
114125
64843
28481
97918
55809
112751
54214
82685
50025
113007
4214
30834
57454
87776
56967
5834
3496
33818
14858
67611
14627
40760
37545
98189
14396
75040
51891
19231
49553
110684
48189
21338
1891
31726
26173
63668
29644
88924
54900
54413
87073
57884
41908
99824
80377
78526
45866
20866
79659
41933
103064
53295
83617
81766
20635
111601
108386
113221
33130
94261
90559
35237
63221
74583
100716
17410
9519
34288
17179
15328
45163
12990
75972
81063
82427
109047
91451
57914
56063
36616
3956
25510
23172
2361
61154
66963
99136
93096
9790
70434
102120
111631
47285
107929
48649
75756
82929
21567
82211
108831
83831
30847
28996
89153
9549
68342
35682
66004
39153
98433
48664
10938
37071
69244
16260
44731
74566
103524
19244
110210
44013
25053
57226
540
30862
27160
28524
85466
38035
68357
33846
64655
89424
34102
1929
60722
28062
58384
14424
44746
41044
74581
69028
19746
80390
78539
78052
74350
26919
21366
112332
49350
102590
17433
52590
2821
61614
90085
94043
13952
103067
38721
97514
10019
66961
34301
66474
48001
47514
12126
72770
70432
83645
18812
19299
22770
2836
25754
90100
88249
4943
36629
67438
53994
4712
32696
6332
95447
45678
15125
78984
22298
80604
105373
25051
82480
112315
29009
28522
89166
1671
62802
11669
43842
9331
102148
10951
72082
38058
101917
41273
98215
107239
105875
71364
105388
78537
27404
53537
82495
112817
80157
110479
68370
28306
59115
34115
98230
94528
94041
74594
40570
104916
99850
101701
17908
13719
108387
44528
20892
15339
77834
72281
22999
20661
51470
81305
75752
106074
87114
3808
32279
60750
88734
96394
40585
70907
93825
40841
66974
97296
17205
74634
100767
83658
107940
56320
52618
59791
90113
59560
55858
95691
93840
29007
9560
70691
76013
45204
18840
49162
47311
46824
107955
53120
76038
107724
24418
82724
48700
52171
82493
32724
95706
551
88302
65153
93137
13533
102648
63071
94757
13302
9600
72095
41773
37584
68393
11220
41542
19757
51930
2417
29037
87343
7252
47766
78088
25104
34128
58410
5913
98730
22110
16557
78565
108887
23243
109143
12137
44310
108912
26483
113747
111896
3821
58425
88747
3590
98258
74622
8912
105431
64003
65367
103349
46176
74160
101267
102631
81820
81333
49647
79969
56820
53118
90613
25780
88762
28374
60060
37398
35060
65869
96191
90638
6845
67002
97811
74175
104984
81835
79497
78133
56348
79753
74200
73713
22580
22093
83224
49200
109844
29753
88546
4266
29035
59357
93381
10075
7737
38059
104025
92919
13315
39935
71621
70257
66555
98241
105901
71877
104050
50579
48728
111223
27917
88561
55901
88074
83008
31388
63074
61223
27199
10090
108910
85761
5670
2455
95272
93421
117
32290
91083
30439
41801
41314
102445
7290
98743
67934
96405
14950
45272
75594
80916
21892
50363
16339
46661
78834
42959
84156
48281
112140
80454
17472
88991
53603
24645
55454
83438
3834
1496
63991
62140
29967
89247
9156
8669
98271
75122
41098
105444
33694
96189
94338
43205
42718
7330
37652
67974
48527
48040
78362
109171
105469
73296
51998
51511
53362
26511
22809
53131
112411
3362
147
30469
33684
26280
81371
30238
56371
54520
4751
35560
1049
90651
39031
38544
67502
97824
13544
11693
45973
15164
47337
104279
26526
45742
43891
107750
41553
52915
52428
18891
83237
29279
26064
52197
63559
10088
70501
30924
13815
74459
9626
102930
5924
66568
17286
47608
74228
20757
18906
48741
27930
25592
54550
52699
55914
27699
90194
92045
91558
3832
2468
93434
11005
72136
98269
75120
107062
109169
107318
20310
17972
111276
31185
88127
84425
83938
2483
32318
3616
10789
8938
37896
3385
64516
96202
73053
67500
98309
82333
107102
108466
28631
91126
28144
90408
69366
42515
40664
71473
72837
43879
28877
74713
55266
22606
53415
111721
56399
60357
88341
8737
40423
36490
61746
44150
102943
101092
36259
82778
111736
27456
605
93909
31414
30927
29563
23523
53845
61505
30696
57316
88125
6183
1117
97149
95298
32803
11505
8290
41596
52958
18447
16596
105711
78860
75158
104116
52496
82331
876
89991
86289
23307
64273
3885
67744
62191
12909
6869
95984
78875
46215
109197
27024
83966
2024
53413
82371
114057
30264
91395
36073
96717
33735
94379
94866
11073
10586
71230
44866
44379
106874
73337
101321
21717
17528
112683
112196
101577
47619
55279
19404
83263
51090
114072
3428
94394
96014
94163
76567
2966
63610
61272
11503
40461
7801
36759
99254
38123
14097
77956
105063
104576
108534
85385
86749
2956
87005
1361
874
29345
90476
59667
86774
11518
72162
68947
67096
47649
108293
106442
104104
81442
77253
72187
9205
70336
100171
104360
20567
49038
75171
107344
25889
54360
21700
82831
79129
57344
63153
95326
89286
5980
66624
98310
47664
5749
3898
64542
41880
40029
72202
100673
98822
73822
52524
82846
80995
112681
107128
57846
27037
25186
112450
65019
64532
59466
91639
24955
55764
86086
49724
87706
7128
68259
90690
40921
99714
71499
21243
52052
76821
10137
102954
70781
97401
48119
105061
72401
104574
85614
19417
113598
77723
30292
57399
56912
5779
36101
10614
40936
37234
15936
9019
37490
4830
98134
33301
92094
13854
42812
13623
44432
19432
83778
17094
28456
26605
22416
53225
31927
22672
31209
4845
6209
33316
2994
63151
8316
68960
67109
66622
15489
15002
100902
18960
47431
19216
18729
49051
110182
76158
20836
109464
902
62033
2522
65504
91637
90273
8331
36571
99066
66406
98579
36084
72215
7382
7869
112694
78670
76819
25199
56008
51819
24968
53439
21266
110381
1819
34248
94405
70379
102065
15057
78685
75470
78941
110627
108776
105074
55305
30792
30305
32412
239
94420
30561
90718
97891
96040
90487
86785
9032
69676
97660
94445
93958
95809
12503
67107
15974
47660
108791
42107
24998
83304
113626
114113
28469
56940
87262
84924
22685
114138
23
62518
86800
37031
1156
70824
6478
14138
103253
21311
51633
11569
72700
40040
101171
74064
19229
17378
50915
110195
106493
75684
106006
20849
90030
84964
29155
59477
40517
67137
34477
61097
9964
5775
36097
98592
63204
72228
96510
78914
44890
51186
60210
54170
84492
84261
82410
30790
93772
59261
5790
37963
32897
64583
41921
74094
7410
37732
35881
96525
47243
24094
113209
47012
12988
40972
71294
78467
110640
84276
21294
112260
30318
87747
2103
94920
91218
35896
63880
60665
98160
97673
75498
73160
103969
39623
16474
105102
112275
11
27118
36142
25036
22698
112300
111813
113664
60680
60193
87300
67853
10680
42366
67135
97457
48175
45837
78010
11813
76159
53010
44242
51415
18755
15053
109721
108357
104655
24564
109977
62059
86828
3035
94001
101661
101174
34977
65299
60233
91919
34746
46108
12084
40555
70390
38217
68539
18770
79901
79414
45390
106034
83372
84736
79670
79183
25968
57654
54439
84761
88463
23630
55803
2332
481
93785
55572
36125
66447
62745
91703
93554
70405
102091
68067
100240
47256
46769
44918
24107
52091
18554
10663
71794
18323
80818
80331
111140
50009
77116
56305
111396
29454
91462
89611
36627
94933
11627
11140
41462
38247
68569
71784
64380
28505
68338
94471
92620
12529
42851
39636
39149
16487
77131
76644
44471
19958
51644
49793
112288
24
53264
85437
79884
108842
83842
81991
20860
30371
29884
91015
90528
87313
92379
56504
3520
33842
64164
69486
101659
48188
47701
19973
46593
72726
51915
112559
104668
26428
55386
85708
31750
58857
57006
86841
35221
66030
63692
92650
94014
10708
65799
31775
31288
10477
37097
36610
66932
97741
94039
41932
40081
40568
49105
110236
79427
15081
22254
19039
18552
113220
25494
24130
27601
27114
6790
3088
13476
43798
10261
40583
70418
16947
110251
15096
24120
75996
41485
102616
52847
79467
14634
105600
996
89624
102119
63029
5856
36178
9327
103508
16500
14162
107466
84317
80615
110937
78764
80128
28508
59573
87557
112813
93366
60706
91515
94499
71837
16515
46837
78523
103292
97739
95888
16284
74590
21606
19755
82250
21119
76697
20888
32250
60721
98216
65556
38705
3317
69514
33152
61623
91945
99605
68796
70903
49605
25092
79696
32265
26712
91058
56547
54696
110274
24630
53101
113258
90596
97282
74620
17447
107926
43836
11176
105844
41985
100291
51009
44969
56331
84315
1009
28993
91488
4480
91744
32720
93851
91513
89662
11909
68364
43851
9827
74173
100306
49173
48686
77644
109330
19984
82479
111437
110950
82966
59817
88288
50075
76695
107017
85719
83868
21373
30884
93379
75
41528
7017
20230
107494
67430
76454
41066
70901
101710
49603
78561
110247
26454
87585
32263
92907
91056
7263
11221
41056
113743
1479
39461
38974
67445
97767
14461
12610
99874
15594
110262
107047
105196
85749
32278
90584
55196
18834
79965
110287
108436
58667
24643
87138
85287
22305
82949
83436
92460
59800
36651
97782
32949
95444
33436
10287
101253
100766
44080
104724
36189
43849
102642
78129
110302
24658
86666
82964
111922
90624
6831
65137
63286
2898
33220
93864
29031
90162
68377
66526
100550
45228
106359
50550
79021
75319
113301
109599
90152
59343
17915
79046
48237
108881
1939
88
60732
57517
38070
68392
36219
96863
95012
92674
70012
48714
79036
77185
37608
98739
16310
47119
75590
42930
14459
71401
51954
82276
112598
25590
51723
82532
83896
57532
36234
66556
32045
95027
53112
1979
33665
128
60772
30450
89243
44309
41094
71416
101251
46416
15607
107060
105209
104722
13756
53589
53102
80209
1969
32291
53358
81829
83193
51020
109813
56829
87151
114258
33680
28614
94324
58936
69811
39002
14489
10787
40622
103604
15622
79968
46431
44580
101522
101035
36689
74671
74184
104506
18862
110315
45482
24671
1035
29506
25804
4506
65150
63299
94108
4762
2424
31382
63068
11935
39919
15406
14919
45241
106372
72348
17026
15175
105654
53157
20497
1537
30008
61694
113570
32761
57530
68892
4059
68405
15421
45743
7530
7786
7299
37621
98752
47132
107776
50603
113098
105207
57289
54074
80207
63098
30438
116
38098
66569
87636
54976
87149
24654
33678
60785
71660
3125
16825
107791
75131
82791
44578
26982
52238
49669
110800
112164
55478
22818
89015
56842
5709
113784
30478
58949
90635
9180
8693
3627
12164
97577
14271
78617
40404
67511
99197
97346
48064
43875
19362
18875
110328
58708
82990
86461
92270
35584
33733
1560
1073
4544
68890
97361
17757
15419
13568
106385
70997
102683
105021
80021
17039
45510
75832
85343
81154
31872
62194
22130
51088
109394
25601
113352
33261
65434
59394
27221
70756
68418
15434
9881
40203
47376
7799
7312
101980
98765
16336
113111
80451
78600
24252
54574
1103
29087
38111
65218
25641
57814
114269
63136
60798
9178
98780
48780
80466
57804
86275
83937
49913
114259
82342
28871
26533
56855
53153
30491
94350
62664
35813
69350
100159
12664
101292
73077
103399
98333
78886
72846
21226
50184
78655
76317
108490
28886
106639
56870
83490
3399
6870
90919
86730
64068
95754
92539
61730
93903
65432
40432
101563
104547
100845
21241
20754
15688
108505
106167
24712
21010
85356
83018
106423
22143
49250
48763
56423
88109
30936
8274
101578
36745
67554
74727
49727
13852
10150
39985
102480
66605
96927
13621
13134
106438
24496
22158
50629
113124
80951
77736
111273
82571
90231
89744
87893
36760
66595
62893
34678
65000
64513
654
58960
11529
68471
67984
94604
16851
77495
14513
71942
102264
73306
52495
82817
107586
25644
85801
43009
105504
44373
12200
73331
82355
110826
90015
63164
93486
64528
58975
35826
96957
12677
73321
104130
48808
9231
103899
69875
6893
69388
48577
44875
109221
75197
105032
18024
80032
78181
78668
25197
26561
87205
83503
30032
60354
65676
97849
56908
35123
1099
63594
31421
68916
65701
65214
40214
100858
51576
48361
78683
81898
28914
55047
53196
108774
24494
85138
114096
18941
79585
109907
27965
90947
33774
33287
93931
90229
36758
15947
40485
101129
36296
43956
74278
20320
47427
54600
23791
52262
82584
2980
6451
36773
2749
66608
30733
25667
25180
55502
86311
6220
66864
8327
72186
40500
98806
75657
22673
111788
109937
108086
54615
84937
86557
54384
61557
59706
59219
2046
32368
58988
70350
5517
3666
98821
12690
103656
12459
10608
73590
71252
41417
99723
68037
109003
89556
87705
56896
63192
70365
68027
7152
35623
62730
91201
12474
69903
18283
15945
72887
112720
25225
55547
56911
82167
76127
22656
81936
80085
49276
89109
83069
94431
60407
5085
35407
67093
21282
63160
12027
10176
9689
70820
8325
106464
105100
20820
81951
112273
28480
26629
87273
86786
3480
64124
92595
58084
1398
88175
86811
32853
40026
38175
13662
108330
47199
20835
52521
79628
26157
58330
16902
79397
105530
79166
109001
28910
90041
87703
85852
64554
40041
6017
70363
96496
45363
73834
22701
32406
39579
100710
77561
52561
50710
18537
941
27074
89569
34734
28694
9734
7883
37718
479
30801
93296
62974
56934
37974
96767
32421
37743
37256
66214
97900
48618
74751
71536
71049
48387
112246
76858
87246
74289
19454
81949
111784
109933
5816
35651
2114
62758
30098
10651
8800
35907
96064
44931
103237
101386
96320
42849
40998
67131
17849
76155
106477
104626
20833
83328
81477
79626
22
88650
113419
94459
93972
29626
58097
92377
28031
27544
56015
86337
3031
1180
40039
38188
98832
74319
106492
20848
79154
108112
86814
81748
47237
75708
73857
54410
85219
113690
81030
109501
29410
92392
90054
86352
63690
89823
95632
104656
70145
32419
71765
98872
13228
75236
79194
109516
53707
3938
34260
32409
64582
93053
91202
40069
112756
114120
62987
91458
56947
89120
5327
33798
94929
43309
10649
71780
39120
18796
107911
52589
21780
78722
50020
111151
78978
112771
32680
26640
24789
56962
85433
32449
37284
67606
42606
103250
35689
4880
64160
3029
42862
44226
40524
70846
101168
75035
19713
50035
14160
78019
72466
53506
53019
83341
112299
110448
24804
55126
83597
1168
10679
37068
97712
71348
70861
6515
78521
106505
42159
20861
19497
19266
45886
45399
75721
22250
85232
82894
952
27572
58381
3059
29192
92174
42405
11596
68538
4192
13216
11365
37985
63241
62754
93076
7432
98885
109760
13241
113231
18076
29925
90569
6776
65082
3976
94942
60918
43809
43322
47280
46793
79453
18578
50264
52371
19711
48182
105611
25520
21331
85677
81975
83826
57462
56975
7693
3991
34313
71321
10933
35702
67388
96346
39660
71833
39173
106990
25535
55857
51668
112799
109097
26668
55139
83610
5370
30626
64419
60230
5395
96361
63701
71361
103534
97494
17890
15552
106518
53534
17172
78303
47981
100734
112096
79436
77585
45412
54436
79205
31774
29923
65080
734
93551
101211
67187
108871
76211
36634
95914
46145
7932
101236
98898
21145
45914
47278
29451
86880
95904
22303
86649
88013
110931
57460
85931
6327
3989
99144
2138
94955
66971
91253
93591
68591
100764
73913
20442
50764
111177
78517
14171
105137
21831
54004
110946
1020
29491
59326
88284
94970
9813
35946
13284
44970
70226
44739
102168
103532
78532
25061
59341
26681
58854
62812
32003
85243
51706
34110
31772
87350
86863
9110
94523
37350
69036
17416
46374
74845
104680
72507
102829
112827
78803
114191
70912
19779
82274
17441
79936
87109
51721
51234
32274
62596
60258
88729
3572
1234
17431
10514
67456
104951
9796
102613
103100
21158
49629
17456
45440
106571
52613
110042
111406
90595
4464
32935
63744
86662
52638
84324
82473
63026
29002
6340
104966
9811
101264
102628
97075
13769
13282
73926
111421
47331
107975
107488
44993
58206
86677
82975
30868
61190
90148
25315
56124
91999
63297
64661
38297
68132
98454
9595
7257
37579
95008
13066
44752
10728
73223
39199
105883
101694
69521
78545
107016
103801
103314
86205
78314
59354
26694
89676
25330
67014
2668
93147
23248
86230
84379
99
62594
57041
7759
70254
5421
36230
66065
71874
41065
71387
14214
74858
73494
21387
109138
70925
99396
78585
57287
51734
82056
112378
53098
1965
32287
1247
61891
92700
90362
41080
37378
57958
8676
37147
97791
63767
93602
44320
104964
68602
110286
113757
1980
60773
29964
3600
33922
32071
92715
24667
56353
87162
86675
31353
92484
37162
36675
33460
97319
40146
70468
17484
108450
43617
50790
77410
75559
73708
102666
20724
50559
111690
16535
109352
79517
106137
22344
21857
82501
25328
4517
36690
94996
71847
89699
9608
99210
45252
100830
18888
50574
108003
56383
55896
110987
25343
63325
55434
86243
114227
3814
29070
60756
87376
37607
64227
14945
11243
98507
43185
73507
105193
83895
75127
42954
101260
50127
48276
47789
51491
108920
20938
31813
58920
87391
34407
66580
66093
64729
41580
7556
37878
102224
96184
10540
39498
7325
98291
44820
19820
51993
78126
76275
85299
51762
32315
58935
90621
56597
64257
96430
24193
5233
1044
58473
6853
8217
4515
6366
67010
102654
101290
17010
13795
44117
108463
24670
83463
82976
111934
11226
70506
77679
24695
83001
90661
88810
8719
39041
35339
33488
9852
40661
72834
59390
11959
38579
68901
101074
95034
13092
75587
9390
76074
100843
17050
111718
75843
75356
26074
86718
52694
81165
112851
109149
36231
76745
21423
4314
112389
28596
26745
35769
96900
9405
73751
73264
68198
48751
14727
46900
83031
105949
18454
80949
79098
27478
26991
114255
32800
63122
92957
28611
38122
36271
33933
62404
11271
7569
37891
67726
96197
11040
66131
65644
41131
21684
15644
78139
23304
112419
2006
58948
26288
4990
26544
26057
85337
34204
30502
64039
92510
39039
37188
37675
14039
10824
101790
14064
104543
70519
114054
109865
24221
113336
33501
91807
10352
70509
102682
31419
29568
59890
6419
101087
64725
95047
43427
71898
70047
81409
50600
109880
77220
105691
25600
82542
90689
59880
95780
93929
92078
70780
62889
95062
9418
17078
75384
105706
103855
107813
73789
42980
102260
80962
17980
78624
108946
82326
113135
57813
88135
87648
52260
110566
91119
67970
62904
93226
104101
64524
94359
60335
99681
63806
75168
113150
109448
108961
93472
27275
58961
57597
28639
80028
112201
108499
57366
83499
113821
31879
60350
7366
39052
96481
41159
10350
49696
80505
110827
108489
106638
25183
46250
108745
76085
100854
21250
22614
45532
25854
56176
67538
2705
67051
31176
44876
105520
1110
31432
94414
63605
8283
38605
15456
46265
72885
42076
81909
81422
17563
54571
26356
88364
113133
90471
57811
25638
86282
4340
63620
59918
59431
67091
95075
45793
9431
72413
109421
26115
54586
16373
13158
10820
73802
71464
105488
52504
16142
35164
63635
93957
93239
11784
43470
37917
68726
65024
2042
38173
102519
98817
98330
15024
101801
21710
18495
46966
55990
53652
110594
32841
181
29139
30503
91634
55272
86081
437
83512
36081
32379
31892
92536
68023
35363
35850
38834
103180
47858
105287
78923
14090
74734
84245
48370
25221
22883
84014
1585
64567
92551
3205
67551
14080
75211
71509
95560
14105
44427
42089
105071
40238
15238
106691
26113
56922
112013
88864
48800
84931
52271
32824
59931
92104
6460
67591
97426
42104
47913
80086
74046
97451
108326
82839
18493
29855
2517
63161
89781
97441
64781
96954
11797
9946
34715
97210
9715
72210
35848
47210
106003
18021
111325
50194
107136
25681
55516
84474
112945
91160
24963
114078
109012
61581
57879
55541
87714
32879
89821
89334
70374
100696
98358
15052
41672
9012
39334
25696
99747
98383
48614
105556
42574
23127
18061
47896
59258
83540
90713
33540
42564
7176
2987
33309
90738
92102
101126
67102
15969
13631
76126
47911
28951
53720
51382
112026
249
85662
51638
83324
113646
18
28489
3489
33811
63646
99290
34944
13646
45819
101397
102761
76397
106232
102530
68506
66655
47695
45357
75679
20844
51166
82852
48828
83339
77299
107621
29868
2530
6001
97454
63430
98818
93265
9959
36579
5770
93521
91670
38199
6026
100694
45859
108354
43521
74330
104165
53032
19008
82867
79165
109974
86825
86338
52314
59487
22248
84743
109025
36594
5785
95387
89834
91198
9256
40065
70387
15065
39347
99991
79180
75478
74991
96058
46776
75247
82420
19438
78718
80569
106702
58784
53231
113875
3949
1611
32420
62255
9758
98873
68064
13229
1636
62767
94453
32445
42833
7445
69453
18320
105584
71560
74775
21791
112757
47924
78246
108568
23411
55584
81717
113890
51164
113659
111808
83337
24800
88659
54635
4866
3502
33337
29635
59957
93981
60444
40510
63428
76641
74790
9957
109947
67155
19237
47708
45857
41668
20857
83352
110459
56988
88674
5368
33352
29650
33121
63443
13674
86361
4906
32890
93534
41914
7890
67170
98856
16914
75707
102327
22723
53045
49343
18534
22492
112971
111607
707
32880
19923
81054
113227
25732
89591
25245
85889
5798
95400
28716
59038
6054
97020
15078
104193
53060
79680
75978
104449
68087
100260
20656
15103
45425
48640
82920
82433
90093
57920
25260
89862
100737
97035
94697
87780
33822
62293
43333
12524
7458
39144
96573
18333
44953
44466
46317
105110
27126
55110
51895
82217
83581
30597
62283
102797
62770
60919
83837
49326
112308
58350
90523
26177
36175
3515
35688
62795
93117
94481
9324
18348
46819
77141
16010
71588
78761
47952
110934
38697
97490
19737
50059
49572
76679
107001
45870
19506
114174
47490
108621
60703
55150
5381
113456
3043
64174
30150
90794
10703
69496
63943
97480
86861
66927
42414
40563
8390
66696
73869
20885
111851
79191
47505
86851
52827
85000
32016
31529
53083
976
56554
3083
34769
65091
65578
89860
101222
97033
76222
74371
13240
72033
100504
22751
49371
79693
49140
104231
79231
59784
27611
23909
65106
29231
93090
61404
40106
36404
5595
69941
64388
34553
57471
89644
38024
64644
64157
1662
102139
15131
14644
77139
106097
75288
75775
24155
23668
18602
113270
52139
48924
29477
28990
90121
54246
86419
112552
32948
32461
23693
52164
85470
32486
62321
37321
35470
16510
71601
19981
19494
48452
110947
78774
69519
16048
44519
78056
102825
22734
21370
51692
81527
47503
108147
30394
26692
24841
88700
22503
33865
33378
97980
33147
3568
98236
14443
44765
10254
8890
108880
11874
47518
28558
55178
113484
1707
73907
26476
22774
52609
81080
31798
27609
25758
56080
26245
6798
67442
2609
95913
90360
106070
53086
43831
102624
98435
77137
12791
101906
113268
90119
88268
3111
1260
12135
69077
65375
64888
95697
66739
59822
89657
88293
66508
69979
98450
18846
45466
77152
79259
110945
48450
105648
84350
82499
114185
80648
59350
60714
34350
5648
71358
94276
105638
105151
69532
101705
17912
46383
76705
84365
53556
110985
80176
29043
55663
36216
34365
3556
92671
37349
33647
90589
39456
67440
95911
63738
42440
101720
98018
97531
17440
105191
83893
82042
17209
47531
87133
54473
20449
48920
111902
109564
27622
90604
59795
4473
34795
11646
42455
69075
13753
23264
14009
76504
9820
103124
17480
76273
53124
111430
59810
56108
85066
33446
63281
94090
70941
4744
67239
4257
68603
27175
34835
4026
9348
70479
69992
107974
106123
76934
59825
79041
46381
14208
52190
55661
86470
34363
63321
30661
60983
95007
11214
72345
39685
102667
100816
17023
14685
77667
43156
41074
100354
23734
52205
82527
28569
53338
4056
34378
36229
64213
354
32040
95022
123
62131
91089
86900
3594
37131
10280
70924
44560
42222
21411
80204
86013
112146
24651
20949
28609
26758
56593
67955
10295
71426
40617
67724
101261
102881
63304
15386
72815
19344
47815
110310
49179
53137
85310
81121
29988
56121
88294
6839
35310
2650
63781
93616
60079
38294
32741
63063
2675
32997
96856
93641
104516
53152
20979
81623
79772
77434
50583
77690
109863
25583
22368
80674
1070
30905
27690
85996
5905
36714
67036
97358
30674
36483
102193
68656
71640
45276
71409
18425
105202
54069
51731
83904
114226
78351
29069
86011
53351
85524
66564
367
91820
89482
11242
38349
37862
102695
32796
64969
29094
59416
89738
60780
9647
38118
5458
66589
35780
67953
94573
70291
41589
71911
101746
18440
79084
14251
73044
23762
25382
50151
46449
108944
76284
106606
85795
21449
113779
58944
89266
86928
3622
12159
14266
44101
94126
74679
43870
11697
47828
79514
109836
24679
166
30001
91132
57108
1299
90414
42983
5257
113332
33728
63563
60348
92034
10579
4539
99207
67034
44372
43885
17521
80016
47356
78165
79529
17034
53165
17059
22381
52703
52216
113347
63578
57538
87860
2216
34389
96884
91331
42049
70520
39711
100355
15198
106164
75355
74247
72396
70545
39736
9414
18438
80933
45545
56420
112875
59891
91577
86024
36255
66577
93684
11742
11255
112900
149
32322
89264
34429
96924
32091
92735
75626
73775
41602
71437
42966
98544
67735
50626
78610
76759
74908
112890
48057
28610
89741
52015
82337
49677
79999
25164
83957
79768
28635
58957
90643
4122
3635
95088
43468
101774
67750
17981
69370
66155
68006
63817
35346
77030
43006
107352
70990
107121
105270
53650
20990
82121
55014
179
32352
91145
56634
87443
3650
1799
60592
113832
113345
83023
31403
93898
58023
6890
94154
63345
10361
74707
42047
101327
43898
97138
17047
44154
106649
53178
77460
29542
25840
22138
47394
58756
24732
53203
83525
86740
1096
99722
31187
63360
74722
45533
36278
67087
9427
71922
22640
81433
45558
77244
109417
21922
83053
65226
2244
93210
82104
112913
34673
30484
87426
64277
96450
11293
41615
7104
15251
79110
56448
54110
84919
20573
109688
20342
48813
112672
76797
57837
88159
87672
83970
57606
5986
3648
98803
93250
92763
41630
41143
102274
68250
48803
107596
102043
37210
100192
105027
71490
71003
80514
80027
46490
78663
104796
25192
111969
32365
58985
90671
89307
85605
5514
90927
22392
31903
1094
91183
41414
5539
6903
33523
94654
41183
103678
72869
103191
99976
15696
110364
104811
21505
19167
112471
51340
49489
60851
60364
22638
17572
24745
87240
24258
83051
3447
33769
6918
69413
36753
97884
4580
35389
65711
74735
103206
67331
36522
99504
17075
108041
8307
38629
38142
43695
65249
74504
95571
34440
76124
102744
52744
113388
112901
61768
56702
87024
37255
67577
5082
97412
92346
33322
61793
29133
90264
30984
95586
45330
9455
100421
49288
15264
75421
73570
103892
23801
20586
20099
18248
109701
52528
107619
23339
85834
54148
53661
60834
89792
1810
64792
98329
62941
11321
10834
71965
71478
68263
102287
37941
73329
14792
48329
45114
37710
99718
52543
82865
19883
48354
16181
27543
32865
93509
28676
36336
66658
53214
64576
90709
9254
41427
69898
3214
64345
63858
65709
94667
12725
12238
105542
40709
18047
17560
47882
78691
74989
21518
21031
22882
112484
22651
81931
50891
94426
25891
6444
5080
8551
39360
67344
39129
101624
97922
15493
9940
104608
40262
71071
51624
18964
15262
110417
56946
22435
83566
33797
60417
92103
86550
86806
3013
33335
40021
98814
97450
43979
72450
17128
109458
84458
18261
665
22219
20368
16179
111334
108996
56012
84483
85847
93763
74316
72465
41656
40061
39574
36359
102556
77556
105540
101838
20383
80540
78689
55540
2556
705
218
63200
30540
57647
55309
1838
55078
84036
2094
92573
58549
7416
34036
65722
97895
14102
42573
72895
80555
49746
107175
76366
25233
51853
72920
47920
55580
22920
91224
9282
5580
97910
94208
71546
101381
12035
40993
6969
6482
4631
34953
65275
42844
10184
72935
42126
17613
108579
108092
106728
22935
86794
81241
31959
25919
65265
28026
57861
56010
84481
31010
93505
90290
10199
6010
99314
93761
13670
72463
101421
49314
110445
24801
113916
113429
75703
79174
24339
61834
57645
66669
2323
11834
74329
38454
102313
104164
11116
41438
6050
5563
100231
75231
41694
100000
22247
113213
48380
105809
22016
82660
30553
59511
26851
57173
7404
68535
35875
97006