420
879
307
154
1068
212
1031
148
292
397
350
513
618
360
1274
247
1284
593
296
783
602
280
385
1256
177
1262
1156
923
686
1330
744
1159
907
650
536
1001
1297
24
1042
1147
1205
138
703
973
524
1285
1271
888
1190
1077
825
108
672
1040
730
890
188
63
141
246
1123
384
90
1366
969
1236
961
302
39
889
86
164
957
232
119
1204
1309
1051
79
370
199
533
315
945
1134
1239
395
558
1318
150
731
1227
488
822
1019
1343
921
301
597
655
169
1135
818
1007
268
602
69
173
1363
643
136
701
434
256
813
1351
791
324
1075
1238
1250
670
557
1306
462
520
349
625
407
71
932
738
1168
1217
487
184
242
300
405
1224
914
1329
597
267
325
955
230
39
31
1307
531
418
82
1292
265
1179
790
762
1029
531
527
348
873
406
311
1177
1235
103
496
612
717
1334
871
595
167
1223
721
542
17
600
896
964
1231
126
538
1356
1348
1299
1003
81
1357
769
676
209
114
611
802
289
623
24
252
357
809
1071
398
390
619
1
1026
834
240
403
699
975
297
1222
662
541
646
982
1014
170
37
1331
701
125
164
813
988
1107
891
321
1278
1245
685
113
1303
743
218
966
31
259
193
1191
768
101
673
494
836
1025
1362
449
974
1229
814
919
683
548
1013
46
332
962
219
696
229
124
1314
1106
542
369
892
1089
1365
950
1244
1302
800
1046
1036
1295
985
1279
147
1244
777
598
617
343
918
682
765
1059
830
753
1128
62
545
1364
158
683
788
846
121
1311
1035
110
58
146
21
671
204
1012
463
912
505
134
239
812
764
869
185
960
243
857
1046
820
649
707
977
490
1114
528
32
267
1097
215
682
740
845
565
1034
474
579
532
1293
983
67
844
203
308
979
382
312
1178
1236
926
1117
1109
497
539
168
422
502
226
856
380
648
706
994
1362
78
681
786
844
1317
1138
993
595
108
1043
1101
362
1189
1149
461
566
471
358
1339
980
64
925
200
1189
830
659
183
288
241
797
52
1328
130
1149
760
589
647
705
1371
530
9
369
427
783
1030
299
633
454
149
1234
1339
207
924
1081
495
553
658
716
796
250
959
588
1053
809
493
333
526
180
1370
337
295
1315
1162
576
634
1049
1041
8
644
877
74
1150
1047
298
1000
519
261
1338
1195
657
562
667
550
1163
1268
136
1326
1173
1118
575
873
284
823
163
1266
956
1087
118
262
367
425
272
159
781
668
28
631
5
365
838
1184
1300
128
607
561
190
905
353
855
516
862
1335
1156
596
491
654
817
283
341
1255
695
228
858
1265
133
679
1010
572
271
376
870
1195
885
943
1358
1168
1237
677
572
1045
630
945
1118
517
539
60
358
309
308
1346
214
258
389
687
723
352
448
861
966
498
1116
653
1021
711
1126
282
952
445
954
1369
38
116
641
909
433
390
1252
688
225
750
26
588
458
421
526
1287
977
155
1345
1250
940
238
514
1275
143
1333
773
306
49
1180
710
386
951
236
1208
1055
570
537
1298
166
224
329
289
854
208
838