5 22 27 45 73 102 106 108 110 112 114 137 138 141 143 145 146 152 154 156 160 168 212 230 242 246 248 259 270 276 284 313 321 332 334 344 , 1 23 31 % 36 , 3
11 14 25 30 34 35 56 67 69 75 80 81 101 103 105 129 141 147 164 173 175 189 196 199 204 214 216 222 228 302 312 320 333 334 335 , 18 20 24 % 35 , 3
11 13 14 25 28 30 31 43 56 65 67 69 70 75 77 78 80 81 101 105 129 130 132 134 149 173 175 199 200 214 216 222 228 244 312 313 320 , 12 14 16 % 37 , 3
11 14 17 20 25 28 30 31 35 36 43 56 65 66 67 69 70 75 80 81 101 105 119 129 130 147 148 149 173 175 189 196 199 200 213 214 216 222 228 235 244 312 313 320 , 12 14 20 % 44 , 3
11 14 25 30 31 35 66 69 80 81 101 103 105 119 127 129 130 147 148 149 173 175 189 197 200 213 214 216 222 228 231 244 270 302 312 320 333 334 335 341 , 14 20 22 30 % 40 , 4
9 22 86 92 114 115 120 127 129 138 141 143 145 146 152 155 160 168 197 198 211 239 247 270 273 275 276 284 288 293 305 313 350 , 1 27 29 % 33 , 3
11 13 14 25 29 30 51 56 67 69 71 80 81 101 103 105 121 129 141 142 149 162 173 175 200 209 214 216 222 228 270 302 312 320 333 334 335 347 , 16 22 24 % 38 , 3
5 22 102 114 115 122 127 128 129 130 134 137 138 141 143 145 147 149 154 155 156 160 166 168 210 211 212 218 224 226 230 231 232 240 244 246 247 248 256 276 284 288 289 293 295 305 318 321 322 323 329 331 334 344 348 350 , 1 19 29 % 56 , 3
11 13 14 25 30 56 67 69 71 80 81 101 103 105 129 141 142 162 173 175 209 214 216 222 228 302 312 320 333 334 335 , 16 18 22 24 % 31 , 4
11 14 25 30 31 34 35 43 69 80 81 101 103 105 129 141 147 173 175 189 199 204 213 214 216 222 228 231 302 303 312 320 333 334 335 , 18 20 30 % 35 , 3
5 22 102 114 121 127 129 137 138 141 143 145 149 154 156 160 168 178 212 213 224 230 246 247 248 259 269 276 284 289 303 320 321 332 334 344 , 1 19 23 % 36 , 3
11 13 14 25 30 35 57 67 80 81 101 105 129 141 142 147 162 173 175 189 196 209 214 216 222 228 302 312 320 333 334 335 , 18 22 24 28 % 32 , 4
22 84 102 114 122 124 128 132 134 138 141 143 145 149 154 155 156 160 168 172 182 200 203 205 210 212 213 218 224 226 230 231 240 246 248 259 276 284 287 289 293 321 322 329 330 331 332 334 344 348 , 1 19 33 % 50 , 3
22 102 114 131 138 141 143 145 155 156 160 168 177 190 205 208 212 230 237 238 246 248 250 252 270 271 284 294 321 322 323 329 333 334 347 348 , 1 17 31 % 36 , 3
11 13 14 25 30 35 56 57 67 69 71 80 81 101 103 105 129 141 142 147 162 173 175 189 196 209 214 216 222 228 302 312 320 333 334 335 , 18 22 24 % 36 , 3
22 63 84 94 114 115 121 127 129 138 141 143 145 155 160 168 173 200 211 237 247 259 269 276 284 288 293 303 305 317 320 343 350 , 1 19 27 % 33 , 3
11 13 14 25 28 30 31 35 43 56 67 69 70 75 78 80 81 101 105 129 147 173 175 189 196 199 213 214 216 222 228 312 320 , 12 14 18 % 33 , 3
11 14 25 30 35 66 69 80 81 101 103 105 129 147 149 173 175 189 197 199 200 214 216 222 228 270 302 312 320 333 334 335 341 , 14 20 24 30 % 33 , 4
11 13 14 25 30 35 69 80 81 101 103 105 129 141 142 147 173 175 189 209 214 216 222 228 302 312 320 333 334 335 , 18 22 24 30 % 30 , 4
11 13 14 19 25 30 31 34 35 43 80 81 101 105 129 141 142 147 171 173 175 189 205 209 213 214 216 222 228 231 302 312 320 333 334 335 , 18 28 30 % 36 , 3
11 13 14 25 30 34 35 37 69 80 81 101 103 105 129 141 142 147 173 175 189 199 204 209 214 216 222 228 302 312 320 333 334 335 , 18 24 30 % 34 , 3
11 13 14 25 28 30 31 56 67 69 70 80 81 101 103 105 129 142 173 175 214 216 222 228 302 312 320 333 334 335 , 14 16 18 22 % 30 , 4
11 14 25 30 35 56 66 67 69 75 80 81 101 105 129 147 149 164 173 175 189 196 199 200 202 214 216 222 228 312 320 , 12 20 24 % 31 , 3
11 14 25 29 30 35 56 66 67 69 80 81 101 103 105 129 141 147 149 173 175 189 196 197 200 214 216 222 228 270 302 312 320 333 334 335 341 347 , 20 22 24 % 38 , 3
2 7 23 27 45 66 98 100 102 106 108 110 112 129 151 152 154 155 156 168 208 212 230 240 242 248 259 277 287 303 319 321 331 332 333 334 341 344 , 13 15 5 % 38 , 3
11 13 14 25 27 30 34 56 67 69 71 75 77 80 81 101 162 164 173 175 209 214 216 220 222 228 312 320 333 334 335 , 16 24 8 % 31 , 3
