1 22 54 86 87 88 93 101 107 123 138 143 156 158 207 245 269 290 343 346 , 9 % 20 , 1
66 131 152 154 155 180 203 207 231 233 258 260 275 277 317 318 319 333 342 348 , 13 % 20 , 1
93 115 122 141 149 156 213 285 287 289 293 299 305 309 311 318 323 331 332 335 344 , 19 % 21 , 1
17 27 29 41 52 53 55 57 75 98 109 110 165 166 194 202 204 206 212 220 228 , 21 % 21 , 1
88 135 173 197 198 203 207 209 231 233 258 266 267 271 275 318 319 322 330 335 346 , 23 % 21 , 1
3 7 17 21 23 27 29 45 51 52 77 79 170 187 188 190 202 250 252 298 311 , 18 % 21 , 1
3 15 21 49 51 52 55 68 71 140 162 167 170 187 188 194 204 206 220 337 338 , 14 % 21 , 1
1 11 21 25 31 33 41 43 51 53 67 69 75 81 166 170 176 190 216 220 222 , 15 % 21 , 1
4 20 33 47 56 84 88 147 149 152 155 241 257 274 276 302 303 320 335 345 349 , 3 % 21 , 1
147 154 155 156 158 203 205 256 259 273 276 280 289 290 321 322 329 332 334 344 346 348 , 27 % 22 , 1
47 54 103 105 125 140 141 153 159 195 219 231 264 281 282 287 297 303 310 313 347 348 , 2 % 22 , 1
17 21 27 37 41 45 49 51 53 55 59 61 71 77 89 95 98 136 172 182 186 307 , 28 % 22 , 1
17 21 23 29 53 55 77 95 140 162 166 170 182 186 194 206 218 220 224 226 232 307 , 30 % 22 , 1
5 9 50 140 143 145 154 155 160 161 195 197 260 284 289 290 313 334 342 343 344 349 , 25 % 22 , 1
11 17 25 37 51 57 63 67 69 77 79 132 134 142 166 182 188 194 198 210 214 218 232 , 5 % 23 , 1
11 17 28 37 41 43 57 63 69 77 78 79 81 134 164 166 172 182 189 190 214 218 226 232 , 23 % 24 , 1
11 19 33 41 51 52 53 67 69 75 77 78 79 164 166 182 187 196 200 206 222 246 297 307 , 13 % 24 , 1
19 27 29 31 35 41 43 53 59 67 71 81 98 100 162 184 190 196 198 210 216 220 222 228 , 3 % 24 , 1
16 84 127 131 141 149 160 207 233 239 243 245 258 273 287 290 312 318 319 321 322 331 333 334 , 7 % 24 , 1
17 25 29 55 81 132 162 170 172 184 186 188 194 202 204 210 214 216 218 220 224 226 228 232 , 13 % 24 , 1
11 17 25 43 55 63 69 77 79 98 100 109 132 134 166 170 182 184 187 200 204 218 222 232 240 , 31 % 25 , 1
3 19 21 27 28 31 39 63 77 78 79 87 148 162 166 167 184 189 196 206 214 220 222 228 250 , 33 % 25 , 1
17 19 21 23 28 37 51 53 67 69 75 77 78 79 162 164 184 186 194 196 206 216 222 250 307 , 19 % 25 , 1
3 29 31 35 41 52 53 55 59 71 81 114 162 165 170 180 184 187 196 204 216 220 222 224 226 228 , 5 % 26 , 1
3 7 11 15 25 29 31 43 65 67 69 71 75 100 104 109 112 164 184 186 194 216 218 222 232 240 , 7 % 26 , 1
13 17 21 23 25 27 41 45 51 57 63 71 77 108 132 134 164 182 186 200 202 204 206 214 222 226 , 17 % 26 , 1
17 21 23 28 37 45 57 63 75 77 78 79 124 125 132 162 164 170 182 186 200 214 216 222 229 327 , 29 % 26 , 1
21 23 37 51 52 57 63 69 75 77 79 124 132 164 170 180 182 186 188 206 214 218 232 234 307 327 , 3 % 26 , 1
17 19 23 29 45 52 69 77 78 79 81 95 110 112 164 187 188 206 212 214 216 218 220 222 224 228 252 298 , 9 % 28 , 1
1 7 13 15 25 26 27 29 41 43 45 57 71 81 106 108 110 112 167 170 188 190 202 204 214 220 228 252 , 19 % 28 , 1
7 9 17 45 49 61 102 106 128 130 134 166 168 172 176 192 200 202 204 208 224 226 230 244 246 248 250 252 , 2 % 28 , 1
9 22 50 66 97 114 115 121 138 141 143 145 146 152 155 160 168 198 199 200 211 237 239 274 284 305 313 346 , 27 % 28 , 1
3 7 19 21 23 28 29 31 37 41 53 78 81 162 164 167 172 186 188 189 196 202 214 216 220 224 226 228 , 31 % 28 , 1
2 16 38 84 116 118 140 149 154 155 231 233 237 239 256 268 273 291 302 317 318 321 329 330 333 341 344 347 348 , 9 % 29 , 1
3 7 19 27 28 31 37 43 51 57 59 77 78 79 81 162 164 186 188 189 194 210 214 216 218 226 228 230 246 , 27 % 29 , 1
11 19 25 27 29 41 43 51 52 53 68 71 80 81 89 98 100 109 110 121 172 184 187 188 192 202 206 220 228 , 29 % 29 , 1
17 27 52 55 57 63 68 77 79 81 85 148 162 165 166 167 187 196 198 204 206 208 210 214 220 226 228 249 250 , 7 % 29 , 1
3 11 19 21 23 28 31 37 50 67 69 71 77 78 79 81 162 164 176 184 188 196 200 210 214 216 218 222 232 250 , 21 % 30 , 1
17 23 41 45 51 52 57 59 63 67 68 69 75 77 78 81 95 106 108 132 134 136 166 186 187 196 214 220 228 307 , 11 % 30 , 1
5 55 79 95 102 138 143 152 166 168 170 176 178 184 188 190 192 196 208 210 212 218 224 230 232 240 246 248 250 252 , 16 % 30 , 1
23 25 27 37 41 45 51 52 57 63 67 68 71 75 77 79 81 100 108 124 162 170 186 187 188 190 204 206 214 222 228 , 25 % 31 , 1
102 114 124 128 130 132 134 138 143 145 156 160 166 168 172 178 182 192 200 210 212 218 224 226 230 232 240 244 246 248 264 , 18 % 31 , 1
21 31 102 106 110 114 128 130 132 134 138 143 145 152 160 168 172 176 208 218 224 226 230 232 244 246 248 250 252 284 336 , 24 % 31 , 1
25 29 31 35 51 52 53 61 67 68 71 75 80 87 98 100 128 148 162 186 194 196 200 202 206 210 216 220 222 228 250 252 , 23 % 32 , 1
3 21 27 49 61 71 73 79 102 145 152 154 157 160 168 172 178 184 190 200 202 204 208 212 218 224 226 230 232 246 248 250 252 , 10 % 33 , 1
3 4 5 7 9 15 21 23 27 45 73 83 102 104 106 108 110 112 114 138 143 145 146 160 168 170 184 188 204 212 219 224 230 242 246 248 261 , 22 % 37 , 1
7 17 19 21 23 27 29 37 45 51 57 67 71 75 77 79 81 102 168 170 172 182 188 190 200 204 210 214 216 218 220 222 224 226 228 230 232 248 , 0 % 38 , 1
3 5 7 9 15 21 23 27 37 45 49 59 61 71 73 83 98 100 102 106 108 110 112 135 138 143 152 156 160 168 187 190 208 212 230 240 242 248 , 12 % 38 , 1
