11 14 25 30 35 56 66 67 69 80 81 101 103 105 129 147 149 173 175 189 196 197 200 214 216 222 228 270 302 312 320 333 334 335 341 , 14 20 22 24 % 35 , 4
15 22 102 114 121 129 138 141 143 145 149 156 160 168 170 178 184 188 212 224 230 246 248 269 270 273 284 289 306 321 334 342 349 , 1 17 23 % 33 , 3
11 14 25 30 31 35 67 80 81 101 105 129 147 173 175 189 196 200 213 214 216 222 228 231 270 302 312 320 333 334 335 341 , 14 20 22 28 % 32 , 4
11 13 14 25 30 34 67 75 80 81 101 105 129 141 142 162 164 173 175 209 214 216 220 222 228 302 312 320 333 334 335 346 , 16 18 24 28 % 32 , 4
11 14 25 28 29 30 31 56 67 69 70 80 81 101 103 105 127 129 130 141 149 173 175 200 214 216 222 228 244 270 302 312 320 333 334 335 347 , 16 20 22 % 37 , 3
11 13 14 25 28 30 31 56 67 69 70 80 81 101 105 129 130 132 134 149 173 175 200 214 216 222 228 244 312 320 , 12 14 16 22 % 30 , 4
11 13 14 25 30 35 57 67 75 80 81 101 105 129 142 147 173 175 189 196 214 216 222 228 302 312 320 333 334 335 , 14 18 24 28 % 30 , 4
11 13 14 20 25 30 31 36 43 56 66 67 69 70 75 77 78 80 81 101 173 175 189 196 213 214 216 222 228 312 320 , 12 14 8 % 31 , 3
11 14 25 30 31 35 80 81 101 105 129 147 173 175 189 200 213 214 216 222 228 231 270 302 312 320 333 334 335 341 , 14 20 22 28 30 % 30 , 5
11 13 14 25 29 30 31 35 43 51 57 64 65 66 67 69 77 80 81 105 127 129 130 132 134 142 147 149 162 170 173 175 182 189 196 197 209 210 214 216 222 228 244 312 320 322 334 335 341 , 10 26 4 % 49 , 3
11 13 14 20 25 28 30 31 35 36 56 66 67 69 70 80 81 101 105 119 129 130 132 134 147 148 149 173 175 189 196 200 213 214 216 222 228 235 244 312 320 , 12 14 22 % 41 , 3
11 13 14 25 30 31 35 43 69 80 81 101 103 105 129 142 147 173 175 189 199 213 214 216 222 228 231 302 303 312 320 333 334 335 , 14 18 30 % 34 , 3
15 22 102 114 138 141 143 145 149 155 156 160 168 190 208 210 212 218 224 230 240 246 248 252 284 289 321 322 329 334 348 , 1 17 29 33 % 31 , 4
9 22 50 89 94 114 115 129 138 141 143 145 155 160 161 168 171 173 195 197 211 239 245 247 259 274 276 284 288 303 313 320 342 343 346 349 , 1 25 27 % 36 , 3
11 13 14 25 30 35 57 67 80 81 101 105 129 142 147 173 175 189 196 200 214 216 222 228 270 302 312 320 333 334 335 341 , 14 22 24 28 % 32 , 4
11 13 14 25 28 30 31 51 56 67 69 70 80 81 101 105 129 130 132 134 149 173 175 182 186 200 214 216 222 228 244 312 320 , 12 16 22 % 33 , 3
11 13 14 25 29 30 35 57 67 79 80 81 101 105 121 129 141 142 147 162 173 175 189 196 200 209 214 216 222 228 270 302 312 320 333 334 335 341 347 , 22 24 28 % 39 , 3
11 14 25 30 35 56 67 69 80 81 101 103 105 129 141 147 173 175 189 196 214 216 222 228 302 312 320 333 334 335 , 18 20 22 24 % 30 , 4
11 13 14 25 30 56 67 69 80 81 101 103 105 129 142 149 173 175 200 214 216 222 228 270 302 312 320 333 334 335 , 14 16 22 24 % 30 , 4
11 14 25 29 30 34 35 54 67 75 80 81 101 105 129 141 147 164 173 175 189 196 200 202 214 216 222 228 270 302 312 320 333 334 335 341 347 , 20 24 28 % 37 , 3
11 14 25 30 35 56 67 69 75 80 81 101 103 105 129 147 173 175 189 196 199 214 216 222 228 302 312 320 333 334 335 , 14 18 20 24 % 31 , 4
5 94 102 114 115 124 138 143 145 147 154 155 156 168 230 231 246 248 259 276 277 284 317 321 322 329 331 332 334 344 348 , 1 19 21 31 % 31 , 4
11 13 14 25 30 35 66 69 80 81 101 103 105 129 142 147 149 173 175 189 197 200 214 216 222 228 270 302 312 320 333 334 335 341 , 14 22 24 30 % 34 , 4
11 13 14 25 30 35 57 67 75 80 81 101 105 129 142 147 173 175 189 196 200 214 216 222 228 270 302 312 320 333 334 335 341 , 14 24 28 % 33 , 3
11 13 14 25 30 35 66 69 79 80 81 101 103 105 121 129 141 142 147 149 173 175 189 197 200 209 214 216 222 228 270 302 312 320 333 334 335 341 347 , 22 24 30 % 39 , 3
11 14 25 30 31 35 43 65 66 69 80 81 101 105 119 129 130 147 148 149 173 175 189 199 200 213 214 216 222 228 244 312 320 , 12 14 20 30 % 33 , 4
