5 9 21 22 102 106 110 114 129 138 141 143 145 154 160 168 195 224 230 245 246 247 248 259 276 284 289 302 303 313 320 332 334 342 344 349 , 1 23 25 % 36 , 3
9 21 23 45 61 66 102 106 108 110 129 149 151 152 154 155 168 190 207 230 233 242 243 248 258 259 275 277 287 303 318 319 321 331 332 333 334 335 341 342 344 , 13 5 7 % 41 , 3
11 13 14 25 30 31 43 64 67 75 80 81 101 105 129 132 142 173 175 200 214 216 222 228 270 302 312 320 322 333 334 335 , 14 16 28 % 32 , 3
11 13 14 25 30 31 69 80 81 101 103 105 121 127 129 130 132 134 141 142 149 173 175 200 209 214 216 222 228 244 270 302 312 320 322 333 334 335 347 , 16 22 30 % 39 , 3
11 14 25 30 34 35 69 80 81 101 103 105 129 141 147 173 175 189 199 204 214 216 222 228 302 312 320 333 334 335 , 18 20 24 30 % 30 , 4
11 14 25 30 31 35 66 69 80 81 101 103 105 119 127 129 130 141 147 148 149 173 175 189 197 200 213 214 216 222 228 231 244 270 302 312 320 333 334 335 341 347 , 20 22 30 % 42 , 3
11 13 14 25 28 30 31 35 56 67 69 70 80 81 101 105 129 147 173 175 186 189 196 213 214 216 222 228 312 320 , 12 18 22 % 30 , 3
11 14 25 30 31 35 43 69 80 81 101 103 105 129 147 173 175 189 199 213 214 216 222 228 231 302 303 312 320 333 334 335 , 14 18 20 30 % 32 , 4
11 14 25 30 31 34 43 56 58 67 69 70 75 80 81 101 164 173 175 184 189 196 213 214 216 222 228 312 320 333 334 335 , 18 20 8 % 32 , 3
11 14 25 30 31 35 80 81 101 105 129 141 147 173 175 189 200 213 214 216 222 228 231 270 302 312 320 333 334 335 341 347 , 20 22 28 30 % 32 , 4
5 9 22 102 106 114 115 122 128 129 130 134 138 141 143 145 154 155 160 168 197 208 211 218 224 226 230 232 239 244 246 247 248 250 252 260 276 284 288 289 313 334 344 , 1 25 29 % 43 , 3
11 13 14 25 30 56 67 69 75 77 80 81 101 103 105 129 142 149 173 175 199 200 214 216 222 228 270 302 312 320 333 334 335 , 14 16 24 % 33 , 3
5 7 9 15 45 73 102 104 106 107 108 112 114 121 138 143 145 149 152 154 156 158 168 170 178 224 230 242 246 248 259 276 284 303 321 332 334 344 349 , 1 21 23 % 39 , 3
22 88 102 114 129 138 141 143 145 155 157 160 168 171 176 208 218 224 230 232 246 248 250 252 284 289 334 342 346 349 , 1 17 25 % 30 , 3
11 14 25 29 30 31 33 35 43 65 66 67 69 75 77 80 81 101 105 127 129 141 147 149 173 175 186 189 196 197 214 216 222 228 231 270 302 303 304 312 320 333 334 335 341 347 , 10 26 6 % 46 , 3
11 14 20 25 28 30 31 35 36 56 66 67 69 70 80 81 101 105 119 129 130 147 148 149 173 175 189 196 200 213 214 216 222 228 235 244 250 312 320 , 12 20 22 % 39 , 3
11 13 14 25 30 34 35 79 80 81 101 105 121 129 141 142 147 173 175 188 189 200 209 214 216 222 228 270 302 312 320 333 334 335 341 347 , 24 28 30 % 36 , 3
11 14 25 28 30 31 43 56 65 67 69 70 75 80 81 101 105 129 130 149 173 175 199 200 214 216 222 228 244 312 313 320 , 12 14 16 20 % 32 , 4
11 14 25 30 31 35 43 65 66 69 80 81 101 103 105 109 119 127 129 130 147 148 149 173 175 189 197 199 200 213 214 216 222 228 231 244 270 302 303 312 320 333 334 335 341 , 14 20 30 % 45 , 3
7 11 13 14 25 30 34 69 80 81 98 101 103 105 121 129 141 142 149 173 175 199 200 209 214 216 222 228 270 302 312 320 329 333 334 335 347 , 16 24 30 % 37 , 3
11 13 14 25 30 31 35 57 67 80 81 101 105 129 142 147 173 175 189 196 213 214 216 222 228 231 302 312 320 333 334 335 , 14 18 22 28 % 32 , 4
8 10 11 12 14 16 20 24 25 28 29 30 31 35 36 39 43 44 46 56 60 62 65 66 67 69 70 74 76 77 78 80 81 105 127 129 147 149 173 175 179 189 196 197 201 214 216 222 228 312 320 334 335 341 , 10 4 6 % 54 , 3
11 14 25 30 35 66 69 80 81 101 103 105 129 147 149 173 175 189 197 200 214 216 222 228 270 302 312 320 333 334 335 341 , 14 20 22 24 30 % 32 , 5
11 13 14 25 30 35 56 57 67 69 80 81 101 103 105 129 142 147 173 175 189 196 214 216 222 228 302 312 320 333 334 335 , 14 18 22 24 % 32 , 4
11 13 14 25 30 31 64 67 80 81 101 105 129 132 142 173 175 200 214 216 222 228 270 302 312 320 322 333 334 335 , 14 16 22 28 % 30 , 4
11 13 14 25 30 31 34 43 67 75 80 81 101 105 129 141 142 162 164 173 175 203 205 209 214 216 220 222 228 302 312 320 333 334 335 346 , 16 18 28 % 36 , 3
