11 13 14 25 30 31 35 66 69 79 80 81 101 105 119 129 130 132 134 147 148 149 173 175 189 200 210 213 214 216 222 228 244 312 320 , 12 22 30 % 35 , 3
11 13 14 25 30 35 56 57 66 67 69 80 81 101 103 105 129 142 147 149 173 175 189 190 196 197 200 214 216 222 228 270 302 312 320 333 334 335 341 , 14 22 24 % 39 , 3
45 49 51 59 73 102 106 108 112 114 124 138 143 145 154 155 156 168 190 230 231 242 246 248 252 259 276 284 321 322 329 331 332 334 344 347 348 , 1 21 31 33 % 37 , 4
7 15 45 73 102 104 106 108 112 114 138 143 145 149 154 156 168 170 224 230 242 246 248 259 276 284 321 332 334 344 , 1 21 23 33 % 30 , 4
15 88 102 114 121 138 143 145 149 155 156 168 170 178 190 224 230 233 238 246 248 252 257 284 287 319 321 322 329 333 334 341 346 347 348 349 , 1 17 21 % 36 , 3
9 22 92 114 121 127 129 138 141 143 145 146 152 160 168 195 245 247 259 269 270 273 276 284 303 304 312 313 320 342 349 , 1 23 27 % 31 , 3
11 13 14 25 30 31 43 65 69 80 81 101 103 105 109 127 129 130 132 134 142 149 173 175 199 200 214 216 222 228 244 270 302 312 320 322 333 334 335 , 14 16 30 % 39 , 3
11 13 14 25 30 69 80 81 101 103 105 121 129 141 142 149 173 175 200 209 214 216 222 228 270 302 312 320 333 334 335 347 , 16 22 24 30 % 32 , 4
11 13 14 25 30 31 35 43 65 66 69 80 81 101 105 119 129 130 132 134 147 148 149 173 175 189 199 200 213 214 216 222 228 244 312 320 , 12 14 30 % 36 , 3
7 15 22 23 45 73 102 104 106 108 110 112 114 138 141 143 145 149 154 156 160 168 170 188 204 212 213 224 230 242 246 248 259 276 284 289 321 332 334 342 344 , 1 23 33 % 41 , 3
11 13 14 25 30 31 43 56 67 69 70 75 78 80 81 101 164 171 173 175 189 196 203 213 214 216 222 228 312 320 , 12 18 8 % 30 , 3
22 102 114 129 138 141 143 145 149 155 156 160 166 168 210 212 218 224 230 232 240 246 248 284 289 305 321 322 323 329 334 348 , 1 17 19 29 % 32 , 4
11 13 14 25 30 31 35 66 69 80 81 101 103 105 119 127 129 130 132 134 142 147 148 149 173 175 189 197 200 213 214 216 222 228 231 244 270 289 302 312 320 322 333 334 335 341 , 14 22 30 % 46 , 3
7 15 45 49 51 59 73 84 100 102 104 106 108 112 114 122 124 128 132 134 138 143 145 149 154 155 156 168 170 172 180 182 186 190 224 226 230 231 242 246 248 252 259 276 284 287 290 321 322 329 330 331 332 334 341 344 347 348 , 1 21 33 % 58 , 3
11 13 14 25 30 31 35 43 80 81 101 105 129 142 147 173 175 189 213 214 216 222 228 231 302 312 320 333 334 335 , 14 18 28 30 % 30 , 4
11 13 14 19 25 30 31 35 79 80 81 101 105 121 129 132 141 142 147 173 175 189 200 209 213 214 216 222 228 231 270 302 312 320 322 333 334 335 341 347 , 22 28 30 % 40 , 3
23 37 45 66 102 106 108 110 129 131 141 151 152 154 155 168 203 230 231 237 242 248 259 260 270 277 287 303 319 321 322 329 331 332 333 334 341 344 350 , 13 15 7 % 39 , 3
11 13 14 25 29 30 67 80 81 101 105 121 129 141 142 162 173 175 200 209 214 216 222 228 270 302 312 320 333 334 335 347 , 16 22 24 28 % 32 , 4
11 13 14 25 30 31 35 43 57 67 75 80 81 101 105 129 142 147 173 175 184 189 196 213 214 216 222 228 231 302 312 320 333 334 335 , 14 18 28 % 35 , 3
11 14 25 30 31 43 65 69 80 81 101 103 105 109 127 129 130 149 173 175 199 200 214 216 222 228 244 270 302 312 320 333 334 335 , 14 16 20 30 % 34 , 4
22 102 114 124 138 141 143 145 154 155 156 160 168 205 212 230 231 246 248 259 276 284 321 322 329 331 332 334 344 348 , 1 19 31 33 % 30 , 4
11 13 14 25 30 31 69 80 81 101 103 105 127 129 130 132 134 142 149 173 175 200 214 216 222 228 244 270 302 312 320 322 333 334 335 , 14 16 22 30 % 35 , 4
22 102 114 138 141 143 145 149 155 156 160 168 203 205 210 212 218 224 230 240 246 248 284 287 289 321 322 329 334 348 , 1 17 19 33 % 30 , 4
11 14 25 29 30 34 54 67 75 80 81 101 105 129 141 164 173 175 200 214 216 222 228 270 302 312 320 333 334 335 347 , 16 20 24 28 % 31 , 4
11 13 14 19 25 30 31 35 80 81 101 105 129 141 142 147 173 175 189 209 213 214 216 222 228 231 302 312 320 333 334 335 , 18 22 28 30 % 32 , 4
11 13 14 25 28 30 31 43 56 67 69 70 75 78 80 81 101 105 129 164 173 175 186 199 203 214 216 222 228 312 320 , 12 16 18 % 31 , 3
