36 127 140 149 270 321 329 341 347 348 , 18 % 10 , 1
2 24 50 92 107 130 157 192 235 266 , 31 % 10 , 1
38 163 165 169 175 177 267 268 284 286 , 13 % 10 , 1
20 54 141 209 317 321 329 330 347 348 , 20 % 10 , 1
2 84 99 207 233 234 268 295 318 336 , 32 % 10 , 1
65 86 87 99 116 118 207 233 269 272 , 8 % 10 , 1
33 48 64 76 155 235 245 287 291 349 , 18 % 10 , 1
38 60 73 117 159 185 245 327 339 342 , 24 % 10 , 1
20 28 56 87 127 149 231 293 334 335 , 22 % 10 , 1
50 118 119 148 194 217 241 257 330 344 , 10 % 10 , 1
48 101 114 142 167 211 238 250 293 304 , 13 % 10 , 1
101 141 147 149 242 270 302 329 333 334 , 24 % 10 , 1
47 64 65 180 193 263 272 288 337 338 , 31 % 10 , 1
22 26 53 60 107 155 169 245 331 332 , 14 % 10 , 1
8 84 86 155 171 205 245 259 323 344 , 20 % 10 , 1
64 86 144 219 256 269 274 285 295 305 , 12 % 10 , 1
6 84 99 151 193 201 234 258 272 294 , 14 % 10 , 1
34 144 153 221 237 286 298 310 346 350 , 4 % 10 , 1
36 46 199 231 270 289 303 322 329 341 , 14 % 10 , 1
34 56 86 105 142 144 167 235 247 292 , 13 % 10 , 1
5 8 44 103 120 191 268 271 291 313 , 5 % 10 , 1
12 195 203 241 293 322 331 332 342 346 , 20 % 10 , 1
40 85 112 124 125 193 233 256 258 318 , 16 % 10 , 1
8 24 46 48 205 288 293 313 331 350 , 24 % 10 , 1
22 122 158 173 209 211 239 288 294 302 , 25 % 10 , 1
40 106 118 144 167 217 247 267 276 305 , 18 % 10 , 1
54 101 107 121 197 205 302 322 347 348 , 28 % 10 , 1
1 34 205 237 241 243 254 280 285 306 , 29 % 10 , 1
2 18 39 87 159 174 227 247 336 339 , 28 % 10 , 1
0 66 91 160 191 229 237 276 321 322 , 9 % 10 , 1
2 10 32 99 117 194 207 268 291 318 , 20 % 10 , 1
64 129 140 141 149 229 341 346 347 348 , 24 % 10 , 1
86 153 154 157 173 231 271 315 331 342 , 17 % 10 , 1
11 68 129 149 302 320 329 333 334 341 , 32 % 10 , 1
32 74 76 87 137 153 227 271 274 324 , 30 % 10 , 1
24 99 161 227 241 247 304 312 332 344 , 17 % 10 , 1
66 136 150 153 177 282 297 298 299 314 , 3 % 10 , 1
147 161 205 237 238 256 308 332 334 344 , 23 % 10 , 1
38 84 86 99 117 131 146 154 234 293 , 7 % 10 , 1
93 121 161 238 244 247 256 269 285 305 , 33 % 10 , 1
18 62 88 169 201 237 260 269 290 323 , 24 % 10 , 1
10 72 84 87 117 151 179 239 256 268 , 18 % 10 , 1
38 149 207 244 258 273 289 319 326 335 , 31 % 10 , 1
68 83 150 157 177 203 205 265 279 347 , 33 % 10 , 1
33 36 50 54 155 243 304 305 316 319 , 30 % 10 , 1
44 50 60 126 151 237 259 272 294 318 , 28 % 10 , 1
97 113 122 133 135 242 260 290 295 307 , 8 % 10 , 1
93 159 193 217 237 247 275 295 328 343 , 20 % 10 , 1
