24 48 50 103 105 144 153 238 242 304 306 , 19 % 11 , 1
36 48 50 52 65 70 203 241 321 322 331 , 24 % 11 , 1
26 32 33 59 76 94 148 161 239 245 259 344 , 16 % 12 , 1
38 62 72 141 193 201 241 303 313 329 348 349 , 6 % 12 , 1
65 89 108 175 221 239 268 275 287 295 331 338 , 3 % 12 , 1
0 42 117 225 263 265 267 287 292 313 321 344 , 4 % 12 , 1
34 233 239 257 268 286 291 296 309 311 324 343 , 4 % 12 , 1
1 89 158 203 234 275 303 304 316 320 343 350 , 31 % 12 , 1
8 64 103 121 197 270 302 313 333 334 335 347 , 16 % 12 , 1
84 87 99 122 229 257 289 294 308 318 331 344 , 2 % 12 , 1
2 49 74 76 91 109 155 259 285 342 344 345 , 18 % 12 , 1
4 6 32 50 52 125 141 195 243 319 329 347 , 6 % 12 , 1
16 38 44 74 76 84 287 289 292 294 323 350 , 20 % 12 , 1
6 82 84 90 125 126 161 217 259 313 322 349 , 8 % 12 , 1
146 180 207 233 258 287 288 318 325 333 335 341 , 33 % 12 , 1
20 24 33 105 114 144 171 241 260 306 342 343 , 11 % 12 , 1
4 58 115 148 149 151 211 236 293 305 327 345 , 5 % 12 , 1
68 83 97 111 126 161 199 229 269 282 288 342 , 4 % 12 , 1
21 27 55 57 77 79 140 162 166 194 220 232 , 32 % 12 , 1
5 36 48 101 107 119 120 152 154 240 256 293 , 11 % 12 , 1
26 39 50 72 161 179 241 245 294 331 332 349 , 12 % 12 , 1
26 64 107 117 183 217 223 244 317 331 342 350 , 6 % 12 , 1
14 35 101 129 141 203 231 304 322 328 333 341 , 28 % 12 , 1
76 84 207 215 251 256 258 269 285 290 291 325 , 28 % 12 , 1
2 48 91 107 115 130 144 199 251 259 277 295 , 17 % 12 , 1
3 36 84 97 157 191 207 266 294 304 308 337 , 29 % 12 , 1
83 149 231 233 257 258 287 294 318 323 331 341 , 31 % 12 , 1
0 97 107 126 177 207 245 259 267 293 308 318 , 4 % 12 , 1
13 33 36 48 103 107 123 241 293 295 338 339 , 25 % 12 , 1
34 87 151 193 207 209 259 272 293 344 346 350 , 12 % 12 , 1
22 28 44 64 90 92 139 153 251 258 275 276 , 32 % 12 , 1
3 4 137 144 247 268 274 290 295 305 306 323 , 16 % 12 , 1
10 16 38 58 74 119 177 241 288 293 304 319 , 16 % 12 , 1
16 28 54 60 72 103 127 129 140 141 199 304 , 8 % 12 , 1
14 16 86 147 151 152 173 256 276 283 311 324 , 17 % 12 , 1
16 26 38 92 99 117 131 140 205 256 273 304 , 21 % 12 , 1
35 91 100 117 155 219 235 245 257 262 274 344 , 8 % 12 , 1
9 24 62 84 99 116 151 229 233 272 273 294 , 18 % 12 , 1
92 103 139 151 165 211 251 266 273 314 323 337 , 4 % 12 , 1
33 86 126 171 203 235 241 304 321 326 337 346 , 30 % 12 , 1
131 137 149 177 213 231 277 290 322 323 331 347 , 27 % 12 , 1
47 48 90 116 120 127 129 143 147 302 303 320 349 , 11 % 13 , 1
14 24 48 56 119 121 130 138 143 147 274 276 346 , 7 % 13 , 1
8 76 99 109 117 137 159 207 267 272 276 318 350 , 22 % 13 , 1
17 19 21 37 41 52 53 57 136 187 202 204 226 , 16 % 13 , 1
13 34 117 217 219 259 264 278 287 291 293 344 346 , 6 % 13 , 1
26 46 48 64 107 161 241 243 319 321 329 346 349 , 20 % 13 , 1
7 17 37 41 53 59 98 136 166 167 176 187 206 , 10 % 13 , 1
