22 102 106 110 114 122 128 132 134 138 141 143 145 154 155 157 160 168 171 172 208 218 224 226 230 246 248 252 259 276 284 289 290 332 334 342 344 , 1 25 33 % 37 , 3
5 22 94 102 106 110 114 115 138 141 143 145 154 155 160 161 168 208 211 230 246 248 250 252 259 276 284 313 332 334 344 , 1 25 31 % 31 , 3
5 22 102 114 115 122 128 129 130 134 138 141 143 145 154 155 160 168 211 218 224 226 230 232 244 246 247 248 276 284 288 289 334 344 , 1 19 25 29 % 34 , 4
11 13 14 25 28 30 31 56 64 67 69 70 80 81 101 103 105 127 129 130 132 134 142 149 173 175 200 214 216 222 228 244 270 302 312 320 322 333 334 335 , 14 16 22 % 40 , 3
11 14 25 30 35 67 75 80 81 101 105 129 147 173 175 189 196 200 214 216 222 228 270 302 312 320 333 334 335 341 , 14 20 24 28 % 30 , 4
22 45 49 51 59 73 83 86 102 106 108 110 112 114 124 131 138 141 143 145 154 155 156 160 168 177 190 198 205 208 212 230 231 242 246 248 252 259 276 284 294 321 322 329 331 332 334 344 347 348 , 1 31 33 % 50 , 3
11 13 14 25 30 35 66 69 80 81 101 103 105 129 142 147 149 173 175 189 197 199 200 214 216 222 228 270 302 312 320 333 334 335 341 , 14 24 30 % 35 , 3
11 14 25 30 31 34 43 65 69 80 81 98 101 103 105 109 127 129 130 141 149 173 175 199 200 214 216 222 228 244 270 302 312 320 333 334 335 347 , 16 20 30 % 38 , 3
11 14 25 30 34 69 80 81 98 101 103 105 129 141 149 173 175 199 200 214 216 222 228 270 302 312 320 333 334 335 347 , 16 20 24 30 % 31 , 4
11 13 14 25 30 31 43 56 67 69 70 75 78 80 81 101 173 175 184 189 196 213 214 216 222 228 312 320 333 334 335 , 14 18 8 % 31 , 3
11 14 25 30 31 34 35 43 67 75 80 81 101 105 129 141 147 164 173 175 184 189 196 213 214 216 222 228 231 302 304 312 320 333 334 335 , 18 20 28 % 36 , 3
11 13 14 25 30 31 34 43 69 80 81 101 103 105 129 141 142 173 175 199 205 209 214 216 222 228 302 312 320 333 334 335 , 16 18 30 % 32 , 3
11 14 25 30 31 35 43 67 75 80 81 101 105 129 147 173 175 184 189 196 213 214 216 222 228 231 302 312 320 333 334 335 , 14 18 20 28 % 32 , 4
11 13 14 25 30 34 80 81 101 105 121 129 141 142 173 175 200 209 214 216 222 228 270 302 312 320 333 334 335 347 , 16 24 28 30 % 30 , 4
22 88 102 114 119 121 129 138 141 143 145 149 155 156 160 166 168 178 192 203 205 210 212 218 224 230 232 233 237 240 246 248 257 269 284 287 289 305 319 321 322 323 329 334 335 348 , 1 17 19 % 46 , 3
11 14 25 30 35 56 66 67 69 75 80 81 101 103 105 129 147 149 173 175 189 196 197 199 200 214 216 222 228 270 302 312 320 333 334 335 341 , 14 20 24 % 37 , 3
22 102 114 122 128 134 138 141 143 145 149 154 155 156 160 168 210 212 218 224 226 230 231 240 246 248 276 284 289 293 321 322 329 331 334 344 348 , 1 19 29 33 % 37 , 4
11 13 14 25 30 35 56 66 67 69 75 77 80 81 101 105 129 147 149 166 173 175 189 196 199 200 214 216 222 228 312 320 , 12 14 24 % 32 , 3
8 10 12 16 38 39 44 46 48 54 58 60 72 76 101 127 141 147 197 201 231 243 270 302 303 304 329 333 334 335 341 347 348 349 , 10 12 6 % 34 , 3
5 102 114 115 122 128 134 138 143 145 147 149 154 155 156 168 224 226 230 231 246 248 276 284 318 321 322 329 331 334 344 348 , 1 19 21 29 % 32 , 4
11 14 25 28 30 31 34 43 56 67 69 70 75 80 81 101 103 105 129 141 164 173 175 199 214 216 222 228 302 312 320 333 334 335 , 16 18 20 % 34 , 3
11 14 25 30 31 35 69 80 81 101 103 105 129 141 147 173 175 189 213 214 216 222 228 231 302 312 320 333 334 335 , 18 20 22 30 % 30 , 4
11 14 25 28 30 31 56 67 69 70 80 81 101 103 105 127 129 130 149 173 175 200 214 216 222 228 244 270 302 312 320 333 334 335 , 14 16 20 22 % 34 , 4
7 15 22 73 86 102 106 112 114 122 128 134 138 141 143 145 149 154 155 156 160 168 190 198 204 208 210 212 218 224 226 230 231 240 246 248 252 276 284 289 293 321 322 329 331 334 344 348 , 1 29 33 % 48 , 3
5 45 49 51 59 61 73 94 102 106 108 112 114 115 124 138 143 145 147 152 154 155 156 161 168 190 230 231 238 242 246 248 252 259 276 277 284 317 321 322 329 331 332 333 334 344 347 348 , 1 21 31 % 48 , 3
11 14 25 30 31 69 80 81 101 103 105 127 129 130 141 149 173 175 200 214 216 222 228 244 270 302 312 320 333 334 335 347 , 16 20 22 30 % 32 , 4
