0
843
1272
785
387
535
48
404
1370
354
1320
296
73
552
421
1337
1206
1287
800
1237
221
650
519
898
188
1023
536
1371
1321
923
915
1271
1352
734
336
1171
286
765
634
1113
1288
1188
203
551
1336
401
1186
39
120
1303
1253
666
79
864
204
54
1020
402
1368
4
352
1318
1268
731
152
1343
500
1335
1285
400
269
1235
706
219
1185
119
954
69
417
896
367
1333
1283
36
871
1350
284
1119
234
1200
582
663
1019
1011
482
1136
1167
151
986
878
349
1315
1084
903
853
803
564
166
1001
514
1349
233
102
1068
1018
2
1316
431
1266
381
1216
1166
281
579
529
1364
298
654
248
117
67
496
1331
446
794
1231
215
513
1356
1348
950
1306
769
232
1198
1148
661
132
561
430
24
1346
859
1296
636
99
934
397
1363
1313
784
297
1263
1082
626
982
314
264
214
1049
164
949
891
362
1328
1147
262
1097
916
31
379
1214
1164
279
179
527
1362
477
1312
1262
377
733
246
15
981
96
46
1279
881
1179
642
244
113
1079
63
1029
767
667
1146
261
130
1096
30
996
1344
946
328
1294
409
47
1369
484
1319
476
1311
426
326
1161
674
276
1030
145
980
37
393
830
1178
1128
12
978
1334
1326
797
310
1276
1226
697
210
1176
160
639
995
110
277
127
962
77
912
425
1341
1160
979
581
929
292
242
977
490
1325
440
1094
565
1044
646
28
994
457
415
407
9
1242
357
1192
307
257
76
374
730
332
324
1159
274
1109
93
1059
1009
522
959
291
372
1207
547
1026
976
439
1274
876
745
1174
58
487
612
562
991
1347
860
1339
1297
1289
223
1189
652
479
1314
975
1354
338
57
892
792
305
1040
105
940
453
280
528
907
22
378
857
370
807
320
1105
1361
874
337
1130
1022
493
6
972
485
841
1047
997
1345
410
839
121
558
21
987
1212
327
38
1360
475
1310
1252
1152
5
1327
740
1177
640
153
988
590
103
53
888
3
351
1317
128
607
20
1342
855
218
655
168
118
1309
1259
772
622
135
85
441
35
1357
870
283
945
458
60
539
895
1293
887
1243
1324
1193
1143
1043
506
19
854
100
935
448
804
50
398
225
1060
1308
1258
721
323
621
134
84
521
877
340
1175
688
1125
240
538
51
1323
1223
199
26
1340
455
405
1190
116
553
503
16
1338
851
1330
1157
1107
41
33
1355
868
1305
818
289
1255
718