843
1301
1272
785
735
962
77
933
912
404
1370
883
1341
1320
1291
296
1241
552
929
421
1366
1337
1206
1287
729
221
490
1325
948
440
898
1254
1094
1044
1023
1371
994
965
1321
923
944
415
915
407
1352
865
1242
1192
1171
765
634
890
1188
253
203
93
1059
551
522
1336
959
422
291
1236
1186
547
1026
518
120
976
1303
1282
1274
1253
876
1232
1174
666
1220
335
204
1191
633
125
562
75
1020
1368
1347
352
1339
1289
194
152
652
1343
1335
1314
1285
269
1235
748
706
169
975
417
11
1333
338
1283
921
1329
284
1250
1119
1200
1040
663
1011
482
105
940
453
1267
1246
1136
280
578
1007
986
478
907
22
1365
878
857
370
1315
1105
1361
874
853
1251
774
1130
1101
1001
514
972
1349
1270
212
1018
997
2
1345
968
1316
1295
381
789
21
987
1212
1162
1112
248
38
17
1360
496
1310
446
1281
1260
1252
1231
1152
34
1356
950
1306
1298
1277
1177
640
988
590
103
561
430
24
1367
859
1317
1296
607
586
99
934
1363
1342
1182
784
297
1263
218
655
626
982
576
1309
314
891
870
1247
1357
1328
1278
1147
1118
945
458
81
1293
916
31
895
1243
489
1324
1193
1164
1143
527
506
1362
477
854
1312
935
50
448
885
1060
573
981
96
46
423
1279
1208
721
323
621
113
1079
84
1029
877
1175
667
1146
30
1344
946
1323
1294
1223
736
1194
47
1013
1369
963
1319
1340
426
674
1030
145
980
553
524
503
393
1359
1338
1330
1157
649
1128
1107
1078
1355
1334
978
1326
818
1276
1226
718
1176
668
160
618
508
995