306
256
685
177
912
1370
354
325
552
421
1256
829
1287
292
1237
1106
242
1077
1027
600
267
1123
209
188
28
994
457
1271
407
9
357
634
126
1042
403
324
1159
1138
1109
224
203
1059
530
241
1026
1332
1303
389
716
158
595
108
58
516
8
1191
1149
641
154
633
612
125
562
1041
302
1268
781
760
731
710
223
1189
1335
777
756
219
698
300
190
169
648
517
119
954
90
367
1333
317
1173
1021
623
644
136
892
384
1250
713
692
1040
532
155
940
453
301
738
659
101
72
349
1205
299
1134
647
445
924
526
295
643
266
1101
166
1001
493
385
212
1047
52
531
133
1295
360
658
121
579
558
71
21
348
1162
38
983
365
1331
1302
315
794
265
236
215
513
5
1306
442
790
769
282
740
232
711
1177
988
103
561
74
32
888
24
380
1346
3
461
817
838
1317
809
1034
49
397
1292
268
705
676
655
168
147
982
118
974
701
1049
164
143
491
114
412
1357
891
362
1328
820
333
312
1168
1097
589
81
458
60
1293
31
358
329
200
556
1035
1014
150
1362
854
1262
398
225
1081
1031
1010
146
502
1358
952
46
1229
721
671
134
113
63
542
877
390
369
717
688
261
588
509
1
1244
228
707
686
199
309
1369
505
405
753
376
703
653
116
553
524
393
343
699
272
141
520
797
289
1095
210
1126
618