610
52
1018
1062
360
106
331
1370
833
602
958
327
675
248
1360
475
1281
1260
1231
1204
1327
1348
565
790
536
28
363
1148
661
407
153
132
1192
888
634
257
126
1346
3
1113
1042
657
93
805
522
909
422
168
626
1236
728
1332
722
926
672
795
164
318
1153
637
870
1328
312
283
29
1199
285
1243
379
125
562
75
329
991
1297
1289
1362
731
710
1058
631
754
856
1060
65
502
1185
1135
1258
394
598
344
975
1129
621
338
84
317
877
623
136
36
1350
813
792
30
234
1265
686
555
992
1167
659
782
355
499
1190
326
632
1234
95
299
524
416
141
1078
803
1028
1080
593
797
464
639
385