466
356
1301
306
1172
554
635
127
98
77
1370
812
23
321
271
729
619
213
163
469
267
209
1044
515
28
415
734
815
634
257
126
76
1042
382
861
1238
811
324
1138
253
630
1109
601
174
43
522
501
14
472
1307
749
89
10
1303
745
993
79
516
893
487
1199
691
204
662
641
285
562
910
4
860
810
302
383
760
1239
702
194
144
479
429
400
269
300
648
140
517
467
69
61
1021
623
136
971
1052
57
434
1350
813
742
663
105
1267
1246
222
1167
659
151
609
378
349
807
757
270
647
1105
220
932
526
643
1349
443
1299
435
922
872
364
254
560
183
510
1316
410
1216
1166
629
579
529
21
725
327
704
546
525
17
1360
496
475
1260
723
215
694
513
1327
950
413
790
282
740
719
363
1177
690
182
153
611
540
380
1346
461
330
1165
1034
1115
607
20
1292
1182
1082
1032
168
147
314
264
541
135
899
849
1328
820
458
1243
656
1093
129
1362
935
733
246
225
1060
65
1031
952
373
1100
592
84
542
877
261
211
559
538
996
1273
736
228
686
199
1319
1240
682
1161
674
653
632
980
603
553
141
1057
62
847
797
260
210