437
714
504
585
77
1370
862
325
1291
783
296
275
1089
979
879
829
619
600
92
948
259
238
1204
1044
646
159
28
457
923
407
386
734
336
634
126
207
1042
374
332
811
324
303
761
630
1088
601
203
93
174
522
472
1257
241
1228
568
1332
795
716
695
595
1074
516
1191
1149
641
633
612
562
1368
860
710
1189
1343
500
479
1314
429
1235
219
169
1135
140
69
548
904
61
388
1354
317
1173
623
115
1329
284
1250
763
1119
255
713
1090
582
155
532
151
1007
101
1284
399
1234
1184
320
778
1084
597
220
416
366
614
1072
56
1001
922
872
233
1068
1295
1266
889
1245
679
579
558
906
42
327
596
17
1360
823
446
236
215
13
513
492
5
1327
1306
463
790
392
769
1227
740
1177
669
1017
74
53
32
511
24
1367
1346
838
351
330
1144
636
984
586
1015
397
1182
784
755
726
705
197
676
168
982
495
801
264
672
541
135
899
35
391
891
1328
312
81
458
895
1243
379
1143
200
179
150
527
100
427
885
398
754
225
1081
65
1031
1010
523
146
960
952
1229
323
294
671
592
63
877
411
1196
290
617
588
211
996
509
1
1265
1223
1194
686
199
555
992
505
1319
455
913
1290
1261
863
1240
703
326
145
603
16
699
678
272
1128
1107
141
1078
1028
1334
797
289
1255
1226
210