466
256
664
635
127
106
962
98
535
425
1370
862
304
1089
471
321
779
292
271
242
1048
1027
1006
927
440
419
696
1044
994
465
1321
1271
386
1352
844
1171
257
1092
584
97
1063
1042
353
1138
274
253
224
203
93
174
480
1307
728
170
497
10
955
845
1332
1282
389
368
1174
1153
79
537
29
1199
335
691
1149
285
235
125
583
533
402
1318
941
302
1108
223
194
152
1008
631
777
756
400
1235
1185
517
975
925
61
417
388
1354
1333
623
136
115
594
107
7
1329
842
1250
763
255
713
692
1040
155
969
105
453
280
1246
1136
230
578
659
528
478
72
1284
907
1365
378
857
1084
220
445
395
1251
824
1151
643
1080
187
493
1349
922
762
102
1068
1047
997
918
410
1245
381
1216
708
281
608
121
579
71
906
1364
1212
725
327
704
1162
625
475
1302
265
723
1071
186
665
34
13
5
463
900
413
769
719
669
988
590
540
74
888
380
1346
1367
330
1296
178
1034
128
507
884
1363
1182
784
297
247
226
655
168
147
545
626
118
424
672
143
114
64
899
891
870
1247
362
1328
1197
1118
720
60
1243
866
816
1143
229
577
456
935
50
804
377
1081
683
175
1010
15
960
452
1258
1229
1208
721
1150
642
621
113
84
63
1029
877
311
667
51
1265
1223
707
686
1369
992
476
1319
1290
863
753
732
1190
703
980
116
574
524
880
393
901
322
141
947
549
339
1326
818
797
420
747
739
718
210
668
1016
110