2207
356
22818
5709
18660
3627
20411
19924
33493
29304
13915
14271
11577
10082
31411
25858
6280
18875
36015
34164
25948
29906
28055
25717
18444
33733
29188
12304
17757
13568
17139
6295
3957
34279
1650
31841
5608
6841
35312
32097
1775
28526
22130
31997
25601
22030
18328
25501
20079
14170
9981
32187
34394
19005
21212
9881
36401
16336
10914
14872
29187
1103
4187
20971
28987
24929
21096
17038
24567
31740
22129
3169
1318
23880
36962
32904
29202
6540
6278
17640
28871
13351
30491
34062
21011
14615
1333
35713
22044
10713
34895
33044
28986
29342
25284
1648
36028
37779
26448
14630
14986
9564
6870
17970
11184
6995
21828
21241
20754
15688
36530
28283
26432
21010
20167
24712
30159
22530
18828
7010
35125
30936
21943
8274
2365
32687
36745
20869
38009
34794
26191
20994
10150
32712
1903
22745
13621
13134
33976
35696
24496
37547
22158
10827
8976
12547
36960
33258
11960
13711
42
27149
21371
15687
14323
654
25067
16951
13249
5620
7340
3769
18571
28082
5289
3207
1356
31191
19991
4471
3984
32942
32455
6091
5604
35926
28784
14628
3297
35826
22644
3197
29330
25628
14428
6893
4686
33644
20462
26561
3768
30032
3312
21164
7008
1099
31421
27850
29701
35023
21354
12361
6808
24825
20667
15114
9561
1932
2288
24494
19072
18941
27965
22543
33774
14683
21725
13734
4254
35940
11427
7238
1816
13047
3080
22071
23791
12947
6551
2980
26029
24178
6451
1029
2749
2618
31576
6220
36898
22286
36211
32153
37475
37244
37113
14451
36657
29384
17566
2046
32368
5517
28697
37690
22657
12690
12459
6550
28781
9821
7483
37805
11441
1961
11210
7152
34259
12474
15845
13994
9936
10292
6234
31134
25225
36812
6003
34474
1945
22656
9474
2201
30185
14796
29729
29629
36771
31836
35407
21382
34951
36671
2778
34820
21282
21994
8225
9589
2316
28093
20820
37473
5300
1729
27993
36109
28480
3093
30200
11109
3480
26629
2893
37273
22109
36911
13762
6133
1944
32266
25124
20935
24506
13662
3695
28464
20835
14926
18497
5446
3108
31579
26157
19761
17910
20473
6935
3720
6804
37126
32191
4497
25826
28910
17579
15628
6017
14910
26628
22339
7306
3248
33570
29512
27174
23959
18537
12141
941
6232
32983
36554
13892
13405
16876
9734
37718
9472
36223
37943
479
24892
8008
37974
37843
32421
2876
37256
1412
29527
33098
32998
19554
34974
34487
7767
38089
33900
18867
35651
2114
30098
10651
8800
12371
35907
25940
29511
2304
29411
21520
21907
25478
13791
3693
29080
1842
25378
25022
4080
22
35766
5444
8915
20146
14724
28031
3031
36924
31502
1180
21535
21435
24906
20848
28377
17402
25939
35319
29897
1295
808
37526
17948
12526
37070
36452
25121
36352
21450
1872
26154
7063
37872
13228
35434
30012
35334
3938
32409
13318
33021
26625
5327
7534
28863
18409
16558
32334
18796
34962
21780
351
27714
36251
32549
24789
5698
30242
37284
10564
33613
953
4880
3029
3060
6631
36822
27342
14160
17762
36622
3606
30226
11135
1168
26555
16944
10679
33466
24473
22622
37068
6646
36481
2944
606
30928
6515
27357
30959
36250
19497
9043
1770
20761
37770
3746
34068
22250
14490
37183
23514
14877
3059
29192
19125
13216
11365
1885
37985
36265
28861
9901
34670
32819
32332
7432
24216
35447
1910
1423
18076
13141
29438
6776
9860
29338
15894
9985
19009
7578
29653
20529
3289
25851
10462
4909
31660
35231
33511
19711
36851
33636
25520
21818
21331
2240
28991
17173
37884
18924
24702
18793
13371
5742
29668
28304
18206
35702
26222
22033
33264
2842
25535
504
36635
14850
16601
10917
36304
11304
10817
35230
22048
2470
21948
6559
2857
6428
10030
17172
34181
37783
11419
7230
32130
29923
8981
8494
22063
17874
2741
24716
28287
37798
37311
26467
28187
24616
18220
14518
21691
16269
10360
22303
21460
17758
6327
32591
2138
18822
11062
15020
10962
29691
8880
14171
10600
33649
14071
8649
1020
2740
29491
37897
36046
9813
5755
26466
13284
3673
33995
3442
13830
36748
25061
8664
36648
26681
17201
37912
5739
36317
34010
12450
37350
31085
29234
25532
21474
33969
32474
24714
17441
1921
9581
7374
3185
3572
1234
18018
37009
17431
23465
21614
17556
8076
36060
216
26349
18720
15018
5538
3200
18133
4464
32935
26149
37249
27769
29002
15951
14100
10398
6340
28902
18935
9811
36075
30166
30522
25100
15620
13769
13282
5166
36100
35613
34249
11100
10513
11877
25315
21257
215
24759
9595
11315
7257
37579
28455
22677
22546
26117
13066
10728
5306
33908
33777
661
29132
6470
2281
24974
25330
2668
37925
24874
5521
3701
7141
16652
7172
6098
4247
6485
36807
25701
17354
1965
24040
1634
29749
22214
14098
5105
4618
37147
29874
2667
13898
1980
29964
10873
18271
16420
37749
33560
931
444
36675
7617
36088
9237
30435
9137
7642
32542
14815
14328
16535
27766
22344
3253
25328
36690
32401
28343
9608
28599
9508
18888
10641
14599
8690
10441
31152
9723
29070
9492
14945
37020
30234
37376
26045
37276
33474
7987
34738
6136
20938
7400
17267
7556
37878
31613
26060
21871
10540
7325
29400
2193
33002
5664
10986
32671
13224
35299
32440
5233
1044
21886
18184
23993
4415
2564
33373
34737
29315
19704
17010
13795
36001
32299
24670
26390
22819
11226
36613
15315
9406
7555
3366
34175
18299
33588
22257
18199
8719
9952
23521
9852
2579
36472
25141
9390
28512
28381
17050
15199
25843
11818
37074
6265
22041
4314
26745
15901
9505
35769
18529
5834
9405
3496
25702
14858
20149
14727
14627
37058
14396
6149
27478
10238
4198
36371
28611
36271
37991
11040
10909
33471
18082
31164
21684
6651
36386
26288
4990
26544
26057
13362
37288
30502
35924
37675
37188
33973
18097
21668
10824
2708
25270
21568
270
14064
9519
5948
26659
24221
37303
18699
14510
33501
17625
14410
36616
29568
29081
17881
2361
17650
13592
2261
33716
31865
26087
31509
8716
3294
36831
29683
21567
10105
10005
30847
28996
21367
26302
9549
9418
31624
26202
31524
23889
16260
17980
33400
29211
25053
10020
36284
30862
28524
21251
32126
22871
18682
34102
1929
18582
5044
23904
14424
268
32797
28739
32441
1888
27275
21366
11886
11268
28408
17433
34086
7366
2821
33499
10350
13952
32812
25183
10019
34301
24821
22614
8068
34332
30630
17092
18812
13390
5143
25854
14523
2836
2705
23547
4943
36629
23316
29125
6332
33960
30258
17563
15125
11067
26356
14538
37587
4927
35249
29340
25638
4340
25051
15927
30860
29009
28522
19529
9462
9331
37446
1571
26340
16373
10951
10820
38058
25753
21695
7695
26817
16719
2042
37786
28306
36322
34115
15024
33041
29826
21710
18008
25181
17908
8428
32841
20892
32379
31892
22412
19197
9099
22081
2634
32825
14090
32594
17205
32494
25221
7494
7007
34245
18238
16874
11452
37229
3205
18625
18138
20345
19858
17907
14105
7609
26113
28320
13418
5171
3807
18253
5427
16171
10618
37369
35518
29609
10518
35418
20906
20806
24377
13533
37459
35608
30055
26353
37584
28591
3204
24533
18493
29855
10633
2517
29624
36797
11797
9946
7252
24748
11079
34128
16757
5070
5913
29839
27988
4839
25681
22110
14350
33210
24963
28821
3821
15052
3590
4854
25696
33194
37152
18061
6374
6730
2672
821
32507
17605
15036
33540
25780
7176
37854
2987
28374
37398
27787
13631
6845
27200
5771
28951
1713
3564
26482
15282
249
24887
13200
28489
22580
3489
33811
19655
17804
4266
29035
10075
38059
8124
1728
30555
24646
19580
13315
6042
20844
13215
7662
35646
33439
6588
2530
6001
21290
10090
11810
9959
5770
6126
36935
2455
32290
30439
7290
19008
6703
16114
25819
21892
22248
16339
9943
4521
31141
28934
17472
6272
5785
36950
24645
9256
1496
29967
28603
15065
32205
30354
29867
2660
29636
7330
37652
19438
9758
12842
13329
3362
147
30469
26280
11247
1636
37380
22478
7445
4751
35073
21891
18320
21791
13544
6171
37857
30584
5940
18404
35675
5222
33337
26064
36808
10088
25377
21188
377
13815
5924
17286
36146
33939
29750
20757
27930
33221
18319
33121
27699
20070
21790
17601
10328
4906
32890
28832
17501
3832
2468
11005
18534
9541
22492
10805
32880
26319
20310
25245
5798
36607
28716
37740
15078
32218
10789
8938
37896
3385
31500
33707
15103
37309
25260
36491
13829
26424
28631
22235
17169
33822
7458
29664
24598
18333
36606
27126
13457
28877
32673
36144
22606
17184
3515
18804
9324
33737
31886
18348
8737
35001
33150
29448
21201
8150
23308
19737
35903
34052
28630
19506
5837
9439
5381
37910
37423
14374
30150
3530
20183
14761
605
30927
29563
25505
21572
1117
32803
27381
25530
11505
5596
3745
530
28645
174
35918
30365
1794
32116
29778
18447
16596
14389
10818
10456
37207
6754
976
31167
12563
3083
34769
876
23307
17885
24571
13240
11389
22751
3885
1678
21025
18687
12909
6869
18231
3198
6769
37578
27611
12091
17544
17900
36404
5595
2024
21015
30264
1662
17082
5751
15131
10586
24155
23668
18602
388
21717
32461
11388
36775
34437
29015
9924
13395
3428
37321
35470
2841
19981
33419
2966
32801
25528
16048
22734
14097
9552
32114
26692
24841
33865
35585
30163
33378
14287
7014
1361
874
6652
29345
14443
10254
22849
28558
17096
14889
10700
1707
37938
20567
6898
31798
26245
25758
6667
13840
9782
24971
15229
5749
327
12791
25873
7269
873
3111
1260
37004
6195
27037
25186
17557
9666
13137
30277
28426
21153
18846
29590
26375
21243
6210
10137
19061
19417
22632
30292
14772
5779
24283
20094
10614
1490
37490
4830
33301
29730
21970
17912
13854
30863
13623
30276
17094
34365
3556
28456
20696
22416
17125
22672
16663
6209
2994
33316
687
4258
17209
9580
15002
456
28440
37820
18729
35869
20836
2522
23364
13753
8331
2422
32744
13391
36571
2191
1704
22902
17480
5662
32413
1960
7382
1860
34033
12117
33446
27050
25199
15719
4257
29288
17695
13637
1819
15744
34248
1975
30090
29959
15057
37132
8561
14208
17710
19430
8099
36701
34363
30305
32512
11214
9032
1272
22470
3023
33114
28569
17725
15387
22685
34047
3594
37131
10280
37031
36931
6478
1056
28684
21411
14138
36700
3684
32642
21311
11344
13064
7511
20949
17378
10982
10295
29155
3799
29055
5775
32526
29311
21064
35997
1617
22815
3724
33559
12748
6839
7195
37517
6708
35310
6477
32741
17708
2675
32997
36599
24781
1988
20979
6823
37632
25814
37401
3021
4741
35550
6979
5128
1070
27690
36714
33012
30318
36483
35996
2103
26416
17161
18425
25011
11
367
27118
11242
36142
37862
32796
29094
22698
9647
12500
18440
10680
14251
2920
30935
25382
37846
18755
34044
24564
3622
32093
23977
20406
3035
37415
23390
14266
34977
34746
27117
21077
12084
6175
36497
24679
18770
35423
30001
29870
1786
1299
32108
25968
14637
12786
10579
16357
2332
481
15770
2232
17521
17034
3852
5472
34074
17059
9430
11150
7579
27803
22381
37314
33125
15198
11140
28149
9414
1785
22009
18438
12529
7107
711
27331
6389
33140
31420
36611
24793
11255
32322
26413
20860
28651
30371
3520
33842
7122
3420
4684
7437
18668
3635
24477
18081
18437
35221
17981
10708
31775
31288
10477
14048
2130
1899
22254
19039
9559
37543
11048
5626
25494
16857
6890
10461
25881
27601
6790
10361
3088
13476
10261
32336
30129
16947
34087
32236
35807
24120
22138
26096
14634
6518
1096
13691
996
13947
32938
5731
36765
2385
23227
21376
5856
1798
36178
22509
9327
16500
8640
37111
25424
21722
17664
6071
34673
2400
20904
11293
7104
37426
15251
37226
32681
16284
34657
32806
25177
13359
13746
10044
3648
32250
20788
22539
37210
33152
18606
2730
33539
34672
292
25192
13374
2399
35936
25092
14994
5514
32265
29927
26712
22392
11192
13399
31903
24630
18234
6903
31803
19498
24820
25176
15696
8067
2027
21505
17447
5629
22638
17572
11176
5754
36076
24745
28316
7505
3447
33769
18736
22307
6918
35389
28993
23571
21720
36522
25322
24835
11878
8307
32720
34440
23240
21389
20902
11909
17200
447
9827
8753
3331
26024
5082
10142
33322
30984
21373
36793
75
17215
20686
7017
2959
26495
23801
20230
37370
8281
6686
23339
10288
36908
26454
13272
1810
11321
37454
24272
14792
1479
14461
16181
12610
32965
33321
30627
25205
6114
37800
32865
9585
36336
18834
5652
9254
3214
21718
12725
12238
36651
23956
10287
36551
3014
22882
21031
21518
36189
25345
23007
25891
6444
6831
8551
2898
29031
38055
28931
20684
15262
22435
5682
33566
17915
3013
1939
17228
4177
2326
36219
17128
3459
26508
18261
665
3228
22219
20368
16310
2641
790
2410
25590
17343
1854
22565
1979
128
36359
33665
33434
32847
15607
13756
4763
218
1969
38069
18847
7416
33680
34036
25920
18160
14102
14489
6142
6011
32631
7631
358
18862
3342
12853
5580
29506
14960
448
18300
12035
10184
6482
2424
4631
27324
21415
14919
22935
17026
5695
31959
25919
14719
37281
31597
28026
32861
31010
10199
33248
32761
19092
13670
2339
1852
7530
36132
30223
3959
24801
7299
37621
33463
24339
13885
7099
29661
14272
11934
2323
30438
21314
24654
17025
11116
11472
6050
20983
22347
3125
22247
22603
33478
22016
13900
4289
32891
35098
28702
17858
7404