30502
71660
6171
68418
14328
3799
65150
67288
32904
40524
5070
48541
49485
54635
74751
31010
79628
41722
78160
90857
44275
14489
20754
21948
80664
39120
6870
79696
53083
95205
15687
67194
81862
56331
94520
26555
88010
15951
85780
41208
43766
60209
12786
28697
16719
79260
40772
24339
93757
58992
70896
15251
90763
22539
77299
36571
75954
93057
29729
54976
10834
87056
28599
2261
22362
1939
13637
49415
34164
66088
55225
79788
47081
38811
21251
66626
35646
83299
20146
63632
41466
17050
93756
38111
79098
87672
82903
83563
11934
61416
70479
86561
7299
10295
92371
77836
4839
84761
91970
86899
36404
1571
41113
39999
42057
25100
94357
44111
77229
93672
92557
43006
20938
51384
93339
94170
33155
48905
73198
32299
78246
91265
92380
62594
77561
53086
63817
58667
94263
63283
79194
51315
22644
44365
10142
43680
53707
10651
61327
66624
7400
11340
1496
87151
32401
75687
71250
22546
56015
72537
10044
77834
48380
44271
3198
49148
11242
78088
18687
67225
60377
66540
35389
48556
60915
85889
89039
51382
93763
45406
44970
52590
54214
26487
50790
54473
56782
67131
3197
22638
34102
1852
45474
72095
66030
85795
90162
89400
89997
52521
74242
31798
218
78860
29138
77495
67292
41462
12791
59682
976
55857
22818
30438
67830
12909
75450
69185
73650
86137
65869
77333
57192
14518
50647
63305
87335
89644
56081
82042
75626
61490
82551
24789
90171
1944
19125
64068
10932
72187
60130
31288
47199
22734
54658
36336
82644
45399
64322
35651
42939
11176
70925
6551
71869
13994
93761
14424
4751
63192
22044
59006
7578
18875
79979
1860
36497
43956
30001
93947
30260
123
79308
91897
89486
13391
5626
28187
54148
30627
77518
70841
92846
69624
68259
91197
216
36854
3385
29140
36428
60481
59264
11268
18625
86928
21725
61768
77850
77679
66816
45500
21025
22219
18184
91637
22478
91896
36251
58506
95046
65431
36760
18018
93701
43798
15024
56182
215
94728
21886
25819
41298
31550
71877
35997
79385
77585
79219
86677
88986
67411
75031
74175
821
36950
94551
40461
60407
45338
72894
84187
59620
34279
48052
94360
15282
10513
44746
26424
58857
81795
94453
78440
78269
90628
60230
13066
88726
82993
46100
48238
25377
34895
62881
50404
51847
28635
29750
67484
91919
4684
59110
82831
90451
60665
93019
57139
71807
21791
25225
20686
61614
3833
68266
78978
51499
64157
70422
6831
48144
56547
62812
59971
55862
1617
7609
45498
66730
20079
48237
78532
85741
39942
27714
13158
29069
79221
1969
22392
37188
88284
32419
17521
42597
74007
26584
83525
85834
2634
52271
43546
2893
50471
3832
53298
60757
2193
18812
481
78722
47038
71874
65790
19991
68358
75283
64249
53136
23521
70773
78281
22416
4340
74706
45252
75376
64513
70607
65457
9985
44650
45594
81190
21290
67849
65711
72920
80085
85916
83617
21907
16757
60756
38488
28569
52872
21892
17172
94993
2730
74622
73507
87109
70513
32334
6477
91050
41397
90194
56197
75120
14105
47927
24283
13249
24792
43544
14090
3331
83616
61621
68263
94224
21382
28558
36178
25315
21891
6667
8976
24630
81909
14266
51770
63063
83694
64257
52200
70771
17264
88991
56896
45079
51853
67764
79057
11365
30117
88291
665
10680
36109
47652
66404
29330
2641
12563
14872
5913
24820
81991
82421
3159
48679
30469
82930
59038
8716
44751
31134
13854
83967
21474
66839
5306
9390
93631
94825
79756
83008
29491
35585
83267
6485
85576
74713
21567
34225
1975
51862
33540
27275
86774
56988
33114
23959
37732
7008
35423
53045
55354
83090
67611
71112
74365
89591
82513
52727
22158
16857
68364
12748
58445
3515
30032
36807
90191
88314
89258
79848
54600
10962
40293
25758
2130
46819
7007
76580
51954
85672
91482
89605
42440
80458
63501
7530
89590
45018
53137
35608
37917
11304
19061
30305
26349
78311
28658
16601
56928
63853
79764
52819
49978
72412
75381
63153
70612
48618
18220
37985
16420
246
71639
10261
5749
40840
35769
17447
61901
59035
65300
11210
52197
3420
2564
17970
49209
80721
87114
87373
93467
17804
23364
57597
9505
67002
78658
20904
80021
37475
93721
88571
5381
31576
33121
42718
58629
82682
52896
28480
49541
56829
86081
90830
22606
72846
17201
9666
56833
42277
64453
17710
8981
24748
55194
82349
95007
60070
8281
74200
22248
12500
52827
16947
53487
95075
55541
63161
670
54436
24821
2920
55125
20971
17900
48175
21411
22071
1648
3957
14461
65137
17200
74371
44585
71911
78054
7366
4906
94576
9758
26356
45108
39807
62745
75403
76347
14637
20902
59219
22257
21572
29080
86021
1980
953
63943
2410
15052
43322
3080
15845
22770
90290
43831
82680
79154
9581
91513
5472
16260
90408
37321
71401
67445
89870
89699
66589
62935
55192
4880
49216
10728
68198
50942
94159
85605
40069
56934
7458
45117
3520
78655
58024
4464
36812
67087
1299
82949
86803
26448
5662
70197
49284
38705
28512
40416
9580
93821
56576
26712
18138
5755
69234
23547
89439
72060
25601
89449
33221
10360
31421
32365
86181
1910
92275
73802
55309
89962
687
25953
74036
77460
52824
69679
49308
18328
56233
70901
32712
63951
51723
13544
26202
89355
79436
7099
46407
5754
41868
86880
6703
22871
33220
56419
25439
68132
30055
46749
4198
54369
60350
74735
57108
12526
82355
6003
41706
9256
19438
93472
83304
73101
39280
14644
67878
92112
29870
6071
74128
47766
21153
72000
41020
71144
64728
2339
20835
49404
74651
85000
81939
83210
30847
95012
89711
14389
17128
25702
15078
71050
10818
65578
88948
32720
44013
45207
79689
60535
45466
51731
84849
41357
60109
26288
48714
70287
39910
69241
47858
48190
48973
28602
52484
22698
28861
18238
93921
62941
13718
29629
6001
11419
9254
40510
41180
25701
94948
32455
14926
77296
47681
88438
64917
29448
10827
55409
19529
23734
31354
16535
17650
58906
64217
66526
9860
80489
93147
14994
94771
75344
45558
42564
78841
86461
64040
55315
51891
6098
56768
47680
66691
10292
13795
63277
90148
3447
21943
37854
9439
15688
72345
90152
75617
82542
29035
86989
24496
65424
9952
57530
59668
61834
80052
70897
5427
61408
3627
76189
51474
70226
36655
37770
18333
10042
7555
17228
49572
94001
45463
51557
530
81852
6444
86900
8753
44103
47356
18935
54281
3289
68392
67287
10477
1234
10986
46764
93502
61407
28951
33147
94955
62077
59515
3362
13284
78516
40439
86136
49062
27850
79186
68323
74417
69267
38547
1929
70318
37862
10917
18425
26045
3200
71942
77141
79279
24494
89726
87427
33337
64566
34951
72186
42571
30343
33846
67031
56682
89036
13734
76887
8938
91451
23227
62859
74323
3635
78941
36144
808
88953
87588
40957
367
28093
34437
17059
76025
47354
56706
70919
66884
79542
81527
28440
36060
8428
3125
85719
55321
18076
25535
59004
71593
55580
24679
68067
83395
84760
55663
70991
15175
14490
6451
52513
5595
69084
88085
66873
71240
86740
63630
48561
30860
58573
47539
55159
72022
36142
39395
89386
78523
93851
38035
6979
21019
41899
55672
59605
43170
58920
59864
71519
81716
88109
51147
94100
59164
29378
79369
94697
53720
55858
12117
32997
51998
66182
60048
81109
59002
16558
18867
24178
1333
13315
44544
63981
46853
52164
16284
7325
12459
64759
94261
63281
36234
3984
51846
58410
29568
14772
40029
93434
93943
92045
3035
71777
33588
55764
44901
3294
79794
69875
13476
20935
66881
46250
84268
56962
67311
81808
90088
89042
6126
72275
94451
15114
86841
40361
69713
75024
39144
2027
5779
83143
35319
21717
41300
81627
78521
70230
70059
86141
76222
79191
74422
91888
56448
78624
18440
90528
23668
73321
39579
28716
72465
41735
89741
2207
20684
79822
15020
5695
28026
83842
95135
56012
13568
63221
70509
63299
29650
84531
14683
6918
18082
8008
6893
80941
91119
76730
84350
22640
8076
52000
35386
60403
46528
86492
90786
72215
58511
26416
5709
36594
94729
34794
82217
6550
7494
2191
28808
52861
29923
41044
82740
44551
52171
59357
28377
20869
71965
52528
22130
60148
1707
13405
80514
14858
28631
58246
7141
75883
13390
93779
12304
32935
1775
25221
29668
63738
6823
5458
7767
71358
18271
57654
61439
93250
78181
48395
75721
30185
90085
26508
52699
6133
74591
2024
65866
1168
31892
66555
79213
37884
26067
32332
25382
32841
37718
9723
75373
81717
25891
76567
28630
36250
89484
74003
47641
86490
92584
44227
21366
94218
82391
18804
91224
47734
25568
87777
33687
52610
89831
12371
8690
51328
54752
89415
7330
61002
40734
48242
55701
12474
91126
56361
94379
27690
48751
37183
51851
83775
13662
21282
41932
20167
32424
28468
14102
4258
17605
18720
44226
2468
9032
80615
40127
37031
73410
81030
28306
14170
35231
36175
9908
49342
77612
30276
21722
74707
56634
64254
28374
91409
3059
74711
36522
75905
44142
43027
67761
44651
35926
91218
43795
52094
45678
4521
24906
26681
37030
93086
33969
88890
13064
29758
28031
37378
93090
45516
15901
83705
4080
24974
37632
60570
57837
6482
1713
51429
67511
40032
9559
37974
13670
661
59196
69898
26157
79562
40291
41485
87182
32681
4266
94890
65799
23956
68538
93785
1272
21373
37284
23007
49086
93369
94734
28304
83166
87020
91314
43891
2304
18199
93178
47834
32583
29512
52450
83430
14271
147
82574
17010
94376
83263
44923
52543
16663
36530
10700
68454
49017
63151
64345
88659
94640
46816
90815
55096
39617
44233
84276
13762
86159
56294
3673
81820
30190
70003
90883
55443
68101
89676
75310
29511
36265
9474
22247
39523
55795
87205
10254
68027
74801
22849
36622
53295
18300
11452
752
16500
49368
24120
16339
9405
33976
52728
29506
58969
94565
42784
59125
90466
2821
75647
77956
22672
1965
13947
26605
40568
47132
25920
51176
44931
27803
53994
7257
93807
59986
33373
22339
19498
45709
1020
44231
76155
81305
82420
75470
66745
40381
15927
14538
36714
41159
31411
78561
55451
45532
40993
14097
71038
55808
63428
53225
93972
16944
21311
18299
76854
50241
93282
81054
51268
41520
52892
63241
72838
19761
47576
64019
7104
12238
81656
28149
29763
37383
86953
94573
52730
72152
42366
7172
58786
17354
93981
78227
75997
94920
63940
5739
40830
18552
14727
22347
7010
75752
1899
80457
58179
25854
59822
46381
67442
24998
37656
89946
51869
71736
78129
17544
79753
85847
70097
15744
65226
49977
81748
41431
8649
67109
10789
44767
25501
41773
92620
92449
32265
90649
1810
93647
32803
89862
93373
47574
1903
74729
13351
52308
38604
89529
59131
82852
29345
90472
33301
71035
11135
59390
28489
40065
88570
33649
67627
69936
76861
20462
18834
59992
92957
39870
47490
56323
57517
41865
42980
15150
29002
36211
79497
75060
94061
88589
34670
45357
90471
68727
10019
93210
56509
86011
89264
71837
78401
35702
84299
59482
59991
64187
22344
9600
37311
92173
75329
29701
89611
64725
59825
41615
40499
53157
62925
81143
21243
90661
11040
86201
89953
11388
32449
45107
5143
17125
67791
58283
20989
5652
10287
90054
62577
1044
68569
11226
79427
87047
45204
90147
3695
94500
75587
37398
59574
48711
71478
41080
92539
27988
78052
17286
24745
63594
45272
23889
59667
34248
64792
3088
76085
69840
14919
44171
51459
9589
25527
85437
62321
78232
10540
86361
14742
35098
10633
25600
26544
58468
51791
47605
62140
17819
5837
86454
88763
39461
13631
75679
18234
87652
8561
17378
18493
74319
75943
63690
84751
13533
33400
83895
60785
9852
88160
26450
63524
34070
9436
37147
39456
26817
13092
5327
34153
13885
876
44101
87387
69609
84937
81943
43764
64291
40770
73907
11140
12084
47701
17915
71833
86550
57958
83645
51721
54974
69941
37846
26029
18668
79693
39988
36745
10641
25696
63620
27740
79531
35360
71578
7987
72008
60181
90589
2944
69676
27050
22795
268
41547
10817
93054
70193
21684
71416
36651
23993
72076
82788
72869
85527
21518
84842
92462
38089
67724
37938
93401
33501
34944
19092
61565
14323
21077
57105
77985
51372
174
29094
86818
37497
43762
94438
56420
58562
29187
53010
22109
9595
93053
2517
20994
55657
59511
1842
39199
13369
10909
93146
790
64475
66784
36998
74922
48036
57804
873
6278
84425
60630
74232
66622
72432
59672
33842
39041
1318
3093
70216
60982
43854
39898
62606
25532
12091
78517
33152
89551
55656
63276
44803
38787
79715
53102
23316
42298
3724
32379
48461
92460
39736
46661
95028
48799
53870
74931
7642
93238
64567
52510
8331
50710
456
37779
56702
75684
92127
39129
4741
47952
79093
55572
60722
30936
68059
54457
51463
74583
8150
26226
28784
64380
51047
21691
55239
56070
28877
77131
48460
69521
4927
6017
75590
79807
71765
25717
25183
82124
22723
13215
83577
6540
78432
77317
70390
89823
28524
33424
36393
49051
87240
33150
18081
86384
79968
91544
71422
1678
11067
89891
21015
68155
1423
1932
2876
79806
48043
87426
57811
88086
25192
63880
48562
29125
7483
85630
94693
33678
23930
63973
47960
59253
79884
69965
56010
75775
74581
2778
5517
92228
71421
4416
16373
18682
29031
81433
65249
26659
62255
3031
63370
1490
37786
60210
33677
86833
41297
25284
82724
90344
94276
6631
79457
87077
26482
5775
6890
79183
17757
81623
5785
29730
37350
59071
4415
35550
27769
39233
71004
43527
12547
95034
49519
79021
48041
85115
86230
79280
40088
2708
78175
91194
23390
86323
9541
62802
44309
48927
52428
22030
11255
59261
26222
37878
33769
41389
87585
93850
53362
25121
32409
85814
54051
34977
18964
35407
30868
83490
50461
21790
42851
44989
89991
76648
7505
82468
93076
16048
85466
90616
39418
32741
67404
19981
61671
11005
95219
67663
6209
56629
80682
10398
90709
68602
92484
2530
62698
52950
59343
22381
74671
82291
2114
83069
52260
14071
73570
3312
64845
22048
69110
3821
71780
84267
48387
9813
83582
53796
7230
87515
15103
55601
81366
89657
19554
9881
27174
24714
85558
91823
75810
45241
33777
7416
91887
36491
91123
51418
48577
67500
29311
13410
78872
87705
36075
35924
5620
28974
76656
51237
46087
7058
93074
78539
17161
81106
90624
26058
16310
56637
43695
57297
20070
37459
41131
52787
59351
71539
6730
24272
24781
4763
53819
92668
9811
60744
44731
50825
51940
52351
22565
9821
19039
51495
79120
43885
23514
50135
1872
13399
32322
94281
18447
24712
27965
90716
17762
5790
67753
5105
6220
654
19655
86231
30365
3564
78870
84964
79139
9282
83604
75211
45425
17948
71102
14171
67939
11960
22138
1103
15198
10600
36259
8274
22412
86759
41394
3480
66387
83001
9472
15036
24804
9981
32673
36606
30090
13246
68960
32507
27357
8880
13329
83862
29411
28555
34820
90621
87780
38058
45517
79999
22656
67238
60845
2281
18729
55269
56893
1704
62987
89247
40307
49009
1180
73062
10951
55533
89482
70861
4257
60238
3572
44474
9564
46108
14443
29410
22063
1356
62889
94220
72837
36957
2980
44577
64160
86165
60335
85299
11797
62893
82056
89662
81371
51340
72401
29855
17343
10779
37210
64595
32671
18796
67334
41059
95159
29664
6149
78461
85749
94048
79400
88747
92248
34657
85753
69036
3248
72136
44830
83004
67240
75643
14628
22497
69388
1961
45867
28910
70350
87455
55531
58784
30112
47921
49276
45167
36613
74097
10088
18888
74351
14451
327
66751
40921
36965
17528
25148
93622
15229
75388
8099
6754
18736
14627
72228
35164
13952
86598
92863
81829
89337
76679
1099
25328
82670
46790
83438
91058
46374
38480
41580
55182
47572
82846
5300
72144
42358
24829
32948
90720
85399
46980
20979
59467
1798
18828
22250
17179
25753
3852
14719
60777
68285
74800
34312
25053
35001
55881
1636
69992
11818
63325
64440
78042
10350
76242
23801
1729
30555
95004
27200
65218
37912
42357
2399
41672
74026
1029
47664
66416
83089
62992
21389
67086
42621
941
48613
70436
6845
49273
55367
51009
85662
19497
43648
33900
58091
78741
40664
2046
68377
87300
90371
1361
14287
33210
16596
36962
89947
44582
14796
53415
90738
1728
91398
65217
8551
89951
81660
81489
63167
70626
34746
64532
59382
58267
59891
85852
17094
44249
14208
40570
90302
60516
70694
66508
52372
83352
40404
86101
8737
14986
25061
70787
16336
38761
26533
81395
21994
17025
83029
62477
2138
3253
11909
57606
27037
66669
7445
92801
74289
10441
33811
92101
63430
23
75996
93554
24645
38247
52915
33737
5742
6686
62667
82250
82079
44854
44580
70541
85337
55981
37488
67783
63958
32445
33560
79585
24835
91944
71294
1819
9327
6588
4289
1295
2660
59473
67093
12842
47505
8226
48703
85243
3442
32097
75050
30297
67440
9943
62920
70540
5834
52047
94399
82342
55305
94154
62059
60714
30928
48081
87997
17209
85433
74908
32796
82528
39360
67709
74384
18133
17981
90651
61980
13623
16876
6518
72168
93400
49910
91429
10184
48780
94936
13691
48354
30927
82434
16269
23977
19008
31597
45199
67091
57172
91252
82527
43937
67967
84840
54271
51811
1650
1479
33044
85618
1988
26628
36551
43839
65481
17907
83118
77817
45110
93296
46837
67115
74040
81328
63006
61891
10280
32819
26191
3185
358
71922
41353
86718
56320
94338
27478
18924
11577
78834
53165
22435
21241
7631
88077
3023
56946
87392
32187
59411
78393
88341
40061
15607
89109
66703
7024
70214
33140
37587
10030
41098
2240
39196
3693
64213
83195
60104
51300
86976
68405
39734
94596
90487
92796
9519
50953
86027
55047
42389
40760
7195
56671
94434
62848
78930
70468
31085
48361
13282
5233
17215
13791
30234
26307
356
28082
89969
28591
16114
12690
2332
75168
56161
26375
52052
47695
48889
82969
27324
85708
93328
33927
39919
30150
94526
80390
3207
29192
23308
2522
82024
6969
52238
63781
70990
22882
13374
27930
48037
10914
874
25176
81422
78581
35907
87414
13457
448
41727
49235
31524
67302
2424
75421
83041
10982
21331
16181
92916
55138
14410
41795
20230
36924
11505
10820
23307
8494
55661
85526
56855
25092
86641
22622
30242
82532
92735
89209
64039
36483
8068
5608
17056
91624
41188
76805
20406
36317
25968
52589
66612
47689
82091
62004
21614
74848
711
49327
26466
64655
34086
6091
94950
5940
18582
68064
54819
62439
44117
39217
32290
53351
60639
66802
8067
39985
48828
49488
56947
82908
51644
33322
5166
66699
3366
6790
51737
4990
84492
49326
19711
60971
3885
27331
72264
66963
18606
10564
92469
50626
95208
43427
55150
3214
76211
47619
33493
17480
76275
45295
21010
89975
27766
5082
38908
74504
89559
40878
92919
62770
83831
63200
63029
21871
6114
95124
85205
25804
91015
4314
79620
48640
56260
13302
36931
56353
44908
14510
88012
59341
20149
71255
94625
92825
17572
91186
2959
53026
18261
26380
3648
14945
13047
82465
56000
11247
81780
66961
66971
56597
20848
70501
18437
24702
58935
26057
30522
75104
43009
60646
25881
14064
40808
68947
93509
20667
78611
55750
82371
15262
13746
93068
48918
5682
17664
21449
34107
91278
89821
50550
46594
64402
71611
53118
86656
60043
46168
18862
43708
36758
44378
30012
94530
67997
33774
83506
48741
29304
2365
31191
29563
90690
18529
26149
94623
78610
60229
92573
38122
82121
22470
60738
72202
83574
53788
78703
48917
43879
56537
18348
67135
68250
14160
90866
35221
43090
27611
34365
69028
45742
57035
17501
93957
25199
46431
92568
74246
28902
75870
89472
20949
21780
42841
55078
52618
41985
90523
93521
94181
5171
22303
18097
37020
77846
48392
57225
34115
66797
60834
9901
74436
38556
68342
92758
46176
13137
84864
83499
128
14761
21970
48059
60144
43809
9549
75449
44640
65701
65950
18537
19197
44214
33865
76647
50034
13753
75962
64145
6374
55679
76911
75546
51491
71437
73746
7063
66287
31903
33258
23339
30264
77938
78099
14251
21710
24963
37621
37880
74954
14599
83503
12035
37963
88810
40021
45583
479
28455
56725
94459
2455
30959
87005
38467
60319
48390
60578
14950
1070
89147
22570
74860
56118
78010
53124
37111
94282
47823
91822
74160
28645
29839
41664
63919
6470
92849
93680
16652
11100
81971
17601
71098
1260
89053
45675
6646
43875
44990
42515
40465
10679
22143
3745
59115
13418
21038
53382
10150
60141
93259
39512
18960
84200
86338
18534
81970
26154
63477
72995
71097
996
20529
83070
68535
37805
66735
67850
73489
95239
33539
28639
91820
93958
24799
9462
58767
26060
11886
22235
93962
45605
62278
83598
49014
86337
19737
70945
60492
75288
58081
55621
80697
5289
49082
27699
5798
81646
40214
388
47649
92763
69291
31997
29337
53214
85138
47913
1537
45330
14350
81039
6389
36100
44048
45163
1096
15387
9647
25051
26245
17441
65887
78545
52715
79489
85470
30098
21828
8800
43720
88302
90972
88561
70434
68023
94464
37303
3938
9137
17695
49105
2470
94297
52205
62383
51349
46199
39954
81644
94302
44570
52190
21460
36960
74278
14877
63415
24825
62730
63674
79835
17092
93798
52366
66477
85229
3428
83179
6142
15894
6935
74209
81898
2836
44320
39170
3496
60592
37370
86779
70594
18985
37737
82851
90799
19924
1960
31500
27544
75226
3060
70432
6841
7252
17708
67591
11192
73685
88652
17184
55872
63492
14724
38754
12141
71640
65375
93361
2042
40998
73523
39952
6234
10708
1979
14792
64524
25141
91145
93454
51166
24040
15315
60258
14630
54957
27117
89336
59471
50848
34052
40146
86342
50574
78732
86352
94471
10614
1885
24216
88235
29778
52202
92700
10090
56820
25840
30036
33460
84919
45003
63858
31660
55974
22685
37652
9237
48001
73077
83789
5128
7437
75131
32687
68465
92597
80540
29342
931
59466
79333
85143
91237
3342
47747
73708
27126
73434
36189
72069
30226
29009
90919
57680
2740
82242
93898
2579
89428
48700
40238
9936
63074
5044
54520
11293
14815
79494
22009
73869
55547
64781
7695
55273
36629
68190
60007
62316
32950
86879
17881
87309
11214
59049
18830
55904
1634
29527
68376
18913
73775
30318
2323
79767
70781
4187
71221
2842
80818
78407
66580
87641
19417
94929
78133
60706
249
29340
41528
17112
55301
80377
32440
40060
55810
87734
93294
3169
85934
67612
75232
52371
55110
18409
87827
75065
51544
90927
49897
91587
606
6769
67690
92536
62921
93196
77717
52048
2841
41160
86275
20892
94394
15057
25940
60171
78391
52561
3594
32278
22
62573
75231
34332
64456
29691
90133
77907
60357
24477
93895
33995
69059
605
66065
11315
67180
44427
53945
81931
64020
37487
43752
9492
25259
10713
29877
48800
95088
83031
41952
86534
54439
68212
33378
30394
71571
40841
9585
3622
77813
48188
8225
87316
13359
4909
47337
32879
45537
64548
76012
82106
33568
71473
87384
57598
80032
56238
64812
3108
61647
3083
15065
63701
71321
37579
17912
71659
49552
83632
36219
1831
89624
28609
20567
6708
78056
41094
34678
79680
90924
24759
56399
25590
46651
17980
87408
45795
94333
70812
88078
3807
89692
86278
26113
89266
64302
86806
89276
94426
84507
57861
2422
6869
9608
66249
43843
94519
6340
18571
56760
25780
78481
35807
72073
32368
40942
79259
48450
69511
77380
68655
45545
13621
16874
67970
10456
17563
85866
79772
93486
60447
21074
59489
71574
85176
27149
34074
43842
89368
25520
28773
29967
55644
78764
33478
52489
9959
63802
9430
33316
44688
70820
70649
34769
47427
83307
41694
83566
2675
20922
70903
86814
30415
23465
90584
60798
13272
33922
48718
41542
18320
56338
84324
75349
13898
63801
70555
1412
85781
1921
67548
73813
57629
93225
64554
3021
72174
18755
51641
47685
40617
19704
92124
70912
95093
46325
74311
83658
22530
7306
36132
50629
28522
72770
74404
44618
93415
94609
34175
7374
88774
94868
3720
51386
51895
33573
15002
41193
74501
24848
30159
32468
85080
20411
54360
15770
37349
44808
62596
54986
21164
12610
18602
37584
54027
6175
7290
93840
31959
4830
79965
17472
21257
30491
28614
28863
94074
74755
44969
447
27058
53019
17139
77220
91183
38630
53787
8664
94431
59495
33665
82203
85456
41285
92381
44024
59079
81866
50886
3205
5514
270
24670
69252
45731
57024
82271
49140
18160
56428
5856
21011
7382
48284
60643
21520
67829
18253
42414
69697
56525
20757
89280
3111
40340
85181
1854
80671
25638
47530
56593
94782
25873
89911
88013
51834
36481
11062
2103
28871
70561
40775
74244
3556
90766
6804
86839
5948
6280
2705
30166
4480
43617
87504
80157
82201
85454
42
68326
25270
82211
74146
10137
81864
79453
18438
92223
87073
48733
5771
49677
53178
41121
12450
33511
50184
85801
93421
56176
63635
94081
62779
13228
70399
78161
41307
74845
40622
47015
48130
79198
90613
91807
30258
63796
53094
83237
86661
76038
13134
5770
22902
35310
1945
60386
73044
7404
79036
11344
93249
85639
86480
21096
11427
87248
93772
13829
81270
45390
71601
42930
38974
12361
52423
68334
38548
93165
83246
50217
34204
23571
91110
7662
56967
30354
51415
52609
21629
4497
90264
54384
84953
14850
50559
44191
59691
5446
15628
23248
21188
67668
37270
88729
82996
27601
35470
59784
26745
5539
82037
71688
93864
87599
4854
33680
46167
59618
45482
51576
15696
50891
17579
60918
95047
7152
43266
20860
59177
50191
41921
65442
71252
44890
77244
4247
47458
37710
59431
21354
67051
91202
9099
86052
85901
53023
10579
1336
13318
29400
6898
79895
47981
58330
49605
94548
5538
48920
6903
56540
69027
40203
68591
80950
75879
94802
59083
377
73751
41656
44904
52524
3297
66126
73051
44380
94112
51668
64326
52783
87162
32412
56975
59714
33439
66977
5444
74597
2201
67926
73486
43871
3228
6652
84628
15719
12725
13840
64516
20345
62716
13395
70336
60133
90961
89744
63914
71534
79042
41748
56181
47911
92399
82651
5698
90271
37547
9552
89837
66193
10328
86060
1770
89563
51505
48664
2288
52958
28542
66731
43870
86143
51490
292
6651
59791
45504
63292
36700
86662
43205
3746
33002
36255
49162
56371
5629
11878
62974
2361
64608
94110
66383
79041
7238
10518
90011
61340
63478
4254
75984
2987
64167
28287
78019
63482
70941
15125
75
75818
63991
62093
74350
9644
72379
86152
32845
82327
47562
33960
14523
11109
45762
58249
56904
75886
34738
11877
63384
4943
90710
22745
68006
28986
78718
64582
17169
92852
78194
8719
24887
42954
36689
93801
49347
11441
94461
14009
17433
86851
32761
51762
87619
55705
25919
82326
68622
22935
72133
34737
86244
2898
27787
14615
66406
52270
73331
75469
6042
13769
75978
87442
95062
93536
78717
44998
43271
62816
31836
13240
65814
34301
88650
10075
92151
10868
26495
81127
29234
82751
3489
37896
80951
83778
6232
56912
47653
51164
66131
34036
40301
73419
504
37543
44752
75732
2994
32250
4618
49355
17431
51511
90360
4177
4686
6995
54857
11116
75384
9734
77008
61107
59880
40555
74024
20183
22492
9827
37288
1785
95060
65274
6050
62814
56299
11184
28993
83341
90550
34128
1888
37126
90643
48498
54763
9924
74630
74459
43729
38579
87117
24732
82333
59111
66658
55261
31740
17082
31579
45352
43043
9043
88134
34044
94737
33188
90300
94996
75559
90887
5731
41845
77623
62372
59810
20368
67430
22677
59820
50663
52972
63321
20094
67768
60949
74722
91395
56400
89518
78121
40044
36088
62220
81985
26340
78914
1025
38142
17874
67606
7017
25494
27118
6332
78214
48428
11
26692
70691
50060
60772
71121
85232
57755
2316
17267
65903
71214
35334
36278
23791
24221
31509
58170
79231
60439
19580
83809
82331
49200
7432
89243
71816
6327
52638
74814
29959
10805
8640
88925
43389
25067
32526
26432
85931
41589
93551
60512
2232
43898
1117
31841
74907
9418
2741
91325
31141
48779
10873
8307
3768
32594
14272
25424
86013
2667
45095
90992
28931
3606
76158
85676
1816
9324
24377
50338
19506
57161
20982
64449
7534
54701
32784
30984
80466
11048
3684
7617
54001
25330
93633
32618
33733
19858
55454
68112
37132
46900
37925
88317
40741
7176
49986
20120
24567
60163
44150
76074
66155
14374
29590
62056
5924
32441
47237
91236
3590
29683
25858
53844
22081
61464
7107
67955
75575
78314
37131
82867
63601
6515
8290
94840
58960
70365
83023
47143
67010
25681
89015
29614
37234
8124
33908
71563
72757
94933
85674
90041
44242
51451
39885
17205
11472
76704
40936
22614
41596
43924
21758
17038
10361
93915
71749
87376
93641
4631
84916
9508
44428
30292
59928
89440
29868
44432
77970
52551
90569
85590
23880
44941
94423
34068
55300
79159
53329
67102
90040
24658
14910
21415
64196
82004
5222
56836
31167
15154
60347
44334
52737
32116
59560
41179
10199
19072
63071
17556
41688
53152
91590
94667
29867
23904
17639
48085
60444
24564
75411
87468
32184
46740
67801
16171
84474
13711
22774
40332
8915
47518
93292
29964
27381
39717
55196
16357
74912
43228
61035
58194
40767
18660
25948
26280
33822
41442
10462
69600
94676
58796
39031
60703
38175
2672
75498
86811
37490
18846
41784
49292
55386
83372
61989
3959
72348
12947
33474
47076
75062
45276
13362
32114
48808
86713
25164
3014
13900
10461
41690
13200
4471
9348
52387
71310
54696
76872
12853
64644
20473
91515
88674
58888
40423
56334
90414
91608
21505
36222
69760
2857
20820
7122
48024
37675
3013
46224
50009
21338
37249
51633
71500
6011
13454
33321
40075
41269
79356
5664
63954
75247
77556
1056
84481
35713
37068
43333
51985
26454
18061
24155
87313
44869
32812
40432
47608
22110
55228
40941
20310
1662
12529
26302
351
42290
93749
6265
14138
5580
75946
31775
32890
444
64129
81766
64388
18760
49314
82964
7556
31613
48977
67729
92976