843
387
743
256
3371
156
3271
3627
3140
2784
833
2553
3040
2809
958
602
2222
371
3486
3386
1535
1048
3255
3155
3411
1560
2924
973
2337
3601
386
2237
3501
2137
1650
1519
1063
3270
1419
1288
2939
2352
501
1865
401
2121
170
3741
39
1890
2377
3641
1790
3054
1203
716
2567
2954
2467
616
2336
516
2236
29
285
2005
3756
3269
1418
3169
2682
831
3069
2938
2482
2351
1343
2707
144
2607
2120
169
3740
3771
3284
69
3184
2697
3053
1333
3540
846
3309
2722
871
2135
1648
3499
2035
3755
1548
3655
3424
2937
2737
2250
886
2150
299
1919
68
1788
3639
3539
3052
1688
2952
2465
614
2852
2365
414
2134
183
2390
52
3754
3654
3167
1116
629
2480
2736
529
1893
42
2249
2018
167
3282
67
1431
1331
2595
3207
2720
869
1356
513
2620
413
2520
2033
3753
669
182
3297
3653
1933
3197
1346
2710
3322
2835
1015
2735
2248
784
297
2048
1561
3181
1717
3437
2950
2850
2750
1932
3652
1801
1832
1701
1214
3452
2965
1114
2865
1014
2278
427
1791
2147
2534
683
196
2403
65
3767
1816
3567
1716
3080
2493
1129
2849
2880
1029
2262
2618
767
798
311
667
2518
2418
567
80
211
1931
3682
1831
1344
3195
3095
2608
1244
2964
1500
1369
2733
426
326
2046
682
3797
1946
1459
3666
3310
3697
1846
3566
3079
1971
1128
1484
3335
3235
2748
1028
797
310
2161
3781
210
3325
110
1830
3681
1961
1699
3550
1730
2086
1599
3450
3350
2863
912
425
2176
812
325
2432
2788
1945
581
2201
3565
3465
2978
1127
3365
2878
1027
2291
440
2547
2903
2416
2316
465
1829
9
1729
1242
3093
1142
2893
2406
3605
3118
3018
2531
680
3795
1944
224
93
2331
3695
3108
1257
3720
1382
3133
439
2646
826
2546
2059
208
695
3679
1859
8
3579
3223
1628
3348
1497
3248
2761
910
941
1297
3148
2661
710
223
2074
2330
479
2686
1843
3463
1612
2099
3363
1512
1025
1412
2676
2189
338
2801
107
7
1627
2891
1527
2791
940
2560
709
2916
578
609
2329
3693
1742
3006
1642
3131
924
2544
337
724
237
593
1080
2931
137
3708
493
2344
1270
3246
1039
1395
3146
1295
2659
2559
708
1195
2459
608
3236
1872
21
2097
1641
3361
1154
3748
2674
723
2343
492
2212
2243
1756
3476
392
2112
2012
2789
938
2689
2202
351
838
2327
507
2227
2904
3291
1440
1309
822
2673
3516
3029
2929
2442
622
2342
2829
2242
3506
1655
3019
1424
3631
1293
837
3044
737
1093
2944
2457
2357
3721
19
1870
50
406
1770
2257
2026
175
1408
3646
3159
952
1308
3059
852
2572
2472
1985
2372
1885
2241
2141
290
2010
1910
1454
3174
836
2587
2356
2712
2225
505
2256
2612
2025
2802
1338
851
2958
620
2827
2371
2240
2271
420
2140
1653
3504
2040
189
3304
3660
1809
3173
3529
3429
635
2842
504
535
3619
48
2255
3775
1924
1437
3544
3057
650
2857
519
3634
1783
2008
2039
1552
1908
1452
965
1808
3072
2585
2972
1121
634
2254
890
303
2054
1567
3287
3774
2600
2856
2269
418
1782
2169
1451
3202
864
1220
1120
3327
2484
2871
1020
533
2384
2740
2284
2640
2153
302
433
2053
3417
3673
1822
3186
2855
517
548
904
61
317
3788
1937
1450
3657
3688
1350
3557
1219
3070
2970
1119
763
2383
532
3647
201
1921
1565
3772
1952
101
1821
3185
3572
878
3085
778
1134
416
2167
2036
2067
2423
216
1936
1836
3200
1349
2613
2869
1018
2769
2282
2638
918
2051
3802
1951
3215
1364
3440
1233
2984
1133
2853
3340
2884
2397
1033
546
446
2653
2166
346
3686
3199
1348
3099
1735
2999
3355
661
1017
2868
1148
917
74
430
2181
3801
1950
3670
2437
1850
1363
3570
776
1132
1619
2983
1163
676
2396
2883
1032
2652
2165
801
701
214
1278
1634
1147
2998
1403
2636
329
3800
1949
229
1593
3700
1849
1493
1393
3113
3369
1518
1031
3238
2295
444
2195
344
2064
244
1964
113
2220
369
1633
3353
3253
2766
2797
946
2666
2179
2566
2079
359
228
2335
1848
484
1748
1161
3368
2881
1030
3268
2781
474
2681
343
699
830
1963
3714
12
3583
1732
3614
1763
3483
1276
1632
1145
2996
1176
1532
1045
2896
3383
1301
2078
227
714
1978
3698
1847
1491
27
1747
3598
1291
3011
3267
2780
929
829
342
2549
2580
2093
242
2449
1993
142
1862
3713
3613
267
3382
3251
1044
2308
457
2664
2695
844
3051
2208
2108
2464
1977
126
3597
3497
3010
1159
3397
2910
1059
3266
2779
1546
2810
959
472
2679
2579
728
2092
241
3712
497
1861
1761
3481
3512
1174
1074
2794
587
943
487
3050
1199
2463
1976
125
2363
1876
3727
1745
512
1289
1645
2909
702
3165
1314
827
2678
2478
627
140
2347
2247
1760
3611
3511
1304
1329
2562
742
255
2106
2006
155
1875
2362
3626
55
2131
280
2031
1544
3264
2808
3164
2708
2221
370
757
270
2477
526
395
1759
3510
1659
2923
1072
2823
485
872
254
2848
997
1774
410
3525
3394
1187
3425
1087
956
2963
1112
625
2476
2376
525
1889
38
1789
1302
1658
1558
2922
3078
2591
740
2004
153
2391
1904
53
3624
1773
1804
2160
1673
1542
3780
1929
78
3293
3193
1342
2606
2962
268
2506
2019
655
1888
2631
780
2044
3308
1457
3177
970
2621
2977
2490
539
2259
2159
308
3423
3779
2936
2836
985
3192
885
754
2861
3638
1787
2274
423
2174
3538
1687
3438
1587
1100
3794
1712
1125
1902
2289
438
3522
1802
3678
3191
1340
3091
1240
2504
2404
1917
66
1817
322
2529
191
2042
3793
1942
3306
3206
868
3106
1255
2975
2488
2875
181
2388
2644
437
306
793
2057
3321
106
1470
3221
1370
2734
2759
552
3436
3792
1585
3336
3692
3205
1254
1610
3461
2874
2387
1023
2774
2287
436
2187
3551
3451
1600
3320
3807
3576
3089
1238
1725
2502
2889
1038
2402
551
2302
1815
3435
1228
89
3204
3591
1740
666
566
2286
1930
79
2317
691
2055
3806
3319
1955
1468
3706
1855
4
3119
2988
2532
681
2401
194
937
450
2170
350
706
2070
219
2557
3334
3690
1483
3234
896
3103
3134
796
3003
1021
2772
2285
334
2085
234
3449
1498
3705
3218
3249
1267
1623
3474
3374
1036
2787
2300
349
1713
249
3333
1869
1738
1638
3002
1151
1051
2315
1828
2184
2215
1728
364
2440
1953
133
1853
3604
3117
1266
3017
2530
2917
2430
348
2555
2068
248
604
1968
3719
1868
3232
17
3132
2645
794
3001
1281
2545
2901
950
2670
819
719
2083
3347
1983
1496
3247
1883
32
3147
2660
1165
2885
1065
934
834
2198
347
247
1611
147
1767
3487
1636
2900
1049
2800
462
849
2213
2113
1626
1882
3602
31
1751
3502
3015
1651
2915
2428
577
2815
964
2328
2228
377
2940
2453
246
502
15
1866
3617
1279
3030
1666
2443
592
1079
2799
361
717
261
1981
130
617
3245
1881
1781
1194
707
963
1319
2683
732
245
2096
276
2483
1996
3716
1896
3616
1409
3260
3160
1078
1434
1334
2598
747
2011
3731
1680
1549
2913
3300
962
2713
862
275
1895
2151
1664
3515
3415
1077
490
2953
259
2466
615
2497
159
515
59
1779
3630
415
3043
1679
2943
1092
2812
861
2968
2481
1117
174
2381
3745
1894
3645
1307
1694
1207
3414
1076
3283
1432
3183
2696
845
1232
745
2596
645
3760
1909
58
1547
1578
3298
1934
3198
1347
2711
2611
760
2511
3744
2149
1693
2049
3413
2239
388
2626
2139
2851
2364
544
57
2751
2164
3428
1577
1090
3328
2841
990
1246
759
2479
659
1792
1692
3443
2956
2825
3212
1361
3081
2981
287
2494
643
187
543
2394
1907
87
2294
3658
1807
3558
3783
1445
3683
989
3196
2609
789
2509
3773
558
3642
2178
2047
1591
3311
1460
1947
3211
873
1260
2624
2524
673
186
2037
2162
1706
2062
3426
1606
3326
3226
2739
888
2639
2995
2508
2864
2764
70
2277
1690
226
3341
2854
1259
772
2879
2392
572
3656
441
1805
2292
341
3456
2969
1118
1605
3225
3581
1374
3094
787
2507
687
2407
100
2307
1820
225
3796
3696
3209
1489
1358
1389
3109
2622
771
2522
2422
3786
2191
1704
2060
240
1473
3711
1504
3124
2637
2537
555
455
2662
2175
2206
2075
1588
3339
3239
3008
2877
670
2908
2777
2290
2321
2677
2190
1603
1016
785
1172
685
2892
554
2792
98
454
585
2205
1718
2982
1131
123
3694
1487
3725
23
3107
2907
700
2420
569
2320
1833
238
1602
1989
3709
3222
1858
3122
1271
1758
3022
715
584
840
2073
1617
1973
2460
253
3724
1873
1517
1417
3137
2650
3037
2550
1186
2419
2906
2775
955
2188
2575
3352
1988
2765
914
1657
3377
2890
2921
3277
2434
2790
3467
1616
3367
1772
3492
3005
3036
1185
2905
954
467
2318
498
2218
11
1731
2118
623
3707
36
3507
813
1200
713
2433
2920
1069
251
151
3722
1871
1415
1771
1284
3622
828
2548
2217
2573
2117
2473
1986
1630
2017
1399
3637
1299
3406
2819
2332
2688
381
281
2001
3752
1901
3521
3034
3390
1670
2934
1083
2803
983
365
396
265
3380
2016
34
3149
2918
1067
711
1098
611
3305
380
636
3620
49
1800
3033
3420
1213
1569
2933
2833
982
495
2602
2115
264
2015
64
3635
1784
3535
1684
1097
2817
2461
2230
2586
2130
279
2486
766
1999
2386
1899
1443
1312
1081
2345
2701
3088
394
2601
2245
2145
294
3765
3278
63
1427
3534
2947
3303
2816
1583
2847
3203
2716
409
2129
309
2029
2385
534
3749
1798
1311
3518
3318
624
2831
2731
37
2013
162
3764
549
3633
62
1913
2400
1813
3533
1682
1226
2946
1095
1582
1126
2359
2128
2515
664
177
2028
1441
3648
77
3548
3061
1241
2961
979
1366
2599
779
2499
2399
1912
192
1943
3663
1812
3176
3301
1094
1481
994
2845
2745
894
2614
2158
307
2027
176
2058
2414
3547
332
3416
1696
2960
3316
522
2729
2629
2142
291
547
3662
447
1224
3431
3331
2844
993
1024
2744
893
537
2413
562
75
3777
3677
1826
1695
1726
1239
1139
3346
2528
2041
677
190
2297
1810
1354
3330
115
3230
792
305
2156
692
2412
1925
205
3776
1956
3676
1825
3445
1594
230
2858
1394
2758
2627
807
2527
3791
2427
1940
2196
345
1709
3460
1609
2973
3329
3360
2873
2742
2773
922
2642
2411
1824
3575
2211
3444
1624
1137
3244
1037
906
2526
3790
575
88
1839
1739
2872
665
13
1864
3128
1277
2641
790
3028
2410
1954
1854
2210
3574
3
1367
1979
128
1492
3343
3243
1392
2756
3143
2656
3012
2525
2556
705
218
1969
118
3689
2325
2094
1994
143
3358
3258
2671
3027
333
820
2540
720
2796
458
489
2209
358
1722
3473
258
3342
1522
3242
1035
2886
3142
2655
448
804
1060
573
2424
2811
473
2224
373
1737
1150
3357
1537
1050
3257
919
1406
2539
688
2926
1075
2439
1852
1
1265
1621
1652
3728
1877
3628
3141
1290
2554
703
1967
603
2323
2354
16
1736
3587
272
1992
141
1505
3743
1405
3125
3156
1305
2082
231
718
2925
2469
1851