19 76 110 318 364 445 454 500 643 700 723 767 790 807 822 862 925 936 1023 1024 1028 1033 1048 1060 1100 1163 1257 1326 1331 1342 1346 1381 1438 1584 1654 1718 1724 1750 2653 2669 2763 , 3 5 6 % 41 , 3
19 76 110 318 364 445 454 500 643 700 723 767 790 807 822 862 925 936 1023 1024 1028 1033 1048 1060 1100 1163 1257 1326 1331 1342 1346 1381 1438 1584 1654 1718 1724 2130 2653 2669 3289 , 0 3 6 % 41 , 3
6 7 26 47 217 235 282 299 304 311 319 362 367 401 403 418 420 440 441 464 465 472 556 573 579 585 598 599 697 760 809 1013 1017 1142 1206 1262 1279 1309 1382 1443 1447 , 0 1 3 % 41 , 3
1680 1757 1768 1775 1875 2125 2167 2230 2311 2334 2364 2429 2504 2507 2594 2610 2615 2620 2629 2635 2793 2795 2942 2988 3001 3005 3261 3280 3282 3285 3297 3336 3505 3649 3697 3699 3700 3739 3787 3808 , 2 3 5 % 40 , 3
19 76 110 164 314 364 393 407 445 476 500 566 574 643 663 700 767 790 807 822 862 936 1023 1024 1028 1033 1048 1060 1072 1089 1100 1257 1271 1326 1331 1342 1346 1374 1578 1654 , 4 5 6 % 40 , 3
101 543 751 1485 1636 1659 1690 1759 1805 1937 1978 2016 2036 2049 2099 2227 2237 2409 2411 2537 2608 2660 2679 2722 2737 2811 3033 3079 3086 3223 3235 3246 3326 3377 3437 3521 3639 3658 3688 3807 , 1 3 4 6 % 40 , 4
101 543 751 1485 1636 1659 1690 1759 1805 1937 1978 2016 2036 2075 2099 2227 2237 2409 2411 2660 2679 2722 2737 2811 3033 3079 3086 3198 3211 3223 3235 3293 3326 3377 3437 3521 3639 3658 3688 3807 , 0 2 3 4 5 6 % 40 , 6
7 26 64 211 235 247 258 279 281 304 357 362 403 418 440 465 472 486 524 556 573 579 585 590 676 677 760 820 989 1017 1142 1197 1216 1236 1237 1279 1309 1382 1419 , 2 3 % 39 , 2
19 76 110 318 364 445 454 500 643 700 767 790 807 822 862 925 936 1023 1024 1028 1033 1048 1060 1100 1163 1257 1326 1331 1342 1346 1381 1438 1584 1654 1724 1750 2130 2653 2669 , 1 3 6 % 39 , 3
6 7 26 47 217 235 282 299 304 311 319 362 367 401 403 420 440 441 464 465 556 573 579 585 598 599 697 760 809 1013 1017 1142 1206 1262 1279 1309 1382 1443 1447 , 0 1 3 5 % 39 , 4
19 76 110 318 364 445 454 500 643 700 723 767 790 807 822 862 925 936 1023 1024 1028 1033 1048 1060 1100 1163 1257 1326 1331 1342 1346 1381 1438 1584 1654 1718 1724 2653 2669 , 0 3 5 6 % 39 , 4
1680 1757 1768 1775 1875 2125 2167 2230 2311 2334 2364 2429 2504 2507 2594 2610 2615 2620 2629 2635 2793 2795 2942 2988 3001 3005 3261 3280 3282 3285 3297 3336 3505 3649 3699 3700 3739 3787 3808 , 0 2 3 5 % 39 , 4
1680 1757 1768 1775 1875 2125 2167 2230 2311 2334 2364 2429 2507 2594 2610 2615 2620 2629 2635 2793 2795 2942 2988 3001 3005 3261 3280 3282 3285 3297 3336 3505 3649 3697 3699 3700 3739 3787 3808 , 1 2 3 5 % 39 , 4
1765 1824 1863 1971 1998 2030 2043 2064 2077 2115 2288 2349 2369 2384 2551 2648 2649 2684 2745 2767 2770 2854 2896 2940 3128 3171 3229 3231 3358 3381 3543 3554 3558 3584 3587 3603 3674 3697 , 0 % 38 , 1
19 76 110 318 364 445 454 500 643 700 767 790 807 822 862 925 936 1023 1024 1028 1033 1048 1060 1100 1163 1257 1326 1331 1342 1346 1381 1438 1584 1654 1724 1750 2653 2669 , 1 3 5 6 % 38 , 4
19 76 110 164 314 364 407 445 476 500 566 574 643 663 700 767 790 807 822 862 936 1023 1024 1028 1033 1048 1060 1072 1089 1100 1257 1271 1326 1331 1342 1346 1374 1654 , 0 4 5 6 % 38 , 4
19 76 110 164 314 364 393 407 445 476 500 574 643 663 700 767 790 807 822 862 936 1023 1024 1028 1033 1048 1060 1072 1089 1100 1257 1271 1326 1331 1342 1346 1374 1654 , 1 4 5 6 % 38 , 4
19 76 110 318 364 445 454 500 643 700 767 790 807 822 862 925 936 1023 1024 1028 1033 1048 1060 1100 1163 1257 1326 1331 1342 1346 1381 1438 1584 1654 1724 2130 2653 2669 , 0 1 3 6 % 38 , 4
1680 1757 1768 1775 1875 2125 2167 2230 2311 2334 2364 2429 2507 2594 2610 2615 2620 2629 2635 2793 2795 2942 2988 3001 3005 3261 3280 3282 3285 3297 3336 3505 3649 3699 3700 3739 3787 3808 , 0 1 2 3 5 % 38 , 5
101 543 751 1485 1636 1659 1690 1759 1805 1937 1978 2016 2036 2049 2099 2227 2237 2409 2411 2537 2660 2679 2722 2737 2811 3033 3079 3086 3223 3235 3326 3377 3437 3521 3639 3658 3688 3807 , 1 2 3 4 6 % 38 , 5
1765 1824 1863 1971 1998 2030 2043 2064 2077 2115 2288 2349 2369 2384 2502 2551 2648 2649 2684 2745 2767 2770 2854 2896 2940 3171 3229 3231 3358 3381 3539 3543 3554 3558 3584 3603 3674 , 5 % 37 , 1
19 36 76 110 174 245 364 433 445 453 500 587 643 700 758 767 778 790 807 822 862 936 1023 1024 1028 1033 1048 1060 1100 1119 1257 1326 1331 1342 1346 1520 1654 , 3 4 6 % 37 , 3
19 76 164 314 364 393 407 445 448 476 500 574 643 663 767 790 798 807 936 1001 1023 1024 1028 1033 1060 1072 1089 1100 1257 1271 1326 1331 1342 1346 1374 1627 1654 , 1 2 4 6 % 37 , 4
19 76 110 318 364 445 454 500 643 700 767 790 807 822 862 925 936 1023 1024 1028 1033 1048 1060 1100 1163 1257 1326 1331 1342 1346 1381 1438 1584 1654 1724 2653 2669 , 0 1 3 5 6 % 37 , 5
19 76 110 164 314 364 407 445 476 500 574 643 663 700 767 790 807 822 862 936 1023 1024 1028 1033 1048 1060 1072 1089 1100 1257 1271 1326 1331 1342 1346 1374 1654 , 0 1 4 5 6 % 37 , 5
101 543 751 1485 1636 1659 1690 1759 1805 1937 1978 2016 2036 2099 2227 2237 2409 2411 2660 2679 2722 2737 2811 3033 3079 3086 3223 3235 3246 3326 3377 3437 3521 3639 3658 3688 3807 , 0 1 3 4 5 6 % 37 , 6
7 26 64 211 235 247 258 279 281 304 362 403 418 440 465 472 486 524 556 573 579 585 590 676 760 989 1017 1142 1197 1216 1236 1237 1279 1309 1382 1419 , 1 2 3 % 36 , 3
101 543 751 1485 1636 1659 1690 1759 1805 1937 1978 2016 2036 2099 2227 2237 2409 2411 2660 2679 2722 2737 2811 3033 3079 3086 3223 3235 3326 3377 3437 3521 3639 3658 3688 3807 , 0 1 2 3 4 5 6 % 36 , 7
1765 1824 1863 1971 1998 2030 2043 2064 2077 2115 2288 2349 2369 2384 2551 2648 2649 2684 2745 2767 2770 2854 2896 2940 3171 3229 3231 3358 3381 3543 3554 3558 3584 3603 3674 , 0 5 % 35 , 2
12 58 68 72 191 199 201 328 541 549 555 556 585 676 713 721 725 738 764 772 803 812 868 998 1008 1091 1106 1122 1188 1202 1203 1252 1383 1459 , 2 6 % 34 , 2
17 143 153 241 246 303 330 347 352 373 430 493 511 717 794 796 864 1031 1045 1126 1133 1139 1198 1244 1270 1284 1295 1300 1334 1517 1574 1588 2079 3575 , 3 5 6 % 34 , 3
19 76 164 314 364 393 407 445 476 500 566 574 643 663 767 790 807 936 1023 1024 1028 1033 1060 1072 1089 1100 1257 1271 1326 1331 1342 1346 1374 1654 , 2 4 5 6 % 34 , 4
121 170 202 287 341 391 400 535 679 691 704 718 737 744 785 833 870 903 951 959 964 1090 1301 1323 1377 1436 1442 1453 1488 1515 1530 1610 2693 , 2 4 6 % 33 , 3
17 50 143 153 167 246 259 263 300 303 330 347 373 423 430 493 511 717 796 864 1031 1126 1133 1139 1270 1277 1281 1295 1300 1517 1574 1588 1619 , 2 3 6 % 33 , 3
19 76 164 314 364 407 445 476 500 566 574 643 663 767 790 807 936 1023 1024 1028 1033 1060 1072 1089 1100 1257 1271 1326 1331 1342 1346 1374 1654 , 0 2 4 5 6 % 33 , 5
19 76 164 314 364 393 407 445 476 500 574 643 663 767 790 807 936 1023 1024 1028 1033 1060 1072 1089 1100 1257 1271 1326 1331 1342 1346 1374 1654 , 1 2 4 5 6 % 33 , 5
17 50 143 153 246 263 300 303 330 347 430 493 511 717 794 796 864 1031 1126 1133 1139 1244 1270 1277 1281 1295 1300 1517 1574 1588 1619 3575 , 1 3 6 % 32 , 3
1771 1851 1861 1864 2059 2135 2188 2195 2294 2302 2343 2545 2613 2614 2652 2791 2797 2946 2962 2969 3028 3159 3269 3303 3304 3325 3548 3551 3619 3626 3689 3777 , 0 2 3 4 % 32 , 4
17 153 241 246 303 330 347 352 373 430 493 511 717 794 796 864 1031 1045 1126 1133 1139 1244 1270 1284 1295 1300 1334 1517 1574 1588 2079 3575 , 0 3 5 6 % 32 , 4
19 76 164 314 364 407 445 476 500 574 643 663 767 790 807 936 1023 1024 1028 1033 1060 1072 1089 1100 1257 1271 1326 1331 1342 1346 1374 1654 , 0 1 2 4 5 6 % 32 , 6
396 1073 1354 1714 1765 1824 1844 1863 1971 1998 2043 2205 2260 2288 2349 2369 2379 2517 2525 2949 2957 3027 3037 3089 3231 3240 3311 3539 3543 3558 3735 , 3 % 31 , 1
1680 1715 1907 1971 1998 2030 2043 2064 2115 2349 2364 2384 2504 2551 2649 2684 2745 2767 2770 2854 2896 3025 3171 3229 3231 3381 3543 3554 3584 3603 3669 , 1 % 31 , 1
12 58 72 191 199 286 317 326 541 556 585 631 635 657 699 713 724 747 764 803 812 1008 1091 1106 1208 1250 1252 1297 1383 1440 1459 , 0 6 % 31 , 2
1771 1851 1861 1864 2059 2135 2188 2195 2302 2343 2545 2613 2614 2652 2791 2797 2946 2962 2969 3028 3159 3269 3303 3304 3325 3548 3551 3619 3626 3689 3777 , 0 2 3 4 5 % 31 , 5
116 131 376 446 496 685 795 824 885 889 898 1101 1108 1153 1162 1211 1327 1536 1653 1721 1882 1884 2469 2486 2705 2715 2718 3052 3479 3509 , 3 6 % 30 , 2
19 76 318 364 445 454 500 643 767 778 790 807 925 936 1023 1024 1028 1033 1060 1100 1163 1257 1326 1331 1342 1346 1381 1438 1584 1654 , 2 3 6 % 30 , 3
17 50 143 153 246 263 300 303 330 347 430 493 511 717 796 864 1031 1126 1133 1139 1270 1277 1281 1295 1300 1517 1574 1588 1619 , 1 2 3 6 % 29 , 4
19 76 318 364 445 454 500 643 767 790 807 925 936 1023 1024 1028 1033 1060 1100 1163 1257 1326 1331 1342 1346 1381 1438 1584 1654 , 0 1 2 3 5 6 % 29 , 6
12 58 72 191 199 201 541 549 555 556 585 635 676 713 725 772 803 998 1008 1091 1106 1188 1202 1208 1252 1383 1440 1459 , 1 6 % 28 , 2
0 102 242 375 432 469 517 538 555 580 642 730 742 766 855 869 1036 1127 1158 1202 1208 1218 1287 1313 1348 1400 1484 , 1 4 % 27 , 2
12 58 72 191 199 286 326 541 556 585 631 635 657 713 724 747 764 803 1008 1091 1106 1208 1250 1252 1383 1440 1459 , 0 5 6 % 27 , 3
19 76 110 364 445 500 643 700 767 790 807 822 862 936 1023 1024 1028 1033 1048 1060 1100 1257 1326 1331 1342 1346 1654 , 0 1 3 4 5 6 % 27 , 6
1667 1715 1756 1907 1966 2041 2310 2373 2453 2555 2872 2896 2924 3056 3145 3169 3232 3338 3348 3373 3616 3631 3638 3655 3696 3737 , 0 4 % 26 , 2
145 154 277 360 540 563 600 644 653 676 690 725 726 772 774 779 850 927 1177 1188 1191 1203 1231 1575 1579 1615 , 0 3 % 26 , 2
17 143 153 246 303 330 347 430 493 511 717 794 796 864 1031 1126 1133 1139 1244 1270 1295 1300 1517 1574 1588 3575 , 1 3 5 6 % 26 , 4
0 86 172 173 207 242 244 260 374 503 517 646 855 869 1127 1130 1138 1158 1184 1208 1212 1213 1215 1217 1232 , 2 % 25 , 1
12 58 72 191 199 201 541 549 555 556 585 676 713 725 772 803 998 1008 1091 1106 1188 1202 1252 1383 1459 , 1 2 6 % 25 , 3
145 154 277 360 540 563 600 644 653 676 690 725 726 772 774 850 927 1177 1188 1191 1203 1231 1575 1579 1615 , 0 3 5 % 25 , 3
17 153 246 303 330 347 430 493 511 717 794 796 864 1031 1126 1133 1139 1244 1270 1295 1300 1517 1574 1588 3575 , 0 1 3 5 6 % 25 , 5
