14 19 31 34 76 84 90 110 117 146 164 168 248 269 276 312 314 318 321 364 389 393 407 417 445 448 454 474 476 500 516 545 574 576 643 663 689 694 700 733 767 783 790 798 807 822 831 862 865 875 925 932 936 971 988 991 1001 1016 1023 1024 1028 1033 1048 1060 1072 1077 1082 1089 1100 1124 1163 1193 1254 1257 1271 1286 1292 1316 1318 1326 1328 1331 1342 1346 1374 1381 1407 1415 1438 1540 1551 1584 1622 1627 1654 1724 1750 2130 2197 2238 2446 2653 2669 2732 3013 3072 3120 3161 3410 3468 3643 3653 , 1 6 % 112 , 2
7 12 26 48 58 66 72 75 136 142 151 155 162 165 171 179 184 191 198 199 211 213 228 235 242 252 258 284 304 305 315 336 344 354 362 394 403 404 427 438 440 447 465 502 524 533 534 541 556 573 579 585 586 588 595 603 607 659 698 713 720 727 729 742 760 768 773 777 803 854 860 869 879 887 888 922 935 980 989 1008 1017 1036 1047 1054 1088 1091 1106 1107 1110 1123 1142 1192 1205 1216 1222 1225 1252 1279 1309 1325 1348 1353 1382 1383 1433 1459 1465 1526 1534 1538 1559 1625 , 1 2 5 % 112 , 3
522 1513 1581 1652 1712 1758 1770 1798 1809 1812 1831 1847 1851 1864 1887 1919 1921 1951 1955 1959 1965 1967 1999 2060 2108 2147 2151 2195 2198 2206 2248 2253 2265 2299 2318 2327 2345 2368 2387 2401 2410 2448 2472 2514 2559 2578 2606 2607 2614 2618 2633 2637 2655 2664 2677 2682 2701 2714 2750 2761 2771 2788 2791 2816 2817 2827 2845 2863 2887 2890 2904 2944 2969 2986 3006 3057 3084 3107 3136 3148 3150 3186 3190 3205 3207 3248 3304 3322 3328 3331 3334 3382 3390 3413 3415 3440 3447 3456 3460 3475 3512 3520 3534 3574 3633 3708 3717 3726 3740 3755 , 0 3 5 6 % 110 , 4
7 12 26 48 58 66 72 75 136 142 151 155 162 165 171 179 184 191 198 199 213 228 235 242 252 284 304 305 315 336 344 354 362 394 403 404 418 427 440 447 465 472 534 541 556 573 579 585 586 588 595 607 659 698 713 720 727 729 742 760 764 768 773 777 780 803 812 852 854 860 879 887 888 922 935 980 1008 1017 1036 1047 1054 1088 1091 1106 1107 1110 1123 1142 1185 1192 1205 1222 1225 1252 1279 1309 1325 1353 1382 1383 1433 1459 1465 1526 1534 1538 1559 1625 , 0 2 % 108 , 2
14 19 31 34 61 76 90 146 164 168 224 269 276 314 318 321 364 393 407 417 445 448 454 473 476 500 516 542 545 566 574 581 617 630 641 643 663 689 733 767 778 783 790 798 807 831 844 865 925 928 932 936 971 1001 1009 1023 1024 1028 1033 1035 1060 1072 1077 1082 1089 1100 1128 1152 1154 1163 1193 1227 1254 1257 1271 1286 1326 1328 1331 1335 1342 1346 1374 1381 1397 1401 1402 1407 1415 1438 1506 1540 1551 1584 1591 1622 1627 1654 2197 2238 2475 2752 2826 3013 3473 3487 3804 , 2 6 % 107 , 2
14 19 31 76 110 117 146 164 168 248 269 276 312 314 318 364 389 393 407 417 443 445 454 458 462 474 476 500 545 566 572 574 576 643 663 694 700 723 750 767 786 790 807 822 862 865 875 925 936 971 988 1016 1023 1024 1028 1033 1048 1060 1072 1082 1089 1100 1163 1254 1257 1271 1286 1304 1318 1326 1331 1342 1346 1374 1381 1438 1486 1540 1578 1584 1614 1622 1654 1702 1718 1724 1750 2197 2202 2204 2436 2653 2663 2669 2763 3120 3132 3259 3401 3410 3468 3487 3592 3643 3653 3742 , 5 6 % 106 , 2
1680 1697 1723 1757 1768 1775 1834 1862 1869 1874 1875 1882 1884 1938 1943 1954 1995 2057 2063 2113 2117 2125 2164 2167 2219 2230 2258 2266 2267 2311 2334 2364 2406 2429 2469 2476 2504 2507 2584 2593 2594 2595 2610 2615 2620 2629 2635 2672 2718 2780 2793 2795 2813 2857 2864 2889 2908 2926 2942 2988 2989 3001 3005 3012 3020 3045 3167 3181 3182 3203 3206 3209 3245 3261 3271 3280 3282 3285 3297 3319 3320 3330 3336 3340 3370 3393 3424 3505 3526 3601 3608 3641 3649 3659 3665 3668 3697 3699 3700 3730 3739 3758 3787 3791 3808 , 3 5 % 105 , 2
14 19 31 76 110 117 146 164 168 248 269 276 312 314 318 364 389 407 417 443 445 454 458 462 474 476 490 500 545 566 572 574 576 643 663 694 700 723 750 767 786 790 807 822 831 862 865 875 925 936 971 988 1016 1023 1024 1028 1033 1048 1060 1072 1077 1082 1089 1100 1163 1254 1257 1271 1286 1304 1318 1326 1331 1342 1346 1374 1381 1415 1438 1486 1540 1584 1614 1654 1702 1718 1724 2130 2197 2204 2238 2436 2653 2663 2669 3120 3259 3289 3401 3410 3468 3487 3592 3643 3742 , 0 6 % 105 , 2
7 12 26 48 58 66 72 75 136 142 151 155 162 165 171 179 184 191 198 199 213 228 235 242 252 284 304 305 315 336 344 354 362 394 403 404 418 427 440 447 465 472 534 541 556 573 579 585 586 588 595 607 659 698 713 720 727 729 742 760 768 773 777 780 803 852 854 860 879 887 888 922 935 980 1008 1017 1036 1047 1054 1088 1091 1106 1107 1110 1123 1142 1192 1205 1222 1225 1252 1279 1309 1325 1353 1382 1383 1433 1459 1465 1526 1534 1538 1559 1625 , 0 1 2 % 105 , 3
1680 1697 1723 1757 1768 1775 1834 1862 1869 1874 1875 1882 1884 1938 1943 1954 1995 2057 2063 2113 2117 2125 2167 2219 2230 2258 2266 2267 2289 2311 2334 2364 2383 2406 2429 2469 2476 2504 2507 2584 2593 2594 2595 2610 2615 2620 2629 2635 2672 2718 2793 2795 2813 2844 2857 2864 2889 2908 2926 2942 2988 2989 3001 3005 3012 3020 3045 3124 3167 3181 3182 3206 3209 3245 3261 3271 3280 3282 3285 3297 3319 3330 3336 3340 3370 3393 3424 3505 3526 3601 3608 3641 3649 3659 3665 3668 3699 3700 3730 3739 3758 3767 3787 3808 , 0 3 % 104 , 2
17 21 50 51 59 81 92 108 118 121 125 143 153 167 170 202 234 246 259 263 287 297 299 300 302 303 330 332 334 341 342 347 367 373 391 400 402 423 430 441 493 498 501 511 535 558 625 679 691 704 717 718 737 744 771 785 796 833 864 870 903 920 924 937 951 959 964 1031 1081 1084 1090 1126 1133 1139 1171 1173 1223 1224 1234 1270 1277 1281 1290 1295 1300 1301 1323 1377 1426 1436 1442 1453 1470 1488 1492 1515 1517 1530 1574 1588 1610 1619 2693 , 2 6 % 103 , 2
7 12 26 48 58 66 72 75 136 142 151 155 162 165 171 179 184 191 198 199 213 228 235 242 252 284 304 305 315 336 344 354 362 394 403 404 427 440 447 465 534 541 556 573 579 585 586 588 595 607 659 698 713 720 727 729 742 760 764 768 773 777 803 854 860 879 887 888 922 935 980 1008 1017 1036 1047 1054 1088 1091 1106 1107 1110 1123 1142 1185 1192 1205 1222 1225 1252 1279 1309 1325 1353 1382 1383 1433 1459 1465 1526 1534 1538 1559 1625 , 0 2 5 % 103 , 3
7 12 26 48 58 66 72 75 136 142 151 155 162 165 171 179 184 191 198 199 213 228 235 242 252 284 304 305 315 336 344 354 362 394 403 404 427 440 447 465 534 541 556 573 579 585 586 588 595 607 659 698 713 720 727 729 742 760 768 773 777 803 854 860 879 887 888 922 935 980 1008 1017 1036 1047 1054 1088 1091 1106 1107 1110 1123 1142 1192 1205 1222 1225 1252 1279 1309 1325 1353 1382 1383 1433 1459 1465 1526 1534 1538 1559 1625 , 0 1 2 5 % 101 , 4
1513 1581 1652 1758 1770 1798 1809 1812 1831 1847 1851 1864 1919 1921 1951 1955 1959 1965 1967 1999 2015 2060 2062 2108 2147 2151 2195 2206 2248 2250 2265 2318 2331 2345 2368 2387 2401 2410 2472 2514 2515 2559 2578 2606 2614 2618 2633 2637 2664 2677 2682 2701 2750 2761 2771 2791 2803 2816 2817 2827 2845 2863 2887 2890 2917 2944 2986 3006 3057 3084 3136 3148 3150 3186 3190 3205 3207 3301 3304 3322 3328 3331 3382 3390 3413 3415 3440 3447 3456 3460 3475 3512 3534 3624 3633 3708 3717 3726 3740 3755 , 1 3 6 % 100 , 3
1648 1677 1699 1709 1736 1740 1747 1781 1826 1843 1851 1864 1868 1876 1878 1899 1901 1936 1988 2031 2042 2088 2121 2195 2201 2236 2245 2275 2291 2309 2324 2344 2347 2398 2400 2430 2493 2509 2529 2540 2591 2614 2631 2689 2728 2729 2743 2791 2794 2809 2818 2856 2880 2882 2899 2901 2906 2952 2954 2969 2973 2990 3015 3029 3059 3066 3085 3111 3113 3117 3118 3184 3221 3222 3258 3298 3304 3316 3329 3335 3368 3380 3461 3501 3568 3597 3646 3647 3652 3664 3677 3681 3694 3710 3715 3753 3761 3773 3790 3794 , 2 4 6 % 100 , 3
1680 1697 1723 1757 1768 1775 1834 1862 1869 1874 1875 1882 1884 1938 1943 1954 1995 2057 2063 2113 2117 2125 2167 2219 2230 2258 2266 2267 2311 2334 2364 2406 2429 2469 2476 2504 2507 2584 2593 2594 2595 2610 2615 2620 2629 2635 2672 2718 2793 2795 2813 2857 2864 2889 2908 2926 2942 2988 2989 3001 3005 3012 3020 3045 3167 3181 3182 3206 3209 3245 3261 3271 3280 3282 3285 3297 3319 3330 3336 3340 3370 3393 3424 3505 3526 3601 3608 3641 3649 3659 3665 3668 3699 3700 3730 3739 3758 3787 3808 , 0 3 5 % 99 , 3
14 19 31 76 110 117 146 164 168 248 269 276 312 314 318 364 389 407 417 443 445 454 458 462 474 476 500 545 566 572 574 576 643 663 694 700 723 750 767 786 790 807 822 862 865 875 925 936 971 988 1016 1023 1024 1028 1033 1048 1060 1072 1082 1089 1100 1163 1254 1257 1271 1286 1304 1318 1326 1331 1342 1346 1374 1381 1438 1486 1540 1584 1614 1654 1702 1718 1724 2197 2204 2436 2653 2663 2669 3120 3259 3401 3410 3468 3487 3592 3643 3742 , 0 5 6 % 98 , 3
12 17 50 71 136 143 153 161 167 241 244 246 259 263 300 303 330 347 352 373 404 423 430 447 493 511 698 717 746 794 796 864 879 1031 1045 1126 1133 1139 1198 1229 1244 1270 1272 1277 1281 1284 1295 1300 1334 1449 1517 1574 1588 1619 1644 1663 1691 1860 2079 2122 2171 2181 2186 2216 2235 2273 2337 2370 2458 2744 2875 2974 2995 3004 3038 3055 3063 3074 3087 3139 3144 3307 3332 3366 3391 3392 3403 3407 3441 3470 3472 3488 3523 3575 3625 3644 3732 , 3 6 % 97 , 2
1513 1581 1652 1758 1770 1798 1809 1812 1831 1847 1851 1864 1919 1921 1951 1955 1959 1965 1967 1999 2015 2060 2108 2147 2151 2195 2206 2248 2250 2265 2318 2345 2368 2387 2401 2410 2472 2514 2515 2559 2578 2606 2614 2618 2633 2637 2664 2677 2682 2701 2750 2761 2771 2791 2803 2816 2817 2827 2845 2863 2887 2890 2917 2944 2986 3006 3057 3084 3136 3148 3150 3186 3190 3205 3207 3304 3322 3328 3331 3382 3390 3413 3415 3440 3447 3456 3460 3475 3512 3534 3633 3708 3717 3726 3740 3755 , 1 3 5 6 % 96 , 4
1719 1764 1771 1773 1779 1782 1793 1851 1861 1864 1881 1890 2020 2059 2066 2090 2095 2107 2133 2135 2188 2195 2217 2294 2302 2329 2330 2343 2367 2389 2416 2484 2499 2533 2545 2565 2571 2586 2589 2592 2613 2614 2640 2652 2686 2784 2787 2791 2797 2807 2822 2835 2866 2869 2884 2885 2895 2898 2929 2946 2962 2969 2972 2997 3028 3034 3043 3159 3248 3251 3269 3281 3303 3304 3317 3325 3337 3416 3532 3548 3551 3559 3565 3591 3600 3619 3626 3633 3667 3682 3689 3703 3774 3777 3785 , 3 4 % 95 , 2
1667 1682 1756 1776 1807 1810 1822 1835 1848 1907 1918 1966 1992 2024 2025 2038 2041 2061 2087 2098 2104 2126 2212 2226 2256 2261 2263 2270 2282 2310 2346 2353 2373 2414 2451 2453 2516 2555 2558 2561 2590 2605 2643 2644 2645 2724 2779 2810 2830 2837 2870 2872 2891 2894 2924 2934 2948 2980 2982 3002 3056 3092 3145 3169 3172 3194 3232 3244 3296 3314 3338 3348 3351 3360 3364 3373 3409 3431 3552 3562 3571 3579 3616 3622 3628 3631 3638 3655 3696 3724 3737 3748 3762 3782 , 2 4 % 94 , 2
101 152 392 421 518 543 568 575 745 751 776 821 953 993 1075 1102 1485 1636 1643 1659 1690 1729 1759 1780 1805 1829 1937 1940 1942 1944 1945 1978 1997 2016 2036 2053 2075 2099 2227 2237 2298 2307 2409 2411 2424 2465 2536 2553 2572 2619 2621 2660 2679 2700 2708 2722 2737 2764 2773 2811 2978 2984 3033 3068 3079 3082 3086 3133 3140 3143 3198 3199 3211 3218 3223 3235 3246 3267 3293 3326 3365 3377 3426 3437 3521 3576 3604 3617 3639 3645 3658 3688 3754 3807 , 0 3 6 % 94 , 3
101 392 421 518 543 568 575 745 751 776 821 953 993 1075 1102 1329 1409 1485 1636 1643 1659 1690 1759 1780 1805 1937 1940 1942 1944 1945 1978 1997 2016 2036 2053 2075 2099 2227 2237 2298 2409 2411 2424 2465 2536 2553 2572 2619 2621 2660 2679 2700 2708 2722 2737 2764 2811 2879 2978 2984 3033 3068 3079 3082 3086 3133 3140 3143 3198 3199 3211 3218 3223 3235 3246 3267 3293 3326 3377 3426 3437 3521 3576 3604 3617 3639 3645 3658 3688 3754 3770 3807 , 3 5 6 % 92 , 3
1513 1581 1652 1758 1770 1798 1809 1812 1831 1847 1851 1864 1919 1921 1951 1955 1959 1965 1967 1999 2060 2108 2147 2151 2195 2206 2248 2265 2318 2345 2368 2387 2401 2410 2472 2514 2559 2578 2606 2614 2618 2633 2637 2664 2677 2682 2701 2750 2761 2771 2791 2816 2817 2827 2845 2863 2887 2890 2944 2986 3006 3057 3084 3136 3148 3150 3186 3190 3205 3207 3304 3322 3328 3331 3382 3390 3413 3415 3440 3447 3456 3460 3475 3512 3534 3624 3633 3708 3717 3726 3740 3755 , 0 1 3 6 % 92 , 4
12 33 54 121 136 161 162 165 170 202 220 244 287 331 341 391 400 406 418 535 536 679 691 698 704 718 735 737 744 755 785 804 816 833 870 879 897 903 951 959 964 975 1002 1010 1090 1138 1183 1214 1280 1301 1306 1319 1323 1360 1362 1376 1377 1379 1386 1410 1436 1442 1453 1488 1515 1521 1530 1610 1629 1668 1765 1814 1863 2194 2280 2379 2393 2399 2671 2693 2821 3027 3077 3231 3237 3311 3489 3577 3612 3636 3666 , 4 6 % 91 , 2
1513 1581 1652 1758 1770 1798 1809 1812 1831 1847 1851 1864 1919 1921 1951 1955 1959 1965 1967 1999 2060 2108 2147 2151 2195 2206 2248 2265 2318 2345 2368 2387 2401 2410 2472 2514 2559 2578 2606 2614 2618 2633 2637 2664 2677 2682 2701 2750 2761 2771 2791 2816 2817 2827 2845 2863 2887 2890 2944 2986 3006 3057 3084 3136 3148 3150 3186 3190 3205 3207 3304 3322 3328 3331 3382 3390 3413 3415 3440 3447 3456 3460 3475 3512 3534 3633 3708 3717 3726 3740 3755 , 0 1 3 5 6 % 91 , 5
17 21 29 50 51 59 81 92 118 121 125 143 153 170 202 223 234 246 263 287 300 302 303 330 332 341 347 387 400 402 406 430 493 501 511 558 567 679 691 715 717 718 737 744 771 785 794 796 853 864 903 920 924 937 951 959 964 1031 1081 1084 1090 1126 1133 1139 1173 1224 1234 1244 1270 1277 1281 1290 1295 1300 1301 1323 1336 1377 1379 1431 1453 1492 1517 1574 1588 1610 1619 3575 , 1 6 % 88 , 2
101 392 421 518 543 568 575 745 751 776 821 953 993 1075 1102 1485 1636 1643 1659 1690 1759 1780 1805 1937 1940 1942 1944 1945 1978 1997 2016 2036 2053 2075 2099 2227 2237 2298 2409 2411 2424 2465 2536 2553 2572 2619 2621 2660 2679 2700 2708 2722 2737 2764 2811 2978 2984 3033 3068 3079 3082 3086 3133 3140 3143 3198 3199 3211 3218 3223 3235 3246 3267 3293 3326 3377 3426 3437 3521 3576 3604 3617 3639 3645 3658 3688 3754 3807 , 0 3 5 6 % 88 , 4
135 273 630 1591 1646 1711 1716 1799 1865 1872 1886 1958 1981 2044 2123 2124 2132 2170 2171 2249 2272 2306 2337 2339 2407 2408 2415 2418 2420 2425 2434 2436 2441 2444 2458 2521 2645 2659 2668 2680 2749 2753 2812 2938 3000 3014 3038 3044 3046 3055 3058 3078 3096 3114 3126 3134 3139 3142 3166 3196 3208 3292 3350 3354 3356 3363 3366 3375 3376 3389 3391 3401 3405 3407 3422 3439 3441 3444 3502 3517 3524 3569 3621 3731 3744 3806 , 4 % 86 , 1
1513 1581 1652 1712 1758 1770 1798 1809 1831 1847 1851 1864 1921 1951 1955 1959 1965 1999 2062 2067 2151 2195 2206 2248 2318 2327 2331 2345 2368 2410 2472 2514 2515 2559 2578 2614 2633 2637 2664 2677 2682 2701 2750 2761 2771 2791 2816 2817 2827 2845 2863 2887 2944 2969 2986 3006 3057 3136 3148 3150 3186 3190 3205 3207 3301 3304 3322 3328 3331 3334 3382 3413 3415 3440 3512 3534 3624 3708 3717 3726 3740 3755 3776 , 2 3 6 % 83 , 3
14 19 31 76 110 117 146 164 168 248 269 276 312 314 318 364 389 407 417 445 454 474 476 500 545 574 576 643 663 694 700 767 790 807 822 831 862 865 875 925 936 971 988 1016 1023 1024 1028 1033 1048 1060 1072 1077 1082 1089 1100 1163 1254 1257 1271 1286 1318 1326 1331 1342 1346 1374 1381 1415 1438 1540 1584 1654 1724 2130 2197 2238 2653 2669 3120 3410 3468 3643 , 0 1 6 % 82 , 3
835 845 1217 1296 1354 1365 1369 1478 1689 1710 1727 1734 1752 1760 1796 1811 1832 1859 1883 1974 1990 2014 2030 2077 2115 2118 2194 2301 2305 2320 2360 2384 2399 2412 2475 2523 2551 2563 2583 2612 2616 2648 2649 2671 2684 2820 2854 2888 2913 2940 2949 3032 3048 3077 3088 3128 3171 3179 3189 3201 3209 3229 3233 3263 3270 3290 3345 3358 3359 3381 3424 3518 3554 3584 3587 3629 3651 3654 3680 3759 3796 , 3 % 81 , 1
14 19 31 76 110 117 146 164 168 248 269 276 312 314 318 364 389 393 407 417 445 454 474 476 500 545 574 576 643 663 694 700 767 790 807 822 862 865 875 925 936 971 988 1016 1023 1024 1028 1033 1048 1060 1072 1082 1089 1100 1163 1254 1257 1271 1286 1318 1326 1331 1342 1346 1374 1381 1438 1540 1584 1622 1654 1724 1750 2197 2653 2669 3120 3410 3468 3643 3653 , 1 5 6 % 81 , 3
1513 1581 1652 1712 1758 1770 1798 1809 1831 1847 1851 1864 1921 1951 1955 1959 1965 1999 2067 2151 2195 2206 2248 2318 2327 2345 2368 2410 2472 2514 2559 2578 2614 2633 2637 2664 2677 2682 2701 2750 2761 2771 2791 2816 2817 2827 2845 2863 2887 2944 2969 2986 3006 3057 3136 3148 3150 3186 3190 3205 3207 3304 3322 3328 3331 3334 3382 3413 3415 3440 3512 3534 3624 3708 3717 3726 3740 3755 , 0 2 3 6 % 78 , 4
14 19 31 34 76 90 146 164 168 269 276 314 318 321 364 393 407 417 445 448 454 476 500 516 545 574 643 663 689 733 767 783 790 798 807 831 865 925 932 936 971 1001 1023 1024 1028 1033 1060 1072 1077 1082 1089 1100 1163 1193 1254 1257 1271 1286 1326 1328 1331 1342 1346 1374 1381 1407 1415 1438 1540 1551 1584 1622 1627 1654 2197 2238 3013 , 1 2 6 % 77 , 3
14 19 31 76 110 117 146 164 168 248 269 276 312 314 318 364 389 407 417 445 454 474 476 500 545 574 576 643 663 694 700 767 790 807 822 862 865 875 925 936 971 988 1016 1023 1024 1028 1033 1048 1060 1072 1082 1089 1100 1163 1254 1257 1271 1286 1318 1326 1331 1342 1346 1374 1381 1438 1540 1584 1654 1724 2197 2653 2669 3120 3410 3468 3643 , 0 1 5 6 % 77 , 4
1513 1581 1652 1758 1770 1798 1809 1831 1847 1851 1864 1921 1951 1955 1959 1965 1999 2062 2151 2195 2206 2248 2318 2331 2345 2368 2410 2472 2514 2515 2559 2578 2614 2633 2637 2664 2677 2682 2701 2750 2761 2771 2791 2816 2817 2827 2845 2863 2887 2944 2986 3006 3057 3136 3148 3150 3186 3190 3205 3207 3301 3304 3322 3328 3331 3382 3413 3415 3440 3512 3534 3624 3708 3717 3726 3740 3755 , 1 2 3 6 % 77 , 4
1513 1581 1652 1712 1758 1770 1798 1809 1831 1847 1851 1864 1921 1951 1955 1959 1965 1999 2151 2195 2206 2248 2318 2327 2345 2368 2410 2472 2514 2515 2559 2578 2614 2633 2637 2664 2677 2682 2701 2750 2761 2771 2791 2816 2817 2827 2845 2863 2887 2944 2969 2986 3006 3057 3136 3148 3150 3186 3190 3205 3207 3304 3322 3328 3331 3334 3382 3413 3415 3440 3512 3534 3708 3717 3726 3740 3755 , 2 3 5 6 % 77 , 4
1513 1581 1652 1712 1758 1770 1798 1809 1831 1847 1851 1864 1921 1951 1955 1959 1965 1999 2151 2195 2206 2248 2318 2327 2345 2368 2410 2472 2514 2559 2578 2614 2633 2637 2664 2677 2682 2701 2750 2761 2771 2791 2816 2817 2827 2845 2863 2887 2944 2969 2986 3006 3057 3136 3148 3150 3186 3190 3205 3207 3304 3322 3328 3331 3334 3382 3413 3415 3440 3512 3534 3708 3717 3726 3740 3755 , 0 2 3 5 6 % 76 , 5
17 21 50 51 59 81 92 118 121 125 143 153 170 202 234 246 263 287 300 302 303 330 332 341 347 400 402 430 493 501 511 558 679 691 717 718 737 744 771 785 796 864 903 920 924 937 951 959 964 1031 1081 1084 1090 1126 1133 1139 1173 1224 1234 1270 1277 1281 1290 1295 1300 1301 1323 1377 1453 1492 1517 1574 1588 1610 1619 , 1 2 6 % 75 , 3
6 7 26 47 92 127 211 217 235 258 282 286 299 304 307 311 319 362 367 395 401 403 420 440 441 464 465 466 524 525 556 559 573 579 585 598 599 629 631 638 647 661 697 760 788 809 814 904 909 920 989 1013 1017 1063 1128 1142 1206 1216 1219 1234 1240 1247 1250 1262 1279 1309 1368 1382 1396 1443 1447 1599 1601 1879 , 3 5 % 74 , 2
1648 1699 1709 1736 1781 1826 1843 1851 1864 1868 1876 1878 1899 1901 1969 1988 2031 2088 2121 2195 2201 2275 2309 2344 2398 2400 2430 2509 2529 2591 2614 2631 2689 2728 2729 2743 2791 2794 2809 2818 2856 2880 2882 2901 2906 2954 2973 2990 3029 3066 3085 3113 3117 3118 3221 3222 3298 3304 3316 3335 3368 3461 3597 3633 3647 3652 3677 3681 3694 3710 3761 3773 3790 , 1 4 6 % 73 , 3
1513 1581 1652 1758 1770 1798 1809 1831 1847 1851 1864 1921 1951 1955 1959 1965 1999 2151 2195 2206 2248 2318 2345 2368 2410 2472 2514 2559 2578 2614 2633 2637 2664 2677 2682 2701 2750 2761 2771 2791 2816 2817 2827 2845 2863 2887 2944 2986 3006 3057 3136 3148 3150 3186 3190 3205 3207 3304 3322 3328 3331 3382 3413 3415 3440 3512 3534 3624 3708 3717 3726 3740 3755 , 0 1 2 3 6 % 73 , 5
1513 1581 1652 1758 1770 1798 1809 1831 1847 1851 1864 1921 1951 1955 1959 1965 1999 2151 2195 2206 2248 2318 2345 2368 2410 2472 2514 2515 2559 2578 2614 2633 2637 2664 2677 2682 2701 2750 2761 2771 2791 2816 2817 2827 2845 2863 2887 2944 2986 3006 3057 3136 3148 3150 3186 3190 3205 3207 3304 3322 3328 3331 3382 3413 3415 3440 3512 3534 3708 3717 3726 3740 3755 , 1 2 3 5 6 % 73 , 5
6 7 26 47 92 127 217 235 282 286 299 304 307 311 319 362 367 395 401 403 418 420 440 441 464 465 466 472 525 556 559 573 579 585 598 599 629 631 638 647 697 715 760 771 788 809 814 904 909 920 1013 1017 1063 1128 1142 1206 1219 1234 1240 1247 1250 1262 1279 1309 1368 1382 1396 1443 1447 1599 1601 1879 , 0 3 % 72 , 2
1680 1697 1723 1757 1768 1775 1834 1874 1875 1995 2063 2117 2125 2167 2230 2258 2267 2311 2334 2364 2429 2469 2476 2507 2584 2593 2594 2595 2610 2615 2620 2629 2635 2672 2793 2795 2813 2889 2942 2988 2989 3001 3005 3020 3045 3181 3182 3209 3261 3280 3282 3285 3297 3319 3330 3336 3370 3393 3505 3526 3641 3649 3659 3668 3697 3699 3700 3730 3739 3758 3787 3808 , 1 3 5 % 72 , 3
1513 1581 1652 1758 1770 1798 1809 1831 1847 1851 1864 1921 1951 1955 1959 1965 1999 2151 2195 2206 2248 2318 2345 2368 2410 2472 2514 2559 2578 2614 2633 2637 2664 2677 2682 2701 2750 2761 2771 2791 2816 2817 2827 2845 2863 2887 2944 2986 3006 3057 3136 3148 3150 3186 3190 3205 3207 3304 3322 3328 3331 3382 3413 3415 3440 3512 3534 3708 3717 3726 3740 3755 , 0 1 2 3 5 6 % 72 , 6
17 21 29 118 121 143 153 170 241 246 287 303 330 332 347 352 373 406 430 485 493 511 558 567 679 691 715 717 718 737 771 794 796 804 853 864 924 951 959 964 1031 1045 1081 1084 1126 1133 1139 1173 1198 1214 1244 1270 1284 1290 1295 1300 1301 1323 1334 1376 1377 1379 1431 1453 1492 1517 1574 1588 1610 2079 3575 , 5 6 % 71 , 2
1680 1697 1723 1757 1768 1775 1834 1874 1875 1995 2063 2117 2125 2167 2230 2258 2267 2311 2334 2364 2429 2469 2476 2507 2584 2593 2594 2595 2610 2615 2620 2629 2635 2672 2793 2795 2813 2889 2942 2988 2989 3001 3005 3020 3045 3181 3182 3209 3261 3280 3282 3285 3297 3319 3330 3336 3370 3393 3505 3526 3641 3649 3659 3668 3699 3700 3730 3739 3758 3787 3808 , 0 1 3 5 % 71 , 4
1648 1699 1709 1736 1781 1826 1843 1851 1864 1868 1876 1878 1899 1901 1988 2031 2088 2121 2195 2201 2275 2309 2344 2398 2400 2430 2509 2529 2591 2614 2631 2689 2728 2729 2743 2791 2794 2809 2818 2856 2880 2882 2901 2906 2954 2973 2990 3029 3066 3085 3113 3117 3118 3221 3222 3298 3304 3316 3335 3368 3461 3597 3647 3652 3677 3681 3694 3710 3761 3773 3790 , 1 2 4 6 % 71 , 4
17 21 29 59 118 121 153 162 170 223 241 246 287 303 330 332 341 347 352 373 406 430 485 493 511 567 679 691 717 718 737 785 794 796 804 853 864 924 951 959 964 1031 1045 1081 1084 1126 1133 1139 1173 1214 1244 1270 1284 1290 1295 1300 1301 1323 1334 1376 1377 1379 1431 1492 1517 1574 1588 1610 2079 3575 , 0 6 % 70 , 2
12 48 58 66 72 86 128 136 142 151 155 161 171 184 213 228 244 252 260 284 305 315 336 354 394 427 436 502 503 534 541 586 588 659 698 713 727 729 764 777 803 854 860 879 887 888 935 980 1049 1054 1091 1106 1107 1110 1118 1123 1130 1192 1205 1207 1213 1225 1232 1252 1433 1459 1465 1552 1559 , 3 4 % 69 , 2
101 518 543 568 745 751 776 821 993 1075 1329 1485 1636 1643 1659 1690 1759 1805 1937 1940 1942 1945 1978 2016 2036 2049 2053 2099 2227 2237 2298 2409 2411 2424 2465 2537 2572 2608 2621 2660 2679 2700 2708 2722 2737 2811 3033 3068 3079 3082 3086 3140 3143 3218 3223 3235 3246 3267 3326 3377 3426 3437 3521 3604 3639 3658 3688 3807 , 1 3 6 % 68 , 3
6 7 26 47 92 127 217 235 282 286 299 304 307 311 319 362 367 395 401 403 420 440 441 464 465 466 525 556 559 573 579 585 598 599 629 631 638 647 697 760 788 809 814 904 909 920 1013 1017 1063 1128 1142 1206 1219 1234 1240 1247 1250 1262 1279 1309 1368 1382 1396 1443 1447 1599 1601 1879 , 0 3 5 % 68 , 3
101 518 543 568 575 751 821 993 1485 1636 1643 1659 1690 1759 1805 1937 1940 1945 1978 2016 2036 2049 2075 2099 2227 2237 2298 2409 2411 2424 2465 2537 2560 2572 2621 2660 2679 2700 2708 2722 2737 2811 3033 3069 3079 3082 3086 3140 3198 3211 3218 3223 3235 3267 3293 3326 3377 3426 3437 3521 3576 3604 3639 3658 3688 3807 , 2 3 6 % 66 , 3
17 21 29 118 121 153 170 241 246 287 303 330 332 347 352 373 406 430 485 493 511 567 679 691 717 718 737 794 796 804 853 864 924 951 959 964 1031 1045 1081 1084 1126 1133 1139 1173 1214 1244 1270 1284 1290 1295 1300 1301 1323 1334 1376 1377 1379 1431 1492 1517 1574 1588 1610 2079 3575 , 0 5 6 % 65 , 3
101 518 543 568 745 751 776 821 993 1075 1329 1485 1636 1643 1659 1690 1759 1805 1937 1940 1942 1945 1978 2016 2036 2053 2099 2227 2237 2298 2409 2411 2424 2465 2572 2621 2660 2679 2700 2708 2722 2737 2811 3033 3068 3079 3082 3086 3140 3143 3218 3223 3235 3246 3267 3326 3377 3426 3437 3521 3604 3639 3658 3688 3807 , 1 3 5 6 % 65 , 4
1648 1699 1709 1737 1781 1826 1843 1851 1864 1899 1901 1969 1988 2031 2088 2121 2195 2275 2309 2330 2344 2400 2430 2509 2529 2591 2614 2631 2728 2729 2743 2791 2794 2809 2818 2856 2901 2906 2954 2969 2973 2990 3029 3066 3085 3118 3184 3248 3298 3304 3316 3335 3368 3461 3501 3633 3647 3652 3677 3681 3694 3710 3773 3790 , 4 5 6 % 64 , 3
