1648 1699 1709 1736 1737 1781 1826 1843 1851 1864 1899 1901 1969 1988 2031 2088 2121 2195 2236 2275 2309 2344 2400 2430 2509 2529 2591 2614 2631 2728 2729 2743 2791 2794 2818 2856 2901 2906 2954 2969 2973 2990 3029 3085 3113 3117 3118 3184 3248 3298 3304 3335 3368 3461 3501 3633 3647 3652 3677 3681 3694 3710 3773 3790 , 0 4 6 % 64 , 3
101 518 543 568 745 751 776 821 993 1075 1485 1636 1643 1659 1690 1759 1805 1937 1940 1942 1945 1978 2016 2036 2053 2099 2227 2237 2298 2409 2411 2424 2465 2572 2621 2660 2679 2700 2708 2722 2737 2811 3033 3068 3079 3082 3086 3140 3143 3218 3223 3235 3246 3267 3326 3377 3426 3437 3521 3604 3639 3658 3688 3807 , 0 1 3 5 6 % 64 , 5
101 543 751 1071 1157 1485 1535 1620 1636 1659 1690 1759 1778 1805 1909 1937 1978 2016 2036 2049 2075 2082 2099 2227 2237 2322 2409 2411 2433 2467 2537 2560 2601 2639 2660 2661 2679 2722 2737 2811 2823 2975 3033 3069 3079 3086 3097 3198 3211 3223 3235 3268 3293 3326 3377 3437 3476 3482 3521 3639 3658 3688 3807 , 2 4 6 % 63 , 3
101 518 543 568 575 751 821 993 1485 1636 1643 1659 1690 1759 1805 1937 1940 1945 1978 2016 2036 2075 2099 2227 2237 2298 2409 2411 2424 2465 2572 2621 2660 2679 2700 2708 2722 2737 2811 3033 3079 3082 3086 3140 3198 3211 3218 3223 3235 3267 3293 3326 3377 3426 3437 3521 3576 3604 3639 3658 3688 3807 , 0 2 3 5 6 % 62 , 5
14 19 31 76 146 164 168 269 276 314 318 364 407 417 445 454 476 500 545 566 574 643 663 767 790 807 831 865 925 936 971 1023 1024 1028 1033 1060 1072 1077 1082 1089 1100 1163 1254 1257 1271 1286 1326 1331 1342 1346 1374 1381 1415 1438 1540 1584 1654 2197 2238 3487 , 0 2 6 % 60 , 3
101 543 751 1157 1485 1620 1636 1659 1690 1759 1778 1805 1909 1937 1978 2016 2036 2075 2082 2099 2227 2237 2307 2409 2411 2433 2467 2601 2639 2660 2661 2679 2722 2737 2811 2823 2975 3033 3079 3086 3097 3198 3211 3223 3235 3246 3268 3293 3326 3377 3437 3476 3482 3521 3617 3639 3658 3688 3754 3807 , 0 4 6 % 60 , 3
101 543 751 1157 1485 1620 1636 1659 1690 1759 1778 1805 1909 1937 1978 2016 2036 2075 2082 2099 2227 2237 2409 2411 2433 2467 2601 2639 2660 2661 2679 2722 2737 2811 2823 2879 2975 3033 3079 3086 3097 3198 3211 3223 3235 3246 3268 3293 3326 3377 3437 3476 3482 3521 3617 3639 3658 3688 3754 3807 , 4 5 6 % 60 , 3
1648 1699 1709 1737 1781 1826 1843 1851 1864 1899 1901 1969 1988 2031 2088 2121 2195 2275 2309 2344 2400 2430 2509 2529 2591 2614 2631 2728 2729 2743 2791 2794 2818 2856 2901 2906 2954 2969 2973 2990 3029 3085 3118 3184 3248 3298 3304 3335 3368 3461 3501 3633 3647 3652 3677 3681 3694 3710 3773 3790 , 0 4 5 6 % 60 , 4
1648 1699 1709 1736 1781 1826 1843 1851 1864 1899 1901 1988 2031 2088 2121 2195 2236 2275 2309 2344 2400 2430 2509 2529 2591 2614 2631 2728 2729 2743 2791 2794 2818 2856 2901 2906 2954 2969 2973 2990 3029 3085 3113 3117 3118 3184 3298 3304 3335 3368 3461 3501 3647 3652 3677 3681 3694 3710 3773 3790 , 0 2 4 6 % 60 , 4
17 21 29 118 121 143 153 170 246 287 303 330 332 347 406 430 493 511 558 567 679 691 715 717 718 737 771 794 796 853 864 924 951 959 964 1031 1081 1084 1126 1133 1139 1173 1244 1270 1290 1295 1300 1301 1323 1377 1379 1431 1453 1492 1517 1574 1588 1610 3575 , 1 5 6 % 59 , 3
101 543 751 1157 1485 1620 1636 1659 1690 1759 1778 1805 1909 1937 1978 2016 2036 2075 2082 2099 2227 2237 2409 2411 2433 2467 2601 2639 2660 2661 2679 2722 2737 2811 2823 2975 3033 3079 3086 3097 3198 3211 3223 3235 3246 3268 3293 3326 3377 3437 3476 3482 3521 3617 3639 3658 3688 3754 3807 , 0 4 5 6 % 59 , 4
1648 1699 1709 1781 1826 1843 1851 1864 1899 1901 1988 2031 2088 2121 2195 2275 2309 2344 2400 2430 2509 2529 2591 2614 2631 2728 2729 2743 2791 2794 2809 2818 2856 2901 2906 2954 2969 2973 2990 3029 3066 3085 3118 3184 3298 3304 3316 3335 3368 3461 3501 3647 3652 3677 3681 3694 3710 3773 3790 , 2 4 5 6 % 59 , 4
64 145 154 161 172 173 207 211 247 258 260 277 279 281 357 360 394 418 486 524 540 563 590 600 644 653 676 677 690 725 726 772 774 779 820 850 927 989 1130 1138 1177 1184 1188 1191 1197 1203 1207 1212 1213 1215 1216 1231 1236 1237 1419 1575 1579 1615 , 0 % 58 , 1
17 21 29 59 118 121 153 170 223 246 287 303 330 332 341 347 406 430 493 511 567 679 691 717 718 737 785 794 796 853 864 924 951 959 964 1031 1081 1084 1126 1133 1139 1173 1244 1270 1290 1295 1300 1301 1323 1377 1379 1431 1492 1517 1574 1588 1610 3575 , 0 1 6 % 58 , 3
14 19 31 76 146 164 168 269 276 314 318 364 393 407 417 445 454 476 500 545 566 574 643 663 767 790 807 865 925 936 971 1023 1024 1028 1033 1060 1072 1082 1089 1100 1163 1254 1257 1271 1286 1326 1331 1342 1346 1374 1381 1438 1540 1584 1622 1654 2197 3487 , 2 5 6 % 58 , 3
101 543 751 1485 1636 1659 1690 1759 1805 1894 1937 1978 2016 2036 2049 2075 2099 2105 2144 2150 2227 2237 2307 2409 2411 2464 2537 2560 2608 2660 2679 2722 2737 2783 2811 2879 3033 3069 3079 3086 3164 3198 3211 3223 3235 3246 3293 3305 3326 3377 3437 3521 3617 3639 3658 3688 3754 3807 , 3 4 6 % 58 , 3
101 518 543 568 751 821 993 1485 1636 1643 1659 1690 1759 1805 1937 1940 1945 1978 2016 2036 2049 2099 2227 2237 2298 2409 2411 2424 2465 2537 2572 2621 2660 2679 2700 2708 2722 2737 2811 3033 3079 3082 3086 3140 3218 3223 3235 3267 3326 3377 3426 3437 3521 3604 3639 3658 3688 3807 , 1 2 3 6 % 58 , 4
1648 1699 1709 1781 1826 1843 1851 1864 1899 1901 1969 1988 2031 2088 2121 2195 2275 2309 2344 2400 2430 2509 2529 2591 2614 2631 2728 2729 2743 2791 2794 2809 2818 2856 2901 2906 2954 2973 2990 3029 3066 3085 3118 3298 3304 3316 3335 3368 3461 3633 3647 3652 3677 3681 3694 3710 3773 3790 , 1 4 5 6 % 58 , 4
1648 1699 1709 1736 1781 1826 1843 1851 1864 1899 1901 1969 1988 2031 2088 2121 2195 2275 2309 2344 2400 2430 2509 2529 2591 2614 2631 2728 2729 2743 2791 2794 2818 2856 2901 2906 2954 2973 2990 3029 3085 3113 3117 3118 3298 3304 3335 3368 3461 3633 3647 3652 3677 3681 3694 3710 3773 3790 , 0 1 4 6 % 58 , 4
14 19 31 76 146 164 168 269 276 314 318 364 407 417 445 454 476 500 545 574 643 663 767 790 807 831 865 925 936 971 1023 1024 1028 1033 1060 1072 1077 1082 1089 1100 1163 1254 1257 1271 1286 1326 1331 1342 1346 1374 1381 1415 1438 1540 1584 1654 2197 2238 , 0 1 2 6 % 58 , 4
6 7 26 47 64 211 217 235 247 258 279 281 282 299 304 311 319 362 367 401 403 418 420 440 441 464 465 472 486 524 556 573 579 585 590 598 599 676 697 760 809 989 1013 1017 1142 1197 1206 1216 1236 1237 1262 1279 1309 1382 1419 1443 1447 , 1 3 % 57 , 2
32 51 70 79 108 125 135 145 154 273 277 297 302 309 342 360 402 540 563 600 625 630 644 653 676 690 705 725 726 772 774 779 844 850 927 1026 1063 1095 1143 1177 1181 1188 1191 1203 1224 1231 1251 1268 1575 1579 1591 1615 2431 2691 3072 3342 , 3 % 56 , 1
101 543 751 1157 1485 1620 1636 1659 1690 1759 1778 1805 1909 1937 1978 2016 2036 2049 2082 2099 2227 2237 2322 2409 2411 2433 2467 2537 2601 2608 2639 2660 2661 2679 2722 2737 2811 2823 2975 3033 3079 3086 3097 3223 3235 3246 3268 3326 3377 3437 3482 3521 3639 3658 3688 3807 , 1 4 6 % 56 , 3
14 19 31 76 146 164 168 269 276 314 318 364 407 417 445 454 476 500 545 566 574 643 663 767 790 807 865 925 936 971 1023 1024 1028 1033 1060 1072 1082 1089 1100 1163 1254 1257 1271 1286 1326 1331 1342 1346 1374 1381 1438 1540 1584 1654 2197 3487 , 0 2 5 6 % 56 , 4
14 19 31 76 146 164 168 269 276 314 318 364 393 407 417 445 454 476 500 545 574 643 663 767 790 807 865 925 936 971 1023 1024 1028 1033 1060 1072 1082 1089 1100 1163 1254 1257 1271 1286 1326 1331 1342 1346 1374 1381 1438 1540 1584 1622 1654 2197 , 1 2 5 6 % 56 , 4
1648 1699 1709 1781 1826 1843 1851 1864 1899 1901 1988 2031 2088 2121 2195 2275 2309 2344 2400 2430 2509 2529 2591 2614 2631 2728 2729 2743 2791 2794 2809 2818 2856 2901 2906 2954 2973 2990 3029 3066 3085 3118 3298 3304 3316 3335 3368 3461 3647 3652 3677 3681 3694 3710 3773 3790 , 1 2 4 5 6 % 56 , 5
1648 1699 1709 1736 1781 1826 1843 1851 1864 1899 1901 1988 2031 2088 2121 2195 2275 2309 2344 2400 2430 2509 2529 2591 2614 2631 2728 2729 2743 2791 2794 2818 2856 2901 2906 2954 2973 2990 3029 3085 3113 3117 3118 3298 3304 3335 3368 3461 3647 3652 3677 3681 3694 3710 3773 3790 , 0 1 2 4 6 % 56 , 5
1648 1699 1709 1781 1826 1843 1851 1864 1899 1901 1988 2031 2088 2121 2195 2275 2309 2344 2400 2430 2509 2529 2591 2614 2631 2728 2729 2743 2791 2794 2818 2856 2901 2906 2954 2969 2973 2990 3029 3085 3118 3184 3298 3304 3335 3368 3461 3501 3647 3652 3677 3681 3694 3710 3773 3790 , 0 2 4 5 6 % 56 , 5
101 543 751 1157 1485 1620 1636 1659 1690 1759 1778 1805 1909 1937 1978 2016 2036 2075 2082 2099 2227 2237 2409 2411 2433 2467 2601 2639 2660 2661 2679 2722 2737 2811 2823 2975 3033 3079 3086 3097 3198 3211 3223 3235 3268 3293 3326 3377 3437 3476 3482 3521 3639 3658 3688 3807 , 0 2 4 5 6 % 56 , 5
101 518 543 568 751 821 993 1485 1636 1643 1659 1690 1759 1805 1937 1940 1945 1978 2016 2036 2099 2227 2237 2298 2409 2411 2424 2465 2572 2621 2660 2679 2700 2708 2722 2737 2811 3033 3079 3082 3086 3140 3218 3223 3235 3267 3326 3377 3426 3437 3521 3604 3639 3658 3688 3807 , 0 1 2 3 5 6 % 56 , 6
1648 1699 1709 1781 1826 1843 1851 1864 1899 1901 1969 1988 2031 2088 2121 2195 2275 2309 2344 2400 2430 2509 2529 2591 2614 2631 2728 2729 2743 2791 2794 2818 2856 2901 2906 2954 2973 2990 3029 3085 3118 3298 3304 3335 3368 3461 3633 3647 3652 3677 3681 3694 3710 3773 3790 , 0 1 4 5 6 % 55 , 5
64 145 154 161 172 173 207 247 260 277 279 281 357 360 394 418 472 486 540 563 590 600 644 653 676 677 690 725 726 772 774 820 850 927 989 1130 1138 1177 1184 1188 1191 1197 1203 1207 1212 1213 1215 1231 1236 1237 1419 1575 1579 1615 , 5 % 54 , 1
101 543 751 1157 1485 1620 1636 1659 1690 1759 1778 1805 1909 1937 1978 2016 2036 2049 2082 2099 2227 2237 2322 2409 2411 2433 2467 2537 2601 2639 2660 2661 2679 2722 2737 2811 2823 2975 3033 3079 3086 3097 3223 3235 3268 3326 3377 3437 3482 3521 3639 3658 3688 3807 , 1 2 4 6 % 54 , 4
17 21 29 118 121 153 170 246 287 303 330 332 347 406 430 493 511 567 679 691 717 718 737 794 796 853 864 924 951 959 964 1031 1081 1084 1126 1133 1139 1173 1244 1270 1290 1295 1300 1301 1323 1377 1379 1431 1492 1517 1574 1588 1610 3575 , 0 1 5 6 % 54 , 4
14 19 31 76 146 164 168 269 276 314 318 364 407 417 445 454 476 500 545 574 643 663 767 790 807 865 925 936 971 1023 1024 1028 1033 1060 1072 1082 1089 1100 1163 1254 1257 1271 1286 1326 1331 1342 1346 1374 1381 1438 1540 1584 1654 2197 , 0 1 2 5 6 % 54 , 5
64 145 154 161 172 173 207 247 260 277 279 281 357 360 394 418 486 540 563 590 600 644 653 676 677 690 725 726 772 774 820 850 927 989 1130 1138 1177 1184 1188 1191 1197 1203 1207 1212 1213 1215 1231 1236 1237 1419 1575 1579 1615 , 0 5 % 53 , 2
1648 1699 1709 1781 1826 1843 1851 1864 1899 1901 1988 2031 2088 2121 2195 2275 2309 2344 2400 2430 2509 2529 2591 2614 2631 2728 2729 2743 2791 2794 2818 2856 2901 2906 2954 2973 2990 3029 3085 3118 3298 3304 3335 3368 3461 3647 3652 3677 3681 3694 3710 3773 3790 , 0 1 2 4 5 6 % 53 , 6
1771 1779 1782 1851 1861 1864 2059 2135 2188 2195 2217 2302 2329 2330 2343 2484 2545 2565 2586 2613 2614 2640 2652 2686 2787 2791 2797 2835 2869 2884 2885 2946 2962 2969 2972 3028 3043 3159 3248 3251 3269 3303 3304 3325 3548 3551 3565 3619 3626 3633 3689 3777 , 3 4 5 % 52 , 3
101 543 751 1157 1485 1620 1636 1659 1690 1759 1778 1805 1909 1937 1978 2016 2036 2082 2099 2227 2237 2409 2411 2433 2467 2601 2639 2660 2661 2679 2722 2737 2811 2823 2975 3033 3079 3086 3097 3223 3235 3246 3268 3326 3377 3437 3482 3521 3639 3658 3688 3807 , 0 1 4 5 6 % 52 , 5
1667 1756 1776 1835 1918 1966 1992 2025 2041 2098 2104 2226 2263 2270 2282 2310 2346 2373 2453 2516 2555 2558 2830 2872 2891 2894 2924 2934 2948 2982 3056 3092 3145 3169 3194 3232 3338 3348 3373 3409 3562 3571 3579 3616 3628 3631 3638 3655 3696 3737 3748 , 1 2 4 % 51 , 3
101 543 751 1157 1485 1620 1636 1659 1690 1759 1778 1805 1909 1937 1978 2016 2036 2082 2099 2227 2237 2409 2411 2433 2467 2601 2639 2660 2661 2679 2722 2737 2811 2823 2975 3033 3079 3086 3097 3223 3235 3268 3326 3377 3437 3482 3521 3639 3658 3688 3807 , 0 1 2 4 5 6 % 51 , 6
17 21 118 121 143 153 170 246 287 303 330 332 347 373 430 493 511 558 679 691 717 718 737 771 796 864 924 951 959 964 1031 1081 1084 1126 1133 1139 1173 1270 1290 1295 1300 1301 1323 1377 1453 1492 1517 1574 1588 1610 , 2 5 6 % 50 , 3
17 21 59 118 121 153 170 246 287 303 330 332 341 347 373 430 493 511 679 691 717 718 737 785 796 864 924 951 959 964 1031 1081 1084 1126 1133 1139 1173 1270 1290 1295 1300 1301 1323 1377 1492 1517 1574 1588 1610 , 0 2 6 % 49 , 3
17 21 118 121 143 153 170 246 287 303 330 332 347 430 493 511 558 679 691 717 718 737 771 796 864 924 951 959 964 1031 1081 1084 1126 1133 1139 1173 1270 1290 1295 1300 1301 1323 1377 1453 1492 1517 1574 1588 1610 , 1 2 5 6 % 49 , 4
1771 1779 1782 1851 1861 1864 2059 2135 2188 2195 2294 2302 2329 2343 2484 2545 2565 2613 2614 2640 2652 2686 2787 2791 2797 2869 2884 2885 2946 2962 2969 3028 3034 3043 3159 3248 3251 3269 3303 3304 3325 3548 3551 3619 3626 3633 3689 3777 , 0 3 4 % 48 , 3
17 21 59 118 121 153 170 246 287 303 330 332 341 347 430 493 511 679 691 717 718 737 785 796 864 924 951 959 964 1031 1081 1084 1126 1133 1139 1173 1270 1290 1295 1300 1301 1323 1377 1492 1517 1574 1588 1610 , 0 1 2 6 % 48 , 4
17 21 118 121 153 170 246 287 303 330 332 347 373 430 493 511 679 691 717 718 737 796 864 924 951 959 964 1031 1081 1084 1126 1133 1139 1173 1270 1290 1295 1300 1301 1323 1377 1492 1517 1574 1588 1610 , 0 2 5 6 % 46 , 4
1771 1779 1782 1851 1861 1864 2059 2135 2188 2195 2302 2329 2343 2484 2545 2565 2613 2614 2640 2652 2686 2787 2791 2797 2869 2884 2885 2946 2962 2969 3028 3043 3159 3248 3251 3269 3303 3304 3325 3548 3551 3619 3626 3633 3689 3777 , 0 3 4 5 % 46 , 4
17 21 118 121 153 170 246 287 303 330 332 347 430 493 511 679 691 717 718 737 796 864 924 951 959 964 1031 1081 1084 1126 1133 1139 1173 1270 1290 1295 1300 1301 1323 1377 1492 1517 1574 1588 1610 , 0 1 2 5 6 % 45 , 5
19 76 110 164 314 364 393 407 445 448 476 500 574 643 663 700 767 790 798 807 822 862 936 1001 1023 1024 1028 1033 1048 1060 1072 1089 1100 1257 1271 1326 1331 1342 1346 1374 1627 1654 2446 3161 , 1 4 6 % 44 , 3
6 7 26 47 211 217 235 258 282 299 304 311 319 362 367 401 403 420 440 441 464 465 524 556 573 579 585 598 599 697 760 809 989 1013 1017 1142 1206 1216 1262 1279 1309 1382 1443 1447 , 1 3 5 % 44 , 3
101 543 751 1485 1636 1659 1690 1759 1805 1937 1978 2016 2036 2075 2099 2227 2237 2307 2409 2411 2660 2679 2722 2737 2811 3033 3079 3086 3198 3211 3223 3235 3246 3293 3326 3377 3437 3521 3617 3639 3658 3688 3754 3807 , 0 3 4 6 % 44 , 4
101 543 751 1485 1636 1659 1690 1759 1805 1937 1978 2016 2036 2075 2099 2227 2237 2409 2411 2660 2679 2722 2737 2811 2879 3033 3079 3086 3198 3211 3223 3235 3246 3293 3326 3377 3437 3521 3617 3639 3658 3688 3754 3807 , 3 4 5 6 % 44 , 4
101 543 751 1485 1636 1659 1690 1759 1805 1937 1978 2016 2036 2049 2075 2099 2227 2237 2409 2411 2537 2560 2660 2679 2722 2737 2811 3033 3069 3079 3086 3198 3211 3223 3235 3293 3326 3377 3437 3521 3639 3658 3688 3807 , 2 3 4 6 % 44 , 4
19 76 164 314 364 393 407 445 448 473 476 500 566 574 643 663 767 778 790 798 807 936 1001 1023 1024 1028 1033 1060 1072 1089 1100 1257 1271 1326 1331 1335 1342 1346 1374 1627 1654 3473 3804 , 2 4 6 % 43 , 3
101 543 751 1485 1636 1659 1690 1759 1805 1937 1978 2016 2036 2075 2099 2227 2237 2409 2411 2660 2679 2722 2737 2811 3033 3079 3086 3198 3211 3223 3235 3246 3293 3326 3377 3437 3521 3617 3639 3658 3688 3754 3807 , 0 3 4 5 6 % 43 , 5
39 68 96 102 223 242 266 328 358 375 432 451 469 538 555 577 580 589 619 642 669 730 742 766 815 869 962 1036 1070 1202 1218 1226 1287 1313 1336 1348 1380 1400 1431 1484 1494 1592 , 2 4 % 42 , 2
1680 1757 1768 1775 1875 2064 2125 2167 2230 2311 2334 2364 2429 2504 2507 2594 2610 2615 2620 2629 2635 2793 2795 2942 2988 3001 3005 3261 3280 3282 3285 3297 3336 3505 3649 3697 3699 3700 3739 3787 3808 , 2 3 % 41 , 2
