24 74 136 210 223 327 597 607 790 796 797 851 857 858 912 918 919 973 979 980 1034 1040 1041 1095 1101 1102 1149 1156 1162 1163 1217 1223 1224 1271 1278 1284 1285 1339 1345 1346 , 2 % 40 , 1
13 19 59 62 74 98 99 106 109 120 121 126 135 138 151 153 168 173 184 185 194 200 220 223 231 254 287 291 303 304 341 343 358 359 372 375 377 384 386 388 389 394 416 420 426 427 448 463 465 492 493 495 512 516 529 531 542 543 560 562 563 572 581 597 602 606 646 655 656 673 684 692 701 732 740 , 1 % 75 , 1
19 33 62 74 98 106 109 120 121 122 124 135 138 144 153 168 182 184 185 191 203 210 211 223 236 251 254 267 270 306 308 323 327 358 375 377 383 384 389 416 422 423 426 448 493 512 521 552 560 563 576 597 602 607 610 673 684 692 699 701 713 736 784 790 844 845 851 905 920 1027 1034 1035 1042 1103 1150 1156 1172 1210 1217 1232 1233 1271 1278 1294 1333 , 3 % 85 , 1
1 15 19 20 28 29 38 51 54 55 57 64 66 72 81 82 101 102 128 131 136 137 138 150 152 160 164 188 193 199 205 206 215 223 229 250 253 263 269 271 274 308 311 316 325 340 364 381 387 422 432 434 439 451 462 464 468 484 503 507 508 513 515 530 534 567 572 580 590 594 597 607 608 613 622 624 634 642 652 664 690 701 707 708 712 720 722 724 743 744 746 755 , 0 % 92 , 1
349 765 766 780 791 805 807 816 820 821 826 827 841 845 852 860 866 868 876 877 881 882 913 927 929 938 948 967 974 982 988 990 999 1003 1004 1009 1020 1035 1042 1049 1051 1060 1064 1065 1081 1096 1110 1112 1121 1125 1131 1146 1150 1165 1171 1173 1181 1182 1183 1186 1187 1192 1193 1207 1211 1219 1226 1232 1234 1235 1240 1242 1243 1244 1247 1248 1253 1254 1268 1272 1287 1293 1295 1296 1301 1303 1305 1308 1309 1314 1340 1356 1365 1369 1370 , 0 % 95 , 1
7 93 97 285 326 502 569 583 636 658 739 764 766 771 772 773 779 781 786 794 815 821 825 827 832 833 840 842 847 855 876 882 886 888 893 894 908 909 915 937 941 943 947 949 954 955 956 962 964 969 977 998 999 1004 1008 1010 1015 1016 1030 1031 1037 1059 1063 1065 1069 1071 1076 1077 1086 1091 1098 1120 1124 1126 1130 1132 1137 1138 1139 1145 1147 1152 1160 1181 1187 1191 1193 1198 1199 1200 1206 1208 1213 1221 1248 1252 1254 1259 1260 1261 1267 1269 1274 1282 1309 1313 1315 1320 1321 1322 1328 1330 1335 1343 1364 1370 , 1 % 116 , 1
4 21 26 30 58 60 86 119 123 140 147 155 156 189 190 209 213 217 222 230 232 233 241 246 247 268 293 298 300 315 337 352 374 380 400 410 417 418 429 478 480 491 494 538 554 559 564 578 593 612 627 651 653 666 681 698 719 721 729 748 749 750 753 754 771 773 781 786 793 794 819 825 832 834 842 847 854 855 880 893 895 908 915 936 947 954 956 964 969 976 977 1002 1015 1017 1025 1037 1076 1078 1086 1098 1137 1139 1147 1152 1159 1160 1185 1191 1198 1200 1208 1213 1220 1221 1246 1252 1259 1261 1269 1274 1281 1282 1307 1320 1322 1330 1335 1342 1343 1368 , 2 % 130 , 1
7 18 25 34 93 95 97 172 178 181 241 277 280 283 285 286 307 318 322 326 401 419 421 425 497 502 535 537 561 569 583 591 636 649 658 667 711 739 764 765 766 772 779 780 787 815 816 820 821 826 827 833 840 841 848 876 877 881 882 886 887 888 894 901 902 909 937 938 941 942 943 948 949 955 962 963 970 998 999 1003 1004 1008 1009 1010 1016 1023 1024 1030 1031 1059 1060 1063 1064 1065 1069 1070 1071 1077 1084 1085 1091 1092 1120 1121 1124 1125 1126 1130 1131 1132 1138 1145 1146 1153 1181 1182 1186 1187 1191 1192 1193 1199 1206 1207 1214 1242 1243 1247 1248 1253 1254 1260 1267 1268 1275 1303 1304 1308 1309 1313 1314 1315 1321 1328 1329 1336 1364 1365 1369 1370 , 2 % 150 , 1
3 5 12 13 22 24 25 27 28 39 67 68 72 83 95 108 135 136 151 162 163 167 179 200 218 220 239 271 279 287 296 303 304 321 323 343 354 355 370 372 378 381 386 388 390 393 405 406 412 420 433 434 441 442 453 455 463 474 482 488 492 506 526 527 531 542 572 598 611 619 646 655 656 695 696 726 730 732 751 756 759 769 775 783 796 804 805 806 820 829 830 836 838 841 857 865 866 867 881 897 902 906 912 918 926 927 928 952 958 960 963 966 973 987 988 989 1019 1028 1040 1048 1049 1050 1064 1080 1088 1089 1095 1101 1109 1110 1111 1128 1135 1141 1143 1146 1149 1170 1171 1186 1189 1196 1202 1204 1207 1223 1231 1247 1250 1257 1263 1265 1268 1284 1292 1293 1308 1318 1324 1329 1332 1339 1353 1354 1355 1369 , 3 % 166 , 1
2 4 11 15 18 21 25 26 29 50 58 66 70 73 88 95 100 101 103 110 119 127 130 143 145 156 157 158 165 171 175 186 188 189 190 198 201 228 237 245 250 255 256 268 277 281 282 286 300 307 310 311 315 318 320 335 351 352 360 371 387 401 403 415 419 425 429 445 449 450 458 491 494 496 518 523 535 545 547 553 554 558 571 577 585 590 591 599 620 625 629 632 633 635 636 639 644 651 652 653 660 663 670 671 672 681 682 683 689 698 702 705 707 711 716 725 733 741 750 753 788 793 801 816 819 834 839 849 854 877 880 895 900 903 910 916 922 936 938 971 976 1002 1017 1022 1025 1032 1038 1044 1058 1060 1078 1083 1093 1099 1105 1121 1154 1159 1166 1167 1182 1185 1215 1220 1242 1243 1246 1261 1276 1281 1289 1303 1304 1307 1337 1342 1349 1350 1365 1368 , 1 % 180 , 1
1 18 23 42 46 52 53 69 76 82 92 100 107 112 114 131 149 150 154 161 166 169 195 197 207 208 212 244 249 252 262 263 266 277 278 286 289 295 297 299 302 305 307 313 317 318 326 345 367 376 385 391 395 397 399 407 414 419 425 430 432 452 459 460 468 470 473 483 485 490 505 509 525 534 535 538 548 551 556 565 566 567 571 573 575 580 586 587 588 589 591 595 605 617 624 629 650 657 658 662 676 685 687 688 693 711 717 722 724 729 731 737 738 742 744 762 765 768 777 780 787 803 813 817 821 823 826 848 864 868 871 872 873 874 876 878 882 884 890 891 899 901 908 909 925 939 942 945 951 970 979 982 986 996 1000 1003 1006 1012 1013 1021 1024 1047 1061 1067 1073 1074 1082 1085 1108 1122 1125 1134 1153 1162 1169 1173 1177 1178 1179 1183 1184 1187 1192 1195 1214 1223 1230 1234 1237 1238 1239 1240 1244 1245 1248 1253 1256 1275 1284 1287 1291 1295 1298 1299 1300 1301 1305 1306 1309 1311 1317 1326 1336 1345 1352 1362 1366 1370 , 3 % 218 , 1
2 11 13 15 17 27 29 31 33 37 43 49 50 55 61 63 65 66 70 73 77 79 88 89 94 99 100 101 103 105 110 118 122 126 127 129 130 133 140 141 143 145 151 157 158 159 165 168 171 173 174 175 182 184 185 186 188 192 198 200 201 220 224 225 228 231 235 236 237 245 250 255 256 259 272 281 282 288 294 303 310 311 312 320 324 329 330 331 334 335 338 346 347 349 350 351 353 355 359 360 362 365 371 377 382 386 387 388 392 398 403 413 415 420 426 431 437 440 445 449 450 456 457 458 463 466 469 475 479 492 496 501 510 511 514 516 517 518 522 523 524 532 536 540 545 547 549 553 558 571 577 585 590 592 599 600 601 610 619 620 621 625 628 629 631 632 633 635 639 641 643 644 652 656 660 663 670 671 672 673 678 682 683 684 689 694 702 703 705 707 710 714 716 725 732 733 734 736 741 745 757 778 788 792 814 822 839 849 853 875 883 900 903 907 910 914 916 922 944 950 961 971 975 997 1005 1017 1022 1029 1036 1038 1044 1058 1066 1083 1090 1093 1097 1099 1105 1119 1127 1144 1151 1154 1158 1166 1180 1188 1205 1215 1219 1227 1241 1249 1266 1273 1276 1280 1302 1310 1316 1327 1337 1341 1349 1363 1371 , 2 % 267 , 1
13 34 99 107 123 126 151 168 172 184 194 195 200 220 227 231 291 303 322 345 359 374 377 386 388 394 420 426 463 465 478 492 516 562 581 593 604 673 684 727 732 740 764 767 768 772 773 777 779 781 784 785 786 787 792 793 794 799 800 808 809 812 813 815 817 819 822 823 825 828 829 832 833 834 838 840 842 846 847 848 853 854 855 860 861 869 870 873 874 875 878 880 883 886 887 888 890 894 901 902 906 908 909 914 915 921 930 934 935 937 939 941 942 943 944 945 947 948 949 950 951 955 960 962 963 968 969 970 975 976 983 991 995 996 998 1000 1002 1005 1008 1010 1011 1012 1016 1023 1024 1028 1030 1031 1036 1037 1043 1044 1052 1056 1057 1058 1059 1061 1063 1066 1070 1071 1073 1077 1084 1085 1089 1091 1092 1097 1098 1104 1105 1113 1117 1118 1120 1122 1124 1126 1127 1128 1130 1132 1133 1134 1135 1137 1138 1139 1143 1145 1147 1151 1152 1153 1158 1159 1160 1166 1174 1175 1178 1179 1180 1185 1188 1189 1191 1194 1195 1196 1198 1199 1200 1204 1205 1206 1208 1212 1213 1214 1220 1221 1227 1236 1239 1241 1246 1249 1250 1252 1255 1256 1257 1259 1260 1261 1265 1267 1269 1273 1274 1275 1280 1281 1282 1288 1297 1300 1302 1307 1310 1313 1315 1316 1321 1329 1333 1335 1336 1341 1342 1348 1349 1354 1357 1361 1362 1364 1366 1371 , 0 % 272 , 1
4 21 27 30 33 41 42 45 47 59 61 69 77 78 86 95 122 124 133 134 139 162 169 173 176 178 181 182 185 202 218 219 224 230 233 236 241 248 266 280 283 284 288 296 300 306 315 326 341 350 352 355 390 397 404 406 407 418 421 423 427 436 469 471 476 482 495 497 509 524 529 533 537 543 561 576 584 588 606 610 612 615 617 643 649 650 656 657 661 667 675 676 677 687 695 721 726 728 729 736 747 752 759 762 763 769 770 771 774 775 778 782 783 788 795 801 804 810 811 814 818 824 830 831 835 836 839 843 844 849 856 858 862 863 865 871 872 879 884 885 889 891 892 893 895 896 897 899 900 903 904 907 916 922 923 926 931 932 933 936 940 946 952 953 954 956 957 958 961 964 965 966 971 977 984 987 992 993 994 997 1001 1006 1007 1013 1014 1015 1017 1018 1019 1021 1022 1025 1026 1027 1029 1032 1038 1041 1044 1045 1048 1053 1054 1055 1062 1067 1068 1069 1072 1074 1075 1076 1078 1079 1080 1082 1083 1084 1086 1090 1099 1106 1109 1114 1115 1116 1119 1123 1129 1136 1140 1141 1144 1148 1149 1154 1167 1170 1176 1177 1184 1190 1197 1201 1202 1209 1210 1215 1222 1224 1228 1229 1231 1237 1238 1245 1251 1258 1262 1263 1266 1270 1271 1276 1283 1285 1289 1290 1292 1298 1299 1306 1311 1317 1318 1320 1322 1323 1324 1326 1327 1328 1330 1331 1334 1337 1343 1350 1353 1358 1359 1360 1363 1367 1368 , 0 % 295 , 1
7 9 10 12 17 18 23 25 26 31 35 43 46 49 63 67 68 75 79 83 87 90 93 97 106 111 114 117 119 132 140 141 145 147 154 155 156 158 159 163 166 167 170 174 179 180 187 190 192 197 204 208 209 213 216 217 221 222 225 226 232 235 239 242 244 246 247 249 251 252 257 262 264 265 268 277 278 279 285 286 287 293 294 295 297 298 299 302 304 305 307 312 313 314 318 320 329 330 331 337 338 339 343 351 353 362 369 370 372 373 375 380 382 384 385 391 392 395 400 401 402 405 409 410 414 417 419 424 425 430 431 433 435 437 441 444 446 452 454 456 457 459 460 466 470 479 480 483 488 490 498 499 501 502 506 514 517 521 522 523 525 526 535 538 546 548 555 556 559 564 565 569 571 574 578 579 583 586 587 589 591 592 596 598 600 605 618 619 626 627 631 635 636 641 646 648 658 659 665 666 668 671 672 674 678 679 681 686 691 693 694 696 703 710 711 716 719 723 731 738 739 742 745 748 749 751 754 761 789 790 795 796 797 802 803 850 851 857 864 904 905 910 911 912 917 918 919 924 925 972 973 978 979 980 985 986 1033 1034 1039 1040 1046 1047 1087 1088 1093 1094 1095 1100 1101 1102 1107 1108 1155 1156 1161 1162 1163 1168 1169 1216 1217 1223 1230 1277 1278 1284 1291 1312 1319 1332 1338 1339 1344 1345 1346 1351 1352 , 0 % 297 , 1
0 2 3 5 6 8 11 14 16 22 24 32 36 37 39 40 44 48 50 52 53 56 58 60 62 65 70 71 73 74 76 80 81 84 85 88 89 91 92 94 96 98 100 103 104 105 108 109 110 112 113 115 116 118 120 121 125 127 129 130 135 142 143 144 146 148 149 153 155 157 161 165 171 175 177 183 186 189 191 196 198 201 203 207 210 211 212 214 228 234 237 238 240 243 245 254 255 256 258 259 260 261 267 270 272 273 275 276 281 282 289 290 292 294 301 309 310 317 319 321 323 324 325 327 328 332 333 334 335 336 342 344 346 347 348 354 356 357 358 360 361 363 365 366 367 368 371 376 378 379 383 389 393 396 398 399 403 408 411 412 413 415 416 428 429 438 440 442 443 445 447 448 449 450 453 455 458 461 467 472 473 474 475 477 481 485 486 487 489 491 493 494 496 500 504 505 510 511 512 518 519 520 527 528 531 532 536 539 540 541 542 544 545 547 549 550 551 552 553 554 557 558 560 563 566 568 570 573 575 577 582 585 595 599 601 602 603 609 611 614 616 620 621 623 625 628 629 630 632 633 637 638 639 640 644 645 647 651 653 654 655 660 662 663 669 670 680 682 683 685 688 689 692 697 698 699 700 702 704 705 706 709 713 714 715 717 718 725 730 733 734 735 737 741 750 753 756 757 758 760 , 0 % 300 , 1
0 1 3 5 9 10 12 14 20 22 23 24 27 28 32 33 35 39 40 41 42 44 45 46 47 56 67 68 69 72 76 78 80 82 83 84 87 90 92 107 108 112 113 114 116 117 122 124 125 131 134 136 137 139 144 149 150 154 161 162 163 166 167 169 176 179 182 183 187 191 195 196 202 203 204 207 208 210 211 212 218 219 221 227 236 239 240 243 244 249 251 252 260 262 263 264 266 267 270 271 273 275 278 279 284 289 296 297 299 301 302 305 306 308 309 314 321 323 327 328 339 340 344 345 349 350 354 355 356 357 366 367 370 373 376 378 381 383 385 390 391 393 402 405 406 407 409 412 414 422 423 424 427 430 432 433 434 435 441 442 451 452 453 455 459 460 461 462 467 468 469 470 471 472 473 474 477 481 482 483 485 486 487 488 499 504 505 506 509 513 519 521 525 526 527 533 534 546 551 552 556 565 566 567 573 574 575 576 579 580 584 586 587 588 589 595 598 600 604 605 607 610 611 614 615 616 617 619 623 624 637 638 643 646 650 657 661 662 674 676 677 679 685 687 693 695 696 697 699 704 712 713 715 717 722 723 724 726 727 730 731 735 736 737 738 742 744 746 747 751 752 756 759 776 791 798 806 837 852 859 867 898 913 920 928 959 974 981 989 1020 1042 1050 1081 1103 1111 1142 1157 1164 1172 1203 1218 1225 1233 1264 1279 1286 1294 1325 1340 1347 1355 , 1 % 311 , 1
0 1 3 5 9 10 14 19 20 22 23 28 32 38 39 40 41 45 47 48 51 54 57 62 67 72 76 80 82 90 92 98 106 107 108 109 112 116 120 121 131 135 137 138 139 144 150 153 161 163 167 169 176 177 179 191 195 196 199 202 203 206 207 211 212 219 239 244 249 251 254 260 263 267 270 271 275 278 284 292 296 299 304 306 308 309 313 314 316 321 323 333 340 345 354 356 357 358 364 366 370 373 376 378 381 383 384 389 390 393 412 414 416 422 427 432 433 434 435 438 442 448 451 453 455 459 461 462 467 468 472 474 481 485 486 487 493 495 505 507 512 513 515 521 525 530 531 534 542 546 551 552 560 563 567 572 573 574 579 580 587 588 589 602 609 611 615 616 617 623 624 634 655 657 662 664 674 677 685 690 692 693 699 700 701 704 708 712 713 715 718 722 724 730 737 744 746 756 768 769 775 783 789 795 802 803 804 810 811 829 830 836 844 850 856 863 864 865 871 872 890 891 897 905 911 917 924 925 926 931 932 933 951 952 958 966 972 978 979 985 986 987 993 994 1012 1013 1019 1027 1033 1039 1046 1047 1048 1053 1054 1055 1073 1074 1080 1088 1094 1100 1107 1108 1109 1114 1115 1116 1134 1135 1141 1149 1155 1161 1168 1169 1170 1176 1177 1184 1195 1196 1202 1210 1216 1222 1229 1230 1231 1237 1238 1256 1257 1263 1277 1283 1290 1291 1292 1298 1299 1317 1318 1324 1332 1338 1344 1351 1352 1353 1359 1360 , 2 % 312 , 1
6 8 16 17 31 36 38 43 48 49 51 52 53 54 57 61 64 65 75 77 79 81 85 91 111 115 132 133 142 159 160 174 177 180 193 197 199 205 206 213 215 216 224 225 234 242 253 257 259 261 265 269 288 290 292 295 312 313 316 317 319 325 329 330 333 336 337 338 348 353 361 362 364 368 379 382 392 395 396 397 399 431 437 438 439 443 444 446 447 454 457 466 472 479 484 489 490 500 501 507 510 511 513 515 517 520 524 530 532 541 548 555 568 592 594 596 601 603 608 609 618 626 630 634 641 645 647 648 654 659 664 665 675 680 686 688 690 700 703 708 709 714 718 734 745 755 757 761 762 768 769 775 777 783 784 790 796 797 799 803 804 805 807 810 817 823 829 830 836 838 844 845 851 857 858 860 864 865 866 868 871 878 884 890 891 897 899 905 906 912 918 919 924 925 926 927 929 932 939 945 951 952 958 960 966 967 973 979 980 982 986 987 988 990 993 996 1000 1006 1012 1013 1019 1021 1027 1028 1034 1035 1040 1041 1046 1047 1048 1049 1051 1054 1061 1067 1073 1074 1080 1082 1088 1089 1095 1096 1101 1102 1107 1108 1109 1110 1112 1115 1122 1128 1134 1135 1141 1143 1149 1150 1156 1162 1163 1165 1169 1170 1171 1173 1176 1183 1189 1195 1196 1202 1204 1210 1211 1217 1223 1224 1226 1229 1230 1231 1232 1234 1237 1238 1244 1250 1256 1257 1263 1265 1271 1272 1278 1284 1285 1287 1291 1292 1293 1295 1298 1299 1305 1311 1317 1318 1324 1326 1332 1333 1339 1345 1346 1348 1352 1353 1354 1356 1359 1366 , 1 % 324 , 1
30 34 37 55 60 63 71 86 89 94 96 102 104 105 118 123 128 129 140 141 146 147 148 152 155 164 170 172 178 181 192 209 214 217 222 226 229 230 232 233 235 238 241 246 247 248 258 272 274 276 280 283 293 294 298 322 324 331 332 334 342 346 347 363 365 369 374 380 398 400 404 408 410 411 413 417 418 421 428 436 440 456 464 475 476 478 480 497 498 503 508 514 522 523 528 536 537 538 539 540 544 549 550 557 559 561 564 570 578 582 593 612 613 621 622 627 628 631 640 642 649 666 667 668 669 678 691 694 706 710 719 720 721 728 729 743 748 749 754 755 758 760 763 767 770 774 778 782 785 789 792 795 800 801 802 808 809 811 812 813 814 818 822 824 828 831 835 843 846 850 853 856 861 862 863 869 870 872 873 874 875 879 883 885 889 892 896 904 907 911 914 917 921 923 930 931 933 934 935 940 944 946 950 953 957 961 965 968 972 975 978 983 984 985 991 992 994 995 996 997 1001 1005 1007 1011 1014 1018 1026 1029 1033 1036 1039 1043 1045 1052 1053 1055 1056 1057 1062 1066 1068 1072 1075 1079 1087 1090 1094 1097 1100 1104 1106 1113 1114 1116 1117 1118 1119 1123 1127 1129 1133 1136 1140 1144 1148 1151 1155 1158 1161 1168 1174 1175 1177 1178 1179 1180 1184 1188 1190 1194 1197 1201 1205 1209 1212 1216 1219 1222 1227 1228 1235 1236 1239 1240 1241 1245 1249 1251 1255 1258 1262 1266 1270 1273 1277 1280 1283 1288 1290 1296 1297 1300 1301 1302 1306 1310 1312 1316 1319 1323 1327 1331 1334 1338 1341 1344 1351 1357 1358 1360 1361 1362 1363 1367 1371 , 1 % 335 , 1
6 11 15 16 17 29 31 34 37 44 51 55 56 57 58 64 70 73 75 79 81 84 85 86 88 89 91 94 96 101 102 104 113 117 123 129 132 140 142 143 146 147 148 152 160 164 171 172 174 178 192 193 198 205 213 214 215 225 230 233 234 237 238 241 245 246 253 255 257 258 259 261 269 272 273 274 276 280 281 283 288 301 310 322 324 325 331 332 334 335 336 337 339 342 346 347 348 362 363 365 369 379 382 387 396 398 402 408 410 411 415 418 421 424 439 444 447 449 450 454 456 457 458 464 484 489 491 496 497 500 503 508 510 511 514 517 518 532 537 539 541 544 547 550 557 559 561 564 568 570 582 590 594 600 601 603 608 612 613 614 622 623 625 626 628 630 631 632 633 634 638 642 647 649 651 652 654 660 664 665 667 678 680 683 694 698 702 705 706 708 710 719 720 733 734 735 743 750 753 754 755 758 760 763 764 766 767 771 773 774 778 782 788 793 795 800 814 822 825 827 828 839 843 849 854 856 883 885 886 889 893 895 896 900 904 910 917 922 936 941 944 947 949 950 954 956 957 961 965 971 972 976 978 983 997 1002 1005 1007 1008 1010 1011 1014 1015 1017 1018 1022 1025 1026 1029 1032 1036 1037 1038 1039 1044 1045 1052 1066 1068 1069 1071 1072 1075 1076 1078 1079 1083 1086 1087 1090 1093 1097 1098 1099 1100 1105 1106 1119 1127 1130 1132 1133 1139 1140 1144 1148 1154 1155 1161 1166 1180 1188 1191 1193 1194 1198 1200 1201 1205 1209 1215 1220 1222 1249 1252 1254 1255 1261 1262 1266 1276 1281 1283 1310 1312 1313 1315 1320 1322 1323 1327 1330 1331 1334 1337 1338 1341 1342 1343 1344 1349 1350 1357 1363 1368 1371 , 3 % 356 , 1
0 2 4 7 8 9 10 14 20 21 26 30 32 35 36 38 40 43 48 49 50 54 60 61 63 65 66 77 78 80 87 90 93 97 100 103 110 111 115 116 119 125 127 130 133 137 141 145 155 156 157 158 159 165 170 175 177 180 181 183 186 187 188 189 190 196 199 201 204 206 209 216 217 221 222 224 226 228 232 235 240 242 243 247 248 250 256 260 264 265 268 275 282 285 290 292 293 294 298 300 309 311 312 314 315 316 319 320 328 329 330 333 336 338 340 344 349 351 352 353 356 357 360 361 364 366 368 371 373 374 380 392 400 401 403 404 407 409 417 428 429 431 435 436 437 438 443 445 446 451 461 462 466 467 469 471 472 476 477 478 479 480 481 486 487 494 498 499 501 502 504 507 513 515 519 520 522 523 524 530 533 536 545 546 553 554 555 558 569 574 577 578 579 583 584 585 592 593 596 599 609 616 618 620 627 635 636 637 639 640 641 643 644 645 648 653 659 661 663 666 668 670 671 672 674 675 679 681 682 686 689 690 691 697 700 703 704 707 709 712 714 715 716 718 721 723 725 728 739 741 745 746 747 748 749 752 757 761 770 772 779 781 785 786 789 792 794 799 801 802 807 808 809 810 811 812 815 816 818 819 824 831 832 833 834 835 840 842 846 847 850 853 855 860 861 862 863 869 870 875 877 879 880 887 892 894 903 907 911 914 915 916 921 923 924 929 930 931 932 933 934 935 937 938 940 943 946 948 953 955 962 964 968 969 975 977 984 985 990 991 992 993 994 995 998 999 1001 1004 1009 1016 1023 1030 1031 1033 1043 1046 1051 1053 1054 1055 1056 1057 1058 1059 1060 1062 1063 1065 1070 1077 1084 1091 1092 1094 1104 1107 1112 1113 1114 1115 1116 1117 1118 1120 1121 1123 1124 1126 1129 1131 1136 1137 1138 1145 1147 1151 1152 1158 1159 1160 1165 1167 1168 1174 1175 1176 1181 1182 1185 1190 1197 1199 1206 1208 1212 1213 1216 1219 1221 1226 1227 1228 1229 1235 1236 1241 1242 1243 1246 1251 1258 1259 1260 1267 1269 1270 1273 1274 1277 1280 1282 1288 1289 1290 1296 1297 1302 1303 1304 1307 1314 1319 1321 1328 1335 1343 1348 1351 1356 1358 1359 1360 1361 1364 1365 1367 , 3 % 466 , 1
6 8 12 16 35 36 42 44 46 52 53 56 59 64 68 69 71 75 78 81 83 84 85 87 91 96 102 104 111 113 114 115 117 124 125 128 132 134 142 146 148 149 152 154 160 162 164 166 170 180 183 187 193 194 197 204 205 208 214 215 216 218 221 226 227 229 234 238 240 242 243 248 252 253 257 258 261 262 264 265 266 269 273 274 276 279 287 289 290 291 295 297 301 302 305 317 319 325 328 332 336 339 341 342 343 344 348 361 363 367 368 369 372 375 379 385 391 394 395 396 397 399 402 404 405 406 407 408 409 411 423 424 428 430 436 439 441 443 444 446 447 452 454 460 464 465 470 471 473 476 477 482 483 484 488 489 490 498 499 500 503 504 506 508 509 519 520 526 527 528 529 533 539 541 543 544 548 550 555 556 557 562 565 566 568 570 575 576 581 582 584 586 594 595 596 598 603 604 605 606 608 613 614 618 622 623 626 630 637 638 640 642 645 646 647 648 650 654 659 661 665 668 669 675 676 679 680 686 687 688 691 695 696 697 706 709 717 720 723 726 727 728 731 735 738 740 742 743 747 751 752 755 758 759 760 761 762 763 767 770 774 776 777 782 784 785 791 798 799 800 801 805 806 807 808 809 812 813 817 818 823 824 828 831 835 837 838 843 845 846 852 859 860 861 862 866 867 868 869 870 873 874 878 879 884 885 889 892 896 898 899 904 906 913 920 921 922 923 927 928 929 930 934 935 939 940 945 946 953 957 959 960 965 967 968 974 981 982 983 984 988 989 990 991 992 995 996 1000 1001 1006 1007 1011 1014 1018 1020 1021 1026 1028 1032 1035 1042 1043 1045 1049 1050 1051 1052 1056 1057 1061 1062 1067 1068 1072 1075 1079 1081 1082 1087 1089 1096 1103 1104 1106 1110 1111 1112 1113 1117 1118 1122 1123 1128 1129 1133 1136 1140 1142 1143 1148 1150 1157 1164 1165 1167 1171 1172 1173 1174 1175 1178 1179 1183 1184 1189 1190 1194 1197 1201 1203 1204 1209 1211 1212 1218 1225 1226 1227 1228 1232 1233 1234 1235 1236 1239 1240 1244 1245 1250 1251 1255 1258 1262 1264 1265 1270 1272 1279 1286 1287 1288 1289 1293 1294 1295 1296 1297 1300 1301 1305 1306 1311 1312 1319 1323 1325 1326 1331 1333 1334 1340 1347 1348 1350 1354 1355 1356 1357 1358 1361 1362 1366 1367 , 2 % 483 , 1
13 151 200 220 303 386 388 420 463 492 732 829 838 902 906 960 963 1028 1089 1128 1135 1143 1189 1196 1204 1250 1257 1265 1329 1354 , 0 3 % 30 , 2
42 69 169 266 326 397 407 509 588 617 650 657 676 687 729 762 871 872 884 891 899 1006 1013 1021 1067 1074 1082 1177 1184 1237 1238 1245 1298 1299 1306 1311 1317 1326 , 0 3 % 38 , 2
17 31 43 49 61 65 77 79 133 159 174 224 225 259 288 312 329 330 338 353 362 382 392 431 437 457 466 479 501 510 511 517 524 532 592 601 641 703 714 734 745 757 , 1 2 % 42 , 2
17 31 43 49 63 79 140 141 145 158 159 174 192 225 235 294 312 320 329 330 331 338 351 353 362 382 392 431 437 456 457 466 479 501 514 517 522 523 571 592 600 619 631 635 641 671 672 678 694 703 710 716 745 910 1093 , 0 2 % 55 , 2
58 86 123 140 147 213 230 233 241 246 337 410 418 491 559 564 612 651 698 719 750 753 754 771 773 793 825 854 893 895 936 947 954 956 976 1002 1015 1017 1025 1037 1076 1078 1086 1098 1139 1191 1198 1200 1220 1252 1261 1281 1320 1322 1330 1342 1343 1368 , 2 3 % 58 , 2
3 5 22 28 39 67 72 108 135 163 167 179 239 271 296 304 321 323 354 370 378 381 390 393 412 433 434 442 453 455 474 531 542 572 611 655 730 756 769 775 783 804 829 830 836 865 897 926 952 958 966 987 1019 1048 1080 1088 1109 1135 1141 1149 1170 1196 1202 1231 1257 1263 1292 1318 1324 1332 1353 , 2 3 % 71 , 2
42 46 52 53 69 114 149 154 166 197 208 252 262 266 289 295 297 302 305 317 367 385 391 395 397 399 407 430 452 460 470 473 483 490 509 548 556 565 566 575 586 595 605 650 676 687 688 717 731 738 742 762 777 813 817 823 868 873 874 878 884 899 939 945 982 996 1000 1006 1021 1061 1067 1082 1122 1173 1178 1179 1183 1184 1234 1239 1240 1244 1245 1287 1295 1300 1301 1305 1306 1311 1326 1362 1366 , 2 3 % 93 , 2
8 36 38 43 48 49 54 61 65 77 111 115 133 159 177 180 199 206 216 224 242 265 290 292 312 316 319 329 330 333 336 338 353 361 364 368 392 431 437 438 443 446 466 472 479 501 507 513 515 520 524 530 555 592 596 609 618 641 645 648 659 675 686 690 700 703 709 714 718 745 757 761 799 807 810 860 924 929 932 990 993 1046 1051 1054 1107 1112 1115 1165 1176 1226 1229 1348 1356 1359 , 1 3 % 94 , 2
17 31 43 49 75 79 111 132 159 174 180 197 213 216 225 242 257 265 295 312 313 329 330 337 338 353 362 382 392 395 431 437 444 446 454 457 466 479 490 501 517 548 555 592 596 618 626 641 648 659 665 686 703 745 761 790 796 797 803 851 857 864 905 912 918 919 924 925 973 979 980 986 1034 1040 1046 1047 1088 1095 1101 1102 1107 1108 1156 1162 1163 1169 1217 1223 1230 1278 1284 1291 1332 1339 1345 1346 1352 , 0 1 % 97 , 2
0 3 5 14 22 24 32 39 40 44 56 76 80 84 92 108 112 113 116 125 144 149 161 183 191 196 203 207 210 211 212 240 243 260 267 270 273 275 289 301 309 321 323 327 328 344 354 356 357 366 367 376 378 383 393 412 442 453 455 461 467 472 473 474 477 481 485 486 487 504 505 519 527 551 552 566 573 575 595 611 614 616 623 637 638 662 685 697 699 704 713 715 717 730 735 737 756 , 0 1 % 97 , 2
2 43 49 50 61 63 65 66 77 100 103 110 127 130 133 141 145 157 158 159 165 175 186 188 201 224 228 235 250 256 282 294 311 312 320 329 330 338 349 351 353 360 371 392 403 431 437 445 466 469 479 501 522 523 524 536 545 553 558 577 585 592 599 620 635 639 641 643 644 663 670 671 672 682 689 703 707 714 716 725 741 745 757 792 853 875 903 907 914 916 975 1058 1151 1158 1219 1227 1241 1273 1280 1302 , 2 3 % 100 , 2
6 11 16 37 44 56 58 70 73 81 84 85 88 89 91 94 96 104 113 129 142 143 146 148 171 198 214 234 237 238 245 255 258 259 261 272 273 276 281 301 310 324 325 332 334 335 336 342 346 347 348 363 365 379 396 398 408 411 415 447 449 450 458 489 491 496 500 510 511 518 532 539 541 544 547 550 557 568 570 582 601 603 614 623 625 628 630 632 633 638 647 651 654 660 680 683 698 702 705 706 733 734 735 750 753 758 760 , 0 3 % 107 , 2
42 59 69 78 124 134 162 218 248 266 341 397 404 406 407 423 436 471 476 482 509 529 533 543 576 584 606 650 661 675 676 687 695 726 728 747 752 759 762 763 770 774 782 801 818 824 831 835 843 862 879 884 885 889 892 896 899 904 922 923 940 946 953 957 965 984 992 1001 1006 1007 1014 1018 1021 1026 1032 1045 1062 1067 1068 1072 1075 1079 1082 1106 1123 1129 1136 1140 1148 1167 1184 1190 1197 1201 1209 1228 1245 1251 1258 1262 1270 1289 1306 1311 1323 1326 1331 1334 1350 1358 1367 , 0 2 % 111 , 2
30 86 178 181 230 233 241 248 280 283 404 418 421 436 476 497 537 561 612 649 667 721 728 729 763 770 774 778 782 795 801 811 814 818 824 831 835 843 856 862 863 872 879 885 889 892 896 904 907 923 931 933 940 946 953 957 961 965 984 992 994 997 1001 1007 1014 1018 1026 1029 1045 1053 1055 1062 1068 1072 1075 1079 1090 1106 1114 1116 1119 1123 1129 1136 1140 1144 1148 1177 1184 1190 1197 1201 1209 1222 1228 1245 1251 1258 1262 1266 1270 1283 1290 1306 1323 1327 1331 1334 1358 1360 1363 1367 , 0 1 % 112 , 2
7 9 10 26 35 43 49 63 87 90 93 97 111 119 141 145 155 156 158 159 170 180 187 190 204 209 216 217 221 222 226 232 235 242 247 264 265 268 285 293 294 298 312 314 320 329 330 338 351 353 373 380 392 400 401 409 417 431 435 437 446 466 479 480 498 499 501 502 522 523 546 555 569 574 578 579 583 592 596 618 627 635 636 641 648 659 666 668 671 672 674 679 681 686 691 703 716 723 739 745 748 749 761 789 802 850 911 924 985 1033 1046 1094 1107 1168 1216 1277 1319 1351 , 0 3 % 118 , 2
71 96 102 104 128 146 148 152 164 170 214 226 229 238 248 258 274 276 332 342 363 369 404 408 411 428 436 464 476 498 503 508 528 539 544 550 557 570 582 613 622 640 642 668 669 691 706 720 728 743 755 758 760 763 767 770 774 782 785 800 801 808 809 812 813 818 824 828 831 835 843 846 861 862 869 870 873 874 879 885 889 892 896 904 921 923 930 934 935 940 946 953 957 965 968 983 984 991 992 995 996 1001 1007 1011 1014 1018 1026 1043 1045 1052 1056 1057 1062 1068 1072 1075 1079 1087 1104 1106 1113 1117 1118 1123 1129 1133 1136 1140 1148 1174 1175 1178 1179 1184 1190 1194 1197 1201 1209 1212 1227 1228 1235 1236 1239 1240 1245 1251 1255 1258 1262 1270 1288 1296 1297 1300 1301 1306 1312 1319 1323 1331 1334 1357 1358 1361 1362 1367 , 1 2 % 168 , 2
43 49 61 65 77 133 159 224 312 329 330 338 353 392 431 437 466 479 501 524 592 641 703 714 745 757 , 1 2 3 % 26 , 3
17 31 43 49 79 159 174 225 312 329 330 338 353 362 382 392 431 437 457 466 479 501 517 592 641 703 745 , 0 1 2 % 27 , 3
43 49 63 141 145 158 159 235 294 312 320 329 330 338 351 353 392 431 437 466 479 501 522 523 592 635 641 671 672 703 716 745 , 0 2 3 % 32 , 3
43 49 111 159 180 216 242 265 312 329 330 338 353 392 431 437 446 466 479 501 555 592 596 618 641 648 659 686 703 745 761 924 1046 1107 , 0 1 3 % 34 , 3
248 404 436 476 728 763 770 774 782 801 818 824 831 835 843 862 879 885 889 892 896 904 923 940 946 953 957 965 984 992 1001 1007 1014 1018 1026 1045 1062 1068 1072 1075 1079 1106 1123 1129 1136 1140 1148 1184 1190 1197 1201 1209 1228 1245 1251 1258 1262 1270 1306 1323 1331 1334 1358 1367 , 0 1 2 % 64 , 3
