356
793
743
256
1222
735
206
1172
685
554
156
635
148
504
106
98
454
535
833
304
783
123
1089
471
73
908
23
1256
858
850
321
800
1156
271
1237
750
619
213
1056
569
163
1006
998
469
948
419
238
1204
1073
188
1023
536
138
486
923
386
865
684
286
634
1113
715
97
1063
1238
840
303
1138
651
253
551
501
451
799
401
1236
1186
568
170
39
1005
120
468
716
318
666
1103
616
566
79
516
29
1220
691
204
1170
285
641
154
1120
235
104
583
1020
533
352
831
302
781
383
1218
731
202
194
152
631
500
856
937
450
400
756
269
1235
748
350
300
169
1135
1004
954
467
111
904
498
367
846
317
796
1021
623
136
971
1052
921
36
871
1219
821
334
813
1169
284
763
1119
582
184
663
532
969
482
961
563
432
788
301
1136
738
251
1086
201
1167
151
101
936
449
928
399
828
778
647
249
1084
68
416
853
366
1201
316
266
614
216
1051
166
464
1299
414
1249
762
364
233
102
1068
183
52
133
968
481
918
431
1216
331
1166
281
1116
629
42
835
348
704
217
1183
654
117
198
67
1033
365
315
794
265
215
165
1000
869
463
819
1298
900
413
769
282
363
232
1198
313
669
182
263
1017
132
611
82
917
32
867
380
461
330
809
1165
1034
636
149
1115
984
586
99
49
1015
884
397
834
347
776
1132
1213
197
676
1032
545
147
982
974
576
314
751
1049
164
462
64
899
412
849
362
1197
312
966
916
866
379
766
229
577
179
1014
129
477
1312
427
1262
246
683
196
65
1031
146
502
981
494
96
452
931
444
46
344
294
642
113
1079
592
63
542
848
798
667
617
211
80
1046
161
996
509
459
328
409
278
359
228
707
309
534
882
484
963
732
245
682
195
674
980
95
1061
574
930
880
474
162
1128
112
1078
947
549
62
897
12
847
797
310
747
1226
1095
697
1045
639
110
764
277
227
664
127
425
27
862
1210
325
1241
581
94
44
342
729
1077
142
490
92
927
267
746
259
565
1044
159
28
465
415
894
9
176
1142
126
1092
605
207
76
1042
911
374
730
332
811
324
1117
630
1109
224
1059
174
43
1009
124
480
959
472
291
372
728
241
1026
497
10
976
845
447
439
745
826
695
208
158
1124
993
595
943
58
537
893
8
487
1149
612
125
75
1041
910
512
25
991
810
760
273
1239
223
1058
660
173
1139
652
827
429
777
727
190
1025
140
388
825
1173
775
288
644
157
115
594
107
942
544
57
892
7
792
742
255
692
205
1040
155
105
940
280
1246
759
628
222
578
180
659
172
528
122
478
428
907
857
1205
320
1155
270
139
1105
220
932
445
924
1230
345
337
693
295
1180
774
287
643
1122
724
237
593
1072
187
543
56
137
493
841
87
443
922
435
872
385
741
254
610
212
1047
997
510
989
460
939
808
889
758
839
1187
658
171
1137
608
121
956
558
1037
906
675
625
1054
525
873
475
823
773
723
236
1202
1071
673
1152
13
492
442
1227
740
690
153
988
103
938
540
53
3
838
178
1144
657
607
78
70
905
507
20
755
268
226
218
655
168
1003
118
953
822
424
293
772
243
1209
722
185
143
135
491
970
85
441
35
391
341
820
333
1168
770
1118
720
589
458
408
358
837
787
656
737
1085
200
556
1043
150
456
935
754
1110
225
573
175
1010
523
960
473
952
423
902
1258
852
721
1158
621
134
1050
919
1225
290
240
1075
588
538
488
1
836
438
1273
786
686
992
505
405
753
1140
653
603
116
951
66
901
503
851
191
272
91
1057
570
41
520
33
868
470
339
818
289
768
239
718
231
189
668
181
1016