992
58
437
834
685
350
305
756
385
443
908
606
1256
960
752
1159
1046
682
615
740
696
903
515
703
1285
67
888
844
765
680
108
825
715
730
196
254
63
417
246
771
680
151
630
497
384
501
539
168
339
798
485
714
1008
277
794
327
681
826
844
232
949
902
666
741
1024
516
864
887
1199
691
1142
1134
107
395
558
6
471
875
859
681
659
822
827
89
233
692
863
797
1235
855
301
597
698
589
1120
639
896
9
435
264
369
842
1075
324
763
783
565
841
1085
670
407
71
932
788
1234
924
1168
709
666
829
487
716
508
300
234
872
864
759
922
809
84
333
401
689
747
634
593
473
265
428
66
669
1029
632
481
414
939
406
261
978
762
1235
1116
496
667
956
1027
1334
1183
1060
645
550
437
896
429
276
1302
793
964
1095
956
585
118
262
538
1011
425
884
442
942
676
952
726
802
357
827
819
398
390
1
905
240
516
975
749
726
1156
712
1255
650
813
529
805
893
885
1082
218
105
354
1103
422
768
206
15
560
389
577
715
515
449
814
919
1116
548
377
653
1126
1013
387
340
931
1229
46
754
641
575
917
592
767
1194
779
667
1310
1139
26
571
734
629
3
421
880
1287
977
598
617
1013
1024
293
343
732
306
135
928
815
394
624
1022
699
1063
477
803
440
545
432
891
1193
166
675
1148