45983
68418
14328
109104
8064
32904
40524
5070
98806
49485
48541
74751
20661
79628
41722
91703
63443
26198
45914
112806
13036
39375
51734
14489
16798
11236
98091
102613
103557
39120
53083
37604
105611
95205
15687
14743
103811
105949
75597
56331
94520
58640
6704
9957
111690
26555
114258
84156
88010
66627
85780
38367
60209
62518
28697
40772
17051
19189
61833
83838
15251
17560
34003
106457
77299
51469
36571
75954
11935
93057
96481
98105
27572
97420
54976
95904
63026
28261
98873
87056
24152
26461
28599
113220
69527
15437
13637
35813
34164
105958
55225
56169
83744
38811
91364
37162
58223
20146
35646
99381
187
41466
93756
47708
87672
69350
42405
82903
50025
83563
61416
113410
86561
10295
84761
86899
36404
11518
36663
105864
1571
58384
97767
96573
39911
46416
47531
90948
41113
39999
42057
25100
60124
44111
46249
86463
51384
93506
14418
104939
91201
93339
94170
20497
62594
112813
14237
53086
49320
63817
26743
63283
51315
109639
53707
61327
20144
7400
104845
74493
1496
75687
95554
40270
62525
19196
69177
56015
96058
72537
3198
71426
74679
95911
46164
49667
67225
83747
66540
48047
66878
48556
60915
85889
31970
38363
51382
101601
108537
93763
45406
36851
26487
67131
83937
13041
34102
71435
101253
72095
85795
90162
36753
42573
3828
99999
67292
41462
110947
976
22818
23933
30438
31553
59007
67830
12909
75450
97171
73650
74594
97964
77333
79642
76218
78527
23243
3651
4845
50647
8528
3989
82042
69532
61490
82551
90171
11617
19125
10932
37956
72187
31288
54658
17584
36336
102034
38645
59706
35651
70925
6551
71869
93761
63192
4751
7578
8693
63559
39153
38297
1860
36497
95747
58673
27160
378
102988
25644
15974
123
79308
58756
5626
28187
66376
113601
64576
83328
69624
68259
84952
103237
30862
38199
12369
14678
36854
55606
108089
36428
104435
59264
46102
47555
21725
61768
51066
66816
87343
45500
28886
113336
18184
69814
18693
36251
19123
58506
50464
95046
109135
36760
53203
93701
73834
17607
215
108788
102825
21886
25819
41298
88189
62359
72033
37097
106298
100335
86677
88986
67411
75031
38829
19313
74175
36950
95745
40461
60407
45338
113345
84187
17078
67059
28469
48052
110689
84441
85385
15282
10513
12822
15791
34543
54410
58857
94453
95397
78440
78269
90628
99501
60230
24350
97451
71621
99589
72815
74590
46100
65082
25377
62881
50404
39498
51857
59110
82831
90451
54571
57139
58254
2894
25225
20686
42862
6293
61614
3833
64583
111128
114097
68266
89327
64157
6831
41751
48144
62812
111896
46628
112835
20079
104951
58949
57471
78532
65091
39942
102216
105469
149
29069
79221
1969
22392
27440
42597
26584
83525
85834
52271
57148
50471
102828
108286
53298
2193
59711
18812
481
78722
107709
47038
71874
65790
68358
64249
27175
23521
62904
70607
103678
108726
21031
4692
21290
72920
80085
83617
21907
15030
18283
60756
38488
52872
17172
54246
33694
74622
73507
104269
70513
7333
6477
90718
41397
61264
80016
84634
20615
64003
99850
110627
27267
47927
14105
13249
102317
104626
68963
76583
72474
95844
3331
109933
78466
2216
40389
61621
105824
94224
21382
23006
25315
21891
6667
8976
24630
13606
81909
14266
102140
51770
51599
94043
107017
52200
113531
17264
83258
88991
38834
30792
51853
94126
79057
104791
665
96694
79566
9993
47652
66404
29330
5913
46032
24820
81991
113717
48679
30469
105040
82930
59038
108293
103524
106493
79414
70257
75990
99619
91577
104722
74620
13854
78303
21474
5306
9390
93631
94825
79756
83008
29491
83267
85576
49696
40994
28914
34225
36534
51862
33540
113623
86774
33114
35423
37732
7008
26174
96786
46550
83090
67611
22858
6665
89591
80204
47577
16857
83966
51088
34131
12748
58445
39008
70520
71464
42089
3515
36807
90191
96717
663
79848
40293
25758
46819
112517
51954
58097
108316
85672
89605
16763
98678
7530
102666
93909
99108
110286
45018
24466
16073
11304
26349
28658
108912
63853
112423
49978
68901
70103
72412
11646
103174
75381
37985
95586
246
71639
26172
5749
40840
28481
61901
110985
69238
65300
11210
35524
52197
103531
30985
58360
17970
74456
39691
78139
93467
76510
84130
83015
23364
9505
67002
26867
20904
80021
113626
4966
93721
103007
31576
33121
58629
52896
108314
56829
19755
1791
27375
90830
22606
109003
103804
97482
96367
72846
9666
42277
64453
597
97991
8981
24748
82349
22948
30568
50151
51095
12500
52827
16947
53487
58535
95075
96190
71554
55541
57679
63161
670
113209
65299
24821
2920
7263
94757
20971
48175
14461
36466
17200
74371
59836
71911
78054
7366
109521
5057
4906
95691
51368
100902
9758
26356
45108
62745
20902
113374
16163
12338
63943
64887
15052
3080
15845
52385
90290
253
79154
9581
91513
73955
5472
3956
67445
66589
62935
82347
15238
10728
19601
106874
50942
59394
7458
40069
56934
99207
105504
45117
3520
113124
58024
78655
4464
36812
107813
57594
105763
1299
71043
59477
78400
41267
952
26448
5662
112013
49284
46824
112522
68829
18138
69234
72060
107210
4904
48276
86181
1910
110658
687
114057
25953
66426
69679
74046
110912
18328
72246
56233
70901
32712
101663
19952
51723
26202
76697
95449
251
79436
101746
7099
46407
5754
65389
41868
42983
69243
86880
33220
103365
56419
87648
68132
30055
46920
46749
54369
12526
106363
57108
6003
9256
95272
99890
93472
696
83304
78937
84757
29870
47766
113464
72000
105071
71144
95174
2339
74651
101838
74989
83210
111512
113821
82354
112965
14389
17128
15078
71050
104655
10818
94420
44013
45207
27399
79689
98612
60535
45466
84849
113473
41357
60109
26288
48714
112103
69241
64986
47858
48973
73545
101054
57532
58985
13718
108499
95011
15493
97149
6001
54876
9254
1746
41180
25701
4744
61385
47681
88438
38173
64917
36657
10827
55409
19529
23734
31354
16535
17650
30498
51730
34602
1398
93147
14994
108601
57267
94771
2337
45558
81154
83463
7644
42564
23127
78841
86461
111510
89029
6010
55315
13986
51891
79800
6098
56768
50805
39899
63277
69519
44804
112811
21943
68834
14744
15688
34611
65840
72345
73460
111700
82542
86989
38098
107299
90671
57530
93239
59668
34953
179
48281
61834
80052
5427
61408
24334
3627
69684
76189
51474
15594
70226
36655
37770
18333
54213
7555
50363
51557
94001
42049
59858
107998
540
6444
8753
44103
47356
69077
60884
68392
35363
10477
62767
51121
10986
35901
98271
38870
39300
7461
49058
94955
62077
107929
112555
78516
40439
86136
49062
27850
29988
112300
68323
69267
38547
70318
101251
102445
18425
37862
10917
26045
19540
3200
71942
77141
79279
54814
102019
97346
76794
34951
42571
67031
60467
83837
66709
29635
37255
13734
56007
80843
84242
60721
62859
36144
47012
113503
40957
367
28093
79723
65676
47354
112901
104337
30597
56706
57366
70919
79542
72694
91446
73124
38188
8428
3125
25535
24679
68067
113747
83395
101529
89896
15175
17484
39660
105187
14490
6451
9019
44110
25187
5595
114255
21533
69084
114000
63630
28694
48561
16192
59258
35737
58573
101944
102888
72022
36142
103318
39395
51470
101518
57462
78523
93851
112136
6979
113501
41899
20608
85287
11609
35560
88109
51147
94100
59164
101341
55510
59957
79369
9796
56963
61159
94697
29133
83051
12117
27333
51998
66182
60048
81109
63981
13315
44544
46853
52164
16284
89919
12459
80933
14768
94261
36234
51846
58410
14772
59354
100416
40029
19820
105978
107494
93434
93943
25469
112228
111543
113852
69875
13476
82894
66881
113426
84268
46250
67311
83324
13221
16474
90088
105542
6126
102377
72275
98898
35994
40361
108619
5779
21717
41300
81627
110251
78521
65080
40444
86141
61505
111019
6977
12722
2095
56448
1009
383
78624
3318
90528
73321
11611
39579
107586
72465
2207
20684
79822
62013
25732
61157
112829
83842
81533
30696
89834
56012
13568
14683
70509
63299
84531
18082
69712
111718
15622
73223
38287
31209
90689
91119
76730
84350
22640
8076
60403
46528
86492
72215
58511
89569
34819
97189
36594
94729
57655
95560
108534
34794
6550
7494
35224
105540
2191
52861
97443
41044
558
24968
82740
44551
52171
59357
13405
80514
14858
58246
7141
75883
93779
113429
1775
25221
80083
29668
6823
5458
7767
61439
26674
21905
48395
30185
103069
52699
102918
6133
74591
57747
2024
108092
19303
1168
31892
79213
37884
105891
26067
25382
9723
25891
81717
47896
28630
65704
36250
89484
26580
47641
49779
86490
12303
62798
34308
36617
30884
94218
5208
18804
91224
25568
23768
9909
104966
93616
27622
7859
49343
8690
81114
114185
67239
89415
16573
38294
34469
55701
91126
56361
94379
34214
101106
53196
103415
37183
39492
13662
30790
21282
20167
100421
28468
3314
109916
4258
93777
44226
26668
80615
81809
83868
102040
37031
14170
35231
36175
90093
103067
74873
77612
40195
3759
112419
21722
22666
41418
56634
20866
28374
64254
69811
67761
19404
35926
101624
91218
4517
52094
102313
88905
96525
27366
4521
114125
24906
26681
42009
45433
28990
85476
62899
13064
113778
29758
37378
18112
45516
83705
100082
84365
101021
37632
98486
35582
37891
57837
26074
6482
1713
67511
40032
9559
37974
661
26157
59979
97884
5905
79562
40291
41485
87182
22503
65799
23956
68538
37284
11454
71364
23007
92425
93369
94734
103349
99077
38482
4104
101720
101549
96083
91314
25149
2304
110108
111223
29512
47834
83430
81121
14271
82574
17010
113615
83263
44923
52543
16663
36530
10700
36359
101906
94640
107614
97893
90815
101881
23172
44233
112069
84276
113008
98406
86159
111922
81820
30190
34407
70003
19054
55443
75310
108915
76504
36265
146
109149
9474
40569
22247
43308
87205
84975
100007
68962
87714
10254
68027
25754
23954
31574
12137
34313
36622
53295
18300
11452
16500
24120
23264
9405
112332
4866
29506
20099
58969
42784
82856
13947
100706
96184
106164
82939
90559
100710
53994
70437
7257
93807
59986
97891
22339
90813
45709
81305
82420
49793
66745
40381
14538
36714
31411
3255
78561
7873
98507
24471
45532
40993
55808
63428
93972
47924
15046
18299
50241
50579
109421
99015
18553
93282
26173
73160
107880
50583
52892
72838
35764
43384
64019
113274
66328
12238
81656
65643
29763
86704
37383
13436
15745
72152
7172
39804
58786
4712
112007
99714
93981
81220
5401
78227
75997
94920
3601
5739
40830
88
110720
58350
58179
101471
39706
37656
89946
51869
97566
78129
72396
46215
79753
65226
49977
81748
112681
100204
34506
67109
15328
10789
15837
92620
94758
71897
1810
93647
25060
110303
47574
13351
15489
18228
101563
52308
38604
89529
59131
82852
33301
90472
16687
71035
59390
71828
40065
56930
61126
64888
111320
67627
69936
61894
112347
56323
57517
18134
73789
108655
109770
29002
113022
79497
8554
45357
68727
10019
56509
71837
78401
12332
35702
59482
109701
95871
59991
22344
9600
29701
82254
89611
45973
64725
40499
85252
62925
81143
83452
66608
11040
17796
34239
89953
97573
54615
92270
45107
22701
5143
104897
20989
5652
114062
10287
62577
81500
67625
68569
11226
105063
50075
66940
74560
72589
90147
57006
34600
34429
103801
75587
37398
59574
32800
7638
102945
71478
41080
92539
24745
63594
45272
23889
42812
34248
43501
62483
64792
113646
69840
14919
111846
51459
58023
19433
92103
36899
44005
7799
78232
7544
95698
86361
69517
14742
35098
10633
58468
51791
102954
17819
39461
13631
15769
51365
75679
54104
97571
8561
81244
67369
21417
24841
67114
24
63690
111429
84751
30661
13533
105061
33400
83895
101236
106798
4300
109537
20297
18840
26460
112104
9436
5327
876
95961
44101
69609
69075
84937
16179
81943
50259
11669
100737
108245
107301
101397
105251
38697
17915
71833
57958
47256
24929
83645
64208
69941
49310
46145
57013
106097
15684
34436
36745
113311
25696
97853
79531
7987
68223
60181
34000
69676
104145
64907
10817
83893
71416
36651
104487
72076
93137
109535
72869
53603
9689
61223
40955
108850
21518
67724
81687
33501
88251
22716
19092
30336
61565
14323
38353
57105
58220
51372
86818
37497
56420
94438
70917
76625
104393
58562
267
29187
22109
9595
24418
2517
20994
23733
45738
39199
13369
10909
71141
58381
36998
10404
57804
107318
6278
7643
85095
60630
86289
45561
66622
110937
60463
45644
53264
70216
102627
39898
55147
78517
106026
109279
55656
63276
4835
109788
44803
38787
9178
79715
23316
8493
42298
3724
2609
48461
46661
48799
58473
52510
35896
50710
52848
37779
56702
73375
75684
92127
4741
60722
68059
42400
110236
80393
28784
45227
64380
81616
113743
51047
65603
82276
53101
38796
55239
12966
56070
77131
53439
56863
23041
61059
4927
90943
6017
104577
75590
79807
97595
71765
25717
25183
4931
82124
22723
13215
85886
58056
101427
87940
86825
94445
70924
78432
77317
70390
89823
31879
82975
33424
90595
36393
1585
94528
57454
33933
76206
24425
106817
79968
110328
22884
11067
113326
83224
68155
68664
112979
6026
36579
57811
109634
98034
105809
25192
75707
48562
29125
103475
111095
4059
7483
94693
23930
63973
112827
47960
47789
69965
56010
82984
32318
11511
50360
101523
71421
9185
4416
82118
113051
29031
45837
81433
82377
65249
25715
26659
62255
63370
3814
111109
114078
74067
102540
37786
56538
51999
108532
33677
95387
78430
41297
19973
25284
27593
98635
94276
6631
79457
98209
87077
26482
112126
5775
6890
84083
26991
81623
82817
45743
29730
37350
105186
59071
35550
36494
39233
38118
71004
73313
12547
95034
79021
78165
79280
40088
2708
23390
60464
80331
62802
44309
48927
82214
47278
87776
69454
111631
113940
50300
67654
12904
75274
11255
89830
59261
37878
101267
102632
33769
41389
93850
25121
92230
108707
110594
62170
902
82375
83490
102025
50461
57647
89991
50035
106476
74858
93076
90616
4859
77856
112041
67404
61671
11005
83676
67663
80682
68602
62698
110608
15456
31214
33523
2114
53728
83069
73570
3312
4506
5621
7759
99508
22048
69110
3821
83323
84267
97708
48387
9813
24866
83582
87515
12364
15103
55601
103491
50127
89657
97277
72812
19554
105883
27174
24714
91823
75810
63563
45241
60398
80515
40276
63646
113331
67500
48577
29311
13410
87705
36075
35924
57645
4515
100766
107159
76656
46087
97183
7058
93074
78539
20002
26758
81106
46341
47285
82480
100159
16310
56637
57297
105207
111721
37459
75364
52787
59351
71539
6730
24272
24781
80607
112484
110684
4763
60744
9811
44731
52351
19039
80949
51495
79120
72556
102374
100858
70756
4073
23514
2807
26483
102912
1872
43185
94281
109564
24712
27965
67753
68697
37184
11354
105191
70070
19655
56195
30365
111813
13237
47890
84964
52086
87703
19229
104080
95323
34557
9282
7766
45425
9820
14171
67939
86157
22138
23762
31382
15198
10600
36259
109314
8274
103581
109573
22412
41394
3480
112140
45077
96173
108203
9472
96682
24804
9981
30090
13246
68960
31313
32507
12135
13329
83862
82747
14953
34820
7065
90621
92930
1611
79999
22656
67238
60845
43717
85990
62194
47659
62987
43721
89247
50226
45859
53479
51341
1180
105473
73062
10951
55533
70861
4257
99259
60238
3572
101902
109410
9564
46108
54931
29410
62889
68088
38483
32065
11797
85299
62893
82839
10427
56124
89662
97282
93707
97791
100948
113875
29855
64595
113449
67334
73154
6149
58594
78461
92674
79400
102654
92248
95672
107702
78544
40467
99605
69036
44830
80539
101020
19138
109321
37890
100164
67240
14628
45857
53477
94405
70350
55531
58784
4539
109663
49276
5370
99257
45167
100012
10088
83610
84554
86863
69735
111912
14451
31403
36965
17528
25148
105402
58686
109849
105911
1447
75388
51867
8099
57575
6754
65195
98503
42104
45866
35164
13952
55540
86598
61883
81829
89337
1099
6147
79937
97211
46374
80454
100104
41580
80028
82337
47572
113270
112948
82846
72144
102755
72653
55809
32948
5648
59467
95063
35946
1798
41766
22250
99539
25753
3852
62293
97910
60777
68285
69650
112771
32003
34312
102148
35001
86861
89429
35339
38763
69992
11818
78042
104799
76242
23801
1729
27200
65218
111049
28144
42357
110364
41672
23350
47664
21834
66416
83089
80800
80629
102054
107102
70436
55367
38410
46030
33900
96270
109244
94754
78741
40664
24651
112604
64694
68377
87300
14287
33210
16596
66577
89947
14796
53415
103100
101300
101129
89951
51874
59382
70626
34746
58267
72935
59891
108745
44249
83098
40570
60516
66508
83352
65823
73443
12677
14986
72587
6154
25061
27199
3160
70787
92963
38761
79518
102943
56657
64277
62477
84653
88052
64531
51090
66669
72151
36271
74289
10441
33811
13268
92101
75996
93554
3600
4544
6853
101989
24645
69486
5742
6686
84050
62667
26787
46654
82250
82079
44854
52474
14285
52983
32352
70541
79243
53413
95256
55981
37488
58549
35688
79585
24835
91944
114054
1819
9327
6588
44247
80127
12842
60773
19068
17723
25343
3442
110302
62392
67440
9943
43748
5834
67014
62759
61281
82342
112953
55305
106698
94154
107128
30928
55280
105328
1035
48081
97661
108326
77030
74908
9419
82528
112346
85497
113970
34146
18133
11569
89860
61980
105151
13623
16876
101326
72168
93400
91429
92544
78669
707
48780
20641
111847
94936
48354
112536
82434
16269
84743
23977
19008
31597
111851
57172
91252
105850
95444
58199
108418
93644
107733
7887
61730
81142
87134
112697
33044
17031
101844
16968
36551
104387
17907
99029
1317
77817
45110
93296
108579
114061
111601
81328
44254
63006
65315
61891
26191
25076
66004
61465
70024
86718
56320
94338
18924
90229
4643
78834
21241
22435
104293
57347
3023
103892
56946
95795
26886
112451
705
42644
88341
44953
50264
19432
93046
107135
89109
15607
66703
35019
80916
51462
70214
33140
86908
37587
16805
41098
95697
2240
23285
80226
3693
64213
83195
68405
61557
66605
13630
70116
55047
19167
39034
109350
7195
74993
56671
94860
92551
103191
94434
32724
40344
54900
78930
48361
13282
17215
13791
30234
12705
89969
31432
97589
109619
100917
101577
2332
26375
63449
21606
111618
47695
48889
66447
82969
85708
93328
55139
33927
39919
5942
103817
3207
29192
23308
2522
82024
6969
23567
63781
22882
13374
27930
10914
16113
101327
81422
87414
12263
13457
31524
70907
19958
2424
75421
4733
83041
97426
21331
22809
41795
66710
11505
38279
81867
109025
10820
103292
107225
8494
55661
56855
92735
25092
36483
8068
103375
5608
97587
41188
76805
3808
20406
66103
25968
47689
66612
54110
31533
80320
84767
30677
110931
105077
108609
7569
102876
6091
18856
26476
45228
5940
22367
68064
82277
54819
62439
44117
112124
60639
23565
31185
92034
106123
56947
108941
51644
33322
5166
75703
3366
6790
112026
4990
84492
49326
60971
88175
66963
18606
10564
61489
39392
79205
101515
55150
3214
76211
109816
101774
100830
79180
6183
24259
9715
26313
45295
21010
27766
112725
15264
67554
88615
89559
72180
92919
105530
95888
109977
95124
6114
101421
105868
91015
4314
79620
77311
20849
56353
44908
14510
88012
67744
34715
71255
36490
94625
105691
19362
16902
108259
92825
98817
91969
2959
111085
23411
26380
3648
112308
21611
67137
86290
111623
13047
82465
112817
11247
81780
56000
66961
17410
18863
56597
50634
70501
35565
36759
72639
18437
58935
26057
43009
95984
114269
60646
25881
81707
14064
29564
40808
68947
82371
15262
13746
19454
31813
108522
101958
22305
53534
61154
5682
21449
66202
46594
64402
111177
99314
60043
45224
46168
113231
43708
65600
41908
30012
10938
94369
33774
100666
93684
2365
90690
102549
18529
26149
94623
108712
78610
60229
92573
91458
93767
3563
82121
22470
60738
89307
83574
48917
101174
56537
18348
67135
68250
14160
84772
35221
11529
80947
34365
77147
102881
23057
108873
4580
43433
45742
113578
97782
93957
25199
46431
68436
42606
28902
89472
97092
55078
3313
95292
52618
90523
39574
93521
94181
109464
22303
5171
77846
40884
48392
97713
41314
69453
34115
59089
32315
66797
17246
19555
60834
9901
68342
13137
84864
83499
14761
77410
70846
97106
60144
9211
20610
98730
43809
7411
9549
44640
65701
109654
61342
44214
45158
62795
50034
65534
105281
13753
56026
6374
55679
76911
51491
108103
71437
73746
7063
109047
34363
31903
23339
8002
77938
108871
21710
24963
84873
14599
83503
110611
12035
13229
12828
88810
102556
56725
94459
99507
19989
2455
98822
87005
2200
114113
60319
48390
60578
24698
89147
82299
102120
103064
56118
108112
78010
53124
101264
37111
94282
104003
91822
98215
9205
75638
74160
57316
107001
72644
10934
55516
30801
95480
107510
6470
97104
93680
43014
65019
29139
11100
111280
81971
32420
17601
71098
111647
89053
100001
52091
102139
69979
102648
77344
79653
107955
42515
107700
40465
22143
49167
3745
10150
50477
14597
36773
79046
39512
93259
18960
79129
18534
26154
72995
996
20529
83070
68535
89062
66735
67850
87262
68084
111739
102402
88460
33539
96080
35848
103855
75127
91820
93958
47376
24799
41413
9462
82571
58767
26060
96956
22235
93962
45605
62278
46265
112756
83598
68779
86337
19737
107611
70945
79397
52623
36610
103252
11724
75288
58081
70519
33445
55621
41065
5289
49082
27699
110011
5798
81646
833
66293
13852
59094
33264
47649
113347
69291
30270
53214
75219
1537
81210
45330
81039
98564
6389
61176
44048
45163
112055
112848
15387
33454
17441
19579
55175
78545
52715
79489
53830
101035
102229
102488
77434
21828
8800
43720
88302
28651
113865
88561
63925
88135
16487
101901
70434
30729
3938
9137
106753
99771
49105
61694
110548
112857
63068
94297
62383
46199
81644
44570
15479
52190
68884
87636
35855
109061
108910
74278
36089
14877
94654
109937
79835
20442
65024
9836
66477
58084
5986
83179
51774
15894
109501
74209
109760
2836
44320
3496
60592
110811
93729
65214
22941
61790
82851
31500
50482
85928
93548
75226
3060
108297
103528
56048
104188
57413
70432
17708
7252
73685
74879
54248
77877
12141
65375
66569
12479
112429
40998
10708
14792
79241
91145
93454
108996
28228
24040
26178
90827
8895
60258
27117
98844
23693
34052
86342
50574
51004
73009
94471
105136
71894
10614
52202
92700
56820
45003
4350
80027
113098
22685
48001
102245
57074
84478
68465
80540
50764
59466
91237
3342
73708
105835
27126
113455
93379
490
29009
90919
91750
2740
112344
82242
48700
5044
54520
99102
56658
92254
14815
33797
79494
77185
22009
73869
55547
77723
114046
7695
41700
68190
85426
86879
87309
11214
59049
57249
31419
33728
15406
18830
55904
23026
100879
108387
21226
1634
61190
29527
98945
23794
68376
18913
73775
23109
2323
70781
80818
112945
66580
102243
87641
19417
78133
35689
101387
5395
17112
55301
32440
107124
40060
55810
93294
3169
8217
26694
87034
27917
18409
87827
81409
112342
49897
110826
56147
19073
92536
57771
93196
77717
98244
2841
44154
103969
41160
20892
94394
7693
25940
60171
111334
28508
86794
60964
86109
82685
101141
32278
15321
54170
105333
75231
34332
102168
103533
77907
78567
97319
60357
24477
93895
69059
110042
605
43400
29525
83193
66065
11315
67180
7624
28840
33036
44427
81931
46995
37487
10713
95088
33378
54439
92094
108742
81241
22784
71571
73880
23214
9585
3622
77813
48188
24667
13021
87316
11221
13359
18407
50863
77123
33735
72584
32879
77632
81666
33309
89967
76012
33568
71473
57598
76521
80032
60958
86024
64812
102079
61647
44519
15065
84483
85677
63701
13265
113979
71321
36385
37579
11920
70465
71659
17912
21423
1831
73713
43144
28609
111151
20567
6708
81333
78056
41094
79680
90924
24759
29014
25590
46651
22959
87408
45795
31009
72167
89266
86806
94426
5416
57861
2422
3616
6869
79866
21158
9608
66249
12159
19266
25780
27404
29713
35024
11503
49918
72073
57538
32368
79259
77380
52744
60364
8316
9431
45545
112187
35875
79772
7890
60447
69070
80314
21857
71574
101392
1316
76622
34074
102081
105584
59753
72772
79165
91524
55644
56588
112118
78764
97516
76964
44086
84584
67456
9959
63802
17220
13370
33316
104576
51897
70820
70649
34769
101582
109090
107824
104830
2675
20922
112450
65504
70903
4049
98107
103974
78670
23465
60798
13272
113986
48718
18320
56338
32817
79174
101484
103793
53344
6177
75349
13898
70555
1412
108674
1921
67548
42833
28958
64554
72174
47685
113383
84759
68746
71063
104668
19704
70912
106722
74311
76449
105607
22530
7306
110233
111427
28522
72770
22363
66001
44618
111431
113569
66260
34175
17047
88774
99133
51386
70138
51895
33573
90514
41193
74501
9012
25180
20411
4473
114077
113133
35192
44808
62596
12610
18602
34081
37584
54027
38014
108330
108159
6175
7290
31959
4830
79965
21257
28614
94074
96383
62160
43516
46769
113832
27503
44969
53019
17139
102274
86557
94177
77220
18763
91183
38630
75704
92377
53787
102357
94431
33665
4056
34780
41285
103981
92381
44024
113484
81866
49840
49669
24670
69252
45731
82271
13646
81949
44875
63627
52495
103374
18160
56428
94083
100914
21011
7382
109366
105712
21520
2872
110417
22038
106910
42414
45917
112730
112559
69697
89280
86649
94269
2006
37607
92640
11243
111957
71946
56593
94782
63098
25873
80505
88013
113576
81165
65152
9964
44884
11062
28871
40775
69344
112465
113580
70145
6280
109458
2705
106464
4480
65000
114084
99482
43617
75961
80157
27604
44277
90604
25270
76729
82211
99565
112822
10137
111966
81864
100320
70047
18438
57287
16638
53178
91367
12450
33511
50184
85801
74498
93421
56176
94081
108170
112215
87420
88364
110674
64843
15096
109212
4063
5257
79198
90613
97006
91807
55677
43709
42231
70750
98204
44114
5770
22902
1945
112914
44373
11344
10229
50193
85639
5080
11427
104070
108003
78444
93772
76644
4762
97705
114082
87003
111622
81270
45390
42930
86147
12361
68334
77152
39756
23571
91110
58483
7662
97102
56967
108961
4497
21629
97611
43521
39149
15628
23248
67668
37270
88729
35470
71179
59784
5539
71688
93864
4854
46167
114174
24955
45482
40972
22650
60918
29043
12027
59177
50191
71252
77244
4247
107062
53723
15534
37710
91457
92572
59431
98814
21354
67051
22298
42415
40106
91202
9099
1336
111111
29400
6898
79895
47981
112564
49605
48920
56540
105110
68591
59083
73751
53120
101260
72895
79288
3297
66126
12036
44380
81454
64326
67750
87162
32412
69633
112299
68777
11434
33439
66977
74597
11693
2201
68087
90100
73486
3228
6652
46449
47280
98739
68341
64516
13395
70336
34456
105202
89744
63914
71534
79042
102296
105799
92061
56181
72987
5698
73926
9552
42163
81546
43357
113673
66193
10328
86060
89563
3927
48664
111902
80435
28542
66731
49603
43870
86143
80944
51490
55707
59791
101797
36700
105901
43205
3746
56371
95754
76317
5629
62191
923
64608
63130
102046
10518
67577
4254
82479
35237
90099
58073
14685
78019
58582
70941
75818
39938
62093
22388
9644
112571
86152
82327
47562
113089
110800
11109
45762
113598
35060
34738
59090
109138
33089
92510
11877
101889
71787
90710
22745
19923
78718
92852
24094
112502
62283
113162
67331
8719
24887
13241
100000
42954
49347
11441
14009
17433
86851
32761
87619
88734
34644
55705
16831
24451
22935
98746
111298
65717
86244
88553
39002
27787
113352
66406
60673
88127
18024
13769
87442
44998
95062
108036
33352
54413
31836
109660
98310
99254
107860
112056
97454
57920
92151
90635
98143
26495
81127
108887
29234
68083
82751
80951
88288
32853
83778
5127
56912
12990
106426
34995
98329
112246
98838
66131
40301
42439
111561
80094
83597
65275
504
113444
44752
49629
10608
19231
32250
17431
32588
51511
90360
108641
4177
46454
4686
6995
22933
11116
9734
89236
84726
55272
92346
74024
37288
13767
6050
34294
56299
106518
76416
70683
90550
91744
78984
110538
65367
82240
98934
48498
23783
9924
81
43729
87117
112851
88741
70869
59111
78886
34734
101376
55261
31740
57399
99442
43043
45352
44237
88134
34044
102051
16515
33188
90300
112586
35242
104193
105387
78308
109241
77623
97035
24193
59810
20368
67430
22677
67259
25416
63321
67768
98233
60949
89518
101126
36088
81985
109143
1025
38142
32943
107627
17874
7017
25494
91488
27118
6332
78214
19757
3167
97225
98419
61457
26692
24383
80209
60772
82493
54003
85232
64964
32086
17267
30286
65903
71214
35334
36278
11813
31509
33818
58170
79231
19580
56654
33793
77690
27024
49200
7432
89243
65722
28477
36097
99440
1807
29959
10805
88925
13774
32526
34835
108041
85931
53053
93551
2232
1117
31841
107185
74907
9418
2741
104984
91325
1121
78565
8307
3768
4883
82076
101041
88577
34487
86013
67599
30123
101917
101383
18557
73590
76158
78467
54946
1816
9324
24377
38933
20982
64449
61455
80207
111140
11048
80466
54001
32618
33733
100625
19858
55454
37132
37925
26108
79513
7176
58961
20120
99718
24567
60163
44150
66155
14374
29590
88840
32441
15313
91236
103016
89074
77106
76705
53844
22081
61464
7107
42027
110827
97315
68370
30293
82867
63601
45793
15503
109340
70365
109169
105231
109678
91935
99443
8124
33908
101915
71563
102859
101381
72757
94933
33374
24659
23181
44242
80631
81575
17205
11472
38525
17038
103367
10361
106106
4122
71749
102682
93641
95779
4631
90476
9508
105930
59928
113550
27221
89440
111750
25421
112694
29868
33041
44432
77970
85590
23880
67097
86020
44941
66946
34068
55300
79159
53329
54444
90040
14910
21415
103807
2483
5222
56836
60347
44334
42818
32116
10199
19072
76013
32091
17556
53152
82865
35623
101321
71048
57344
4214
101659
17639
105513
75411
1049
1558
22774
40332
8915
49034
47518
45718
99
29964
73180
89874
62929
78057
39717
55196
107724
106359
95694
98433
74912
43228
1381
89957
58194
95268
34673
7373
54540
18660
93923
26280
437
41716
100215
10462
69600
88582
39031
15339
38175
80648
113890
86811
37490
102073
107121
108065
18846
55386
57695
39907
3959
12164
47076
45276
96906
13362
32114
48808
86713
3014
13900
97331
42126
56941
37504
105511
45124
4471
113131
98358
99723
9348
112275
28255
64644
88674
56334
16800
109522
90414
55478
21505
6682
2857
20820
48024
87407
46224
21338
62496
113659
13454
88071
33321
88864
100472
1056
75247
77556
100981
99732
35713
92884
43333
51985
24155
42222
87313
44869
47608
55228
17039
102683
12529
111765
38104
100912
6265
57879
5580
79771
75946
444
64129
41723
81766
64388
1838
49314
82964
31613
77139
31872
76454
59326
99824
22364
92976
99290
30502
71660
6171
74228
107470
2855
3799
28610
65150
67288
43767
30321
54635
60978
11143
31010
102349
103464
78160
28003
90857
110507
44275
20754
113476
21948
82180
9864
80664
6870
79696
113221
42220
46667
68843
67194
81862
12953
15951
41208
12786
16719
79260
70387
24339
93757
58992
70896
22539
46490
27053
86303
106212
29729
10834
107239
77137
37603
23047
2261
106554
78761
22362
1939
24671
110065
111430
97772
49415
66088
68397
110574
76819
2344
108946
79788
47081
21251
23389
66626
83299
63632
48813
17050
38111
70646
35881
79098
74329
109880
72700
11934
106201
32461
70479
7299
40081
92371
77836
4839
5670
91970
111449
49321
34080
79029
73296
77400
77229
93672
92557
43006
20938
5601
8854
75433
83053
98803
99747
112720
113664
29644
8937
33155
48905
73198
106039
32299
78246
54725
91265
102101
77561
42507
58667
79194
117
22644
90947
29037
42056
44365
42849
10142
43680
69109
26836
10651
32656
113570
66624
11340
4
87151
32401
26919
34539
71250
76127
107060
109198
6099
57884
22546
3898
80147
10044
77834
48380
44271
49148
11242
78088
18687
23054
98464
35389
101087
92839
24252
93670
6798
98547
48649
56269
45655
47964
60983
44970
52590
54214
50790
101953
54473
56782
53358
55667
3197
22638
99564
1852
45474
113481
57980
111201
66030
89400
908
89738
10933
89997
107338
52521
54830
103400
74242
31798
218
78860
29138
77495
78689
12791
108536
55857
69185
110247
112556
86137
62616
65869
57192
14518
105102
112389
87335
89644
56081
72887
91639
75626
59613
20342
22651
24789
1944
29837
64068
65433
60130
47199
22734
44739
82644
45399
64322
42939
110946
11176
102553
87951
13994
14424
59006
22044
91462
96510
105889
76217
77332
18875
23242
3650
24695
20586
43956
30001
64483
101261
103399
30260
46954
69790
89486
13391
54148
30627
89995
77518
70841
109645
21119
3043
216
75977
112471
3385
113160
29140
66214
60481
86419
11268
18625
86928
100845
16825
90610
57983
77679
15969
31727
21025
22219
91637
72885
22478
91896
44199
65431
18018
43798
15024
56182
88125
10514
19216
104689
19475
57380
31550
71877
35997
79385
19984
77585
112054
312
66306
28117
821
76318
72894
53457
73324
59620
34279
101092
94360
3834
44746
26424
64158
85219
26933
81795
34553
13066
88726
82993
34895
104526
107779
112146
51847
28635
29750
91919
99427
4684
78875
111035
404
60665
21791
7932
19131
112997
34288
78978
51499
70422
56547
59971
106232
95396
4077
79383
55862
1617
2732
20524
65106
7609
97450
45498
66730
48237
65874
85741
11784
27714
13158
37188
88284
32419
17521
74007
77431
18974
2634
110100
43546
2893
65267
79823
28193
3832
97719
114096
60757
87017
112751
37119
93096
19991
72314
91296
75283
108124
53136
102391
70773
4340
22416
5284
74706
23076
45252
112144
41143
64513
65457
48329
9985
88293
89487
17075
44650
45594
81190
66655
67849
65711
65970
17613
69903
39334
77523
107341
16757
72984
108794
111645
28569
97987
21892
53835
94993
2730
68357
87109
88224
113787
32334
71183
91050
98236
90194
9226
108216
57846
56197
75120
24283
75913
95325
24792
43544
14090
67858
83616
68263
28558
36178
48934
34378
56554
108377
39685
50929
76759
83694
63063
64257
5816
70771
21220
25667
56896
45079
22673
67764
11365
13674
30117
88291
101377
10680
36109
2132
109394
92595
2641
76582
12563
14872
58089
108308
106934
102575
104884
55629
32768
3159
27114
24884
8716
44751
80176
12382
31134
47828
11981
17180
99868
68810
83967
89166
66839
70012
105392
107016
35585
108640
70780
6485
53652
99178
74713
107784
21567
7708
1975
73857
81477
27275
56988
23959
49534
53045
55354
90119
51700
107177
71112
74365
93117
102667
52727
22158
68364
88569
30032
101292
100177
10958
67253
112683
84890
49724
54600
10962
55544
103684
2130
106423
107367
7007
76580
21659
107621
109759
8890
98330
91482
42440
80458
12664
89590
53137
39433
105131
94295
109578
35608
37917
104809
8024
19061
30305
12747
78311
16601
56928
55279
2320
79764
52819
21056
23365
61270
113093
63153
48618
18220
16420
19247
10261
106006
35769
17447
39623
109768
59035
21922
97733
3420
101980
99082
2564
49209
80721
87114
65902
87373
19149
88567
100459
17804
101290
57597
106167
98241
37475
38590
88571
96191
103966
109674
5381
23457
28505
42718
82682
32016
28480
49541
86081
17456
48685
23799
17201
31414
17710
55194
106607
95007
97316
60070
82075
8281
74200
108920
108749
22248
18047
15053
54436
90316
108568
55125
17900
92174
21411
109766
22071
1648
3957
9156
95706
65137
22864
48009
44585
66335
112959
39807
75403
76347
14637
59219
22257
53486
94414
21572
29080
86021
1980
110640
953
88159
2410
32963
45886
78489
40583
99721
75236
43322
22770
43831
45969
82680
87557
16260
90408
37321
97231
71401
89870
89699
70545
108405
35780
55192
105411
4880
49216
68198
110375
62235
63429
85605
39023
67087
43566
82949
51186
86803
87747
103180
30404
59487
70197
38705
75245
105856
28512
96815
40416
9580
93821
26712
5755
48183
23547
111421
46383
40420
25601
110565
89449
33221
10360
31421
32365
73802
18999
55309
89962
101399
99206
55284
74036
77460
107812
52824
49308
63951
13544
15427
32271
15936
23556
103810
110315
6703
22871
41623
25439
4198
60350
74735
82355
41706
80555
19438
73101
31772
39280
78663
14644
22264
67878
92112
71560
6071
74128
21153
99557
41020
81063
29454
98872
44782
88249
113983
64728
65843
20835
49404
85000
68386
81939
110563
87138
49913
19344
88762
107047
34672
18488
30847
92273
13719
59416
109865
95012
21339
25702
95780
65578
88948
13797
32720
32549
51731
94004
53869
105070
70287
39910
54274
3453
77644
97511
48190
60094
28602
97849
22698
28861
62941
29629
40510
11419
66169
32455
14926
105339
77296
72527
29448
2244
99555
64217
66526
21944
9860
80489
30503
15434
75344
96405
16632
70379
77736
98263
64040
28160
7737
84245
87748
47680
64916
32038
89097
66691
102354
100045
10292
13795
31353
90148
3447
39370
37854
9439
105861
77897
96649
90152
75617
29035
24496
46672
65424
9952
68393
39047
18495
100999
70897
102260
108761
104936
10042
17228
49572
60816
110501
530
113470
29279
88700
81852
67977
86900
18935
103899
54281
106638
3289
108947
57813
62009
96662
66093
67287
19883
1234
60468
46764
61407
112971
28951
33147
88861
50020
99049
38454
59515
3362
13284
113998
55406
74417
107488
1929
7128
60115
48549
24494
112197
87427
33337
64566
72186
30343
33846
102797
56682
104851
60193
76887
8938
91451
23227
74323
3635
78941
808
65074
41553
88444
29987
32045
87588
88953
105100
89897
108862
82794
34437
17059
106127
76025
108436
52504
38629
76284
79787
98539
21250
99654
69085
66884
83327
11679
61581
81527
27609
29918
28440
36060
17416
85719
36398
55321
18076
11683
12877
59004
71593
55580
76641
7836
55663
106826
20325
88536
67984
112900
14324
17577
33335
66873
71240
86740
71069
87934
107334
32650
4235
110160
86050
12093
47539
55159
112552
89386
38035
31187
21019
53363
55672
38544
59605
116
43170
58920
5085
34694
22217
98028
9018
73822
1940
81442
29378
110938
35198
39052
53720
55858
109197
102119
32997
100240
102378
59002
108086
18867
16558
24178
103317
1333
102887
74330
29226
7325
110252
63815
64759
63281
3984
29568
111788
87678
92045
30619
95298
3035
71777
33588
55764
72207
3294
79794
20935
56962
92387
78683
82478
89042
29925
28276
68774
15114
66974
86841
34096
69713
75024
39144
2027
15623
35319
37628
103326
70059
105209
76222
79191
3734
91888
99396
76990
5617
18440
23668
28716
41735
49243
89741
15020
11959
76124
34795
32486
5695
28026
95135
63221
111361
29650
6918
78266
8008
6893
80432
63304
80941
105727
105193
80774
71266
52000
35386
3317
90786
97179
24107
26416
5709
65265
84017
110945
82217
113150
45936
111634
28808
29923
101441
34887
39935
43446
20869
28377
71965
52528
22130
60148
1707
2367
42335
3991
28631
13390
102287
11874
30626
32935
12304
108450
11448
112993
63738
31031
71358
18271
57654
93250
38217
78181
75721
90085
26508
25030
64413
29477
65866
110532
66555
11271
32332
109041
16148
32841
100677
37718
105725
75373
106669
76567
98743
92584
77765
21366
87777
33687
52610
101694
19048
89831
12371
86666
94286
15903
109740
51328
102892
54752
100583
107940
108884
29231
7330
61002
40734
48242
41928
12474
27690
48751
83775
41932
81975
32424
14102
17605
18720
107617
103508
2468
9032
40127
73665
81285
51518
90367
73410
3666
81030
28306
22573
8714
9908
113779
28281
114209
41834
49342
16313
86675
30276
51337
74707
109323
100959
3059
76056
101790
53650
5368
74711
36522
75905
44142
43027
4683
44651
49528
43795
113176
69370
69199
45678
46793
66739
37030
88890
93086
33969
107175
5191
98134
99078
28031
6130
93090
15901
4080
90459
37906
24974
41417
60570
26857
34477
84458
92078
34986
51429
102058
69898
84203
13670
13499
59196
32681
4266
93785
1272
21373
49086
46626
28304
83166
113268
78799
87020
110274
11547
43891
18199
38316
104014
93178
32583
52450
92493
107776
147
99679
108465
98230
43309
61097
20448
68454
49017
63151
64345
88830
88659
110969
46816
39617
32769
68796
86604
11453
13762
59288
91230
77355
3673
90883
86423
43979
68101
89676
29511
97814
80264
929
68698
39523
55795
239
40040
38412
1270
22849
98581
66237
752
49368
87273
16510
16339
33976
52728
83957
59125
90466
37913
2821
75647
77956
22672
1965
26605
80273
44393
40568
47132
41933
25920
26864
99681
44931
27803
48614
102065
33373
35682
18554
19498
38421
1020
76155
77270
75470
94481
15927
97049
110022
5980
41159
43468
111475
65644
113784
67953
42783
63844
64788
106159
107274
14097
79055
53225
102480
100171
16944
21311
109666
78370
103703
76854
81054
41520
63241
19761
39173
7104
28149
97567
39711
94573
5563
52730
100870
42107
98765
42366
17354
65819
19237
63940
18552
106255
14727
71898
22347
7010
75752
3949
1811
58624
1899
41074
80457
27904
25854
61450
59822
46381
67442
24998
87647
17544
85847
70097
38605
15744
96181
41431
8649
30646
107639
98857
44767
25501
113204
41773
32265
11742
32803
89862
100639
108147
101470
93373
1903
74729
23099
9411
112167
99874
43475
61033
425
29345
11135
28489
18
33649
107364
76861
97922
20462
8912
18834
71387
19494
59992
38246
92957
60079
39870
47490
7801
28846
42980
15150
36211
38349
75060
11834
34670
39547
30561
109863
90471
105754
93210
99966
86011
89264
111148
84299
44765
19244
106003
15419
100270
37311
30747
109001
59825
28062
97480
41615
53157
59320
21243
90661
340
49465
11388
32449
64793
76346
67791
17125
61907
58283
57168
33647
55823
18578
90054
92363
1044
106702
100798
21145
98071
92872
97920
79427
87047
45204
91761
3695
94500
97753
111670
111499
49371
27988
78052
17286
68916
31954
76536
59667
109352
92098
3088
76085
44171
43849
9589
25527
85437
89800
62321
10540
87829
16532
18841
105600
25600
26544
62140
47605
5837
64278
86454
88763
29542
18234
87652
85343
108246
52314
17378
18493
74319
109699
52573
75943
27052
77033
94499
1835
24396
60785
9852
68293
88160
26450
63524
34070
37147
39456
26817
13092
34153
17309
11576
13885
89696
108661
91862
99370
98255
74734
43764
64291
40770
73907
11140
12084
28778
47701
82696
86550
19779
51721
96303
54974
35537
37846
105853
1560
76695
26029
95447
100550
18668
79693
21519
39988
80744
87137
112871
49912
10641
113301
65391
39039
12524
63620
111589
27740
35360
54905
71578
72008
106728
90589
2944
268
22795
41547
111437
21684
23993
22878
69005
63806
82788
85527
69514
77134
38089
71509
98170
37938
93401
44080
70824
34944
21077
99197
77985
174
29094
43762
27578
30429
80840
53010
93053
108336
32287
100294
55657
59511
98189
1842
95729
111162
48203
93929
790
64475
66784
74922
7124
96927
112360
48036
873
84425
85619
31529
74232
104050
100989
106188
72432
59672
33842
39041
16714
103987
79084
1318
100993
3093
60982
43854
89551
62606
25532
12091
33152
110496
36229
42743
29983
53102
32379
102695
92460
39736
105434
95028
53870
90944
74931
8327
111254
20841
7642
882
64567
8331
456
8669
89286
68504
87486
39129
107136
47952
79093
55572
54457
30936
51463
104935
74583
8150
26226
9094
92650
1669
2784
21691
28877
48460
56080
69521
69780
56956
75708
75174
107835
52847
98544
96235
181
6540
99997
3909
112799
113488
28524
95633
67373
49051
87240
80392
18081
86384
106827
35826
71422
1678
89891
21015
99135
1423
105716
98450
72620
1932
2876
80240
112196
79806
22977
48043
87426
42844
88086
113419
10475
63880
85885
110934
85630
33678
54739
31878
79884
59253
102624
9626
74581
75775
110244
2778
5517
40437
44379
102193
88785
16373
18682
99144
13913
106385
108694
50453
107750
59439
38123
3031
72203
76821
1490
63204
112288
27074
26923
60210
86833
82724
16730
90344
15081
30008
66970
49842
17757
79183
104516
73220
5785
77667
4415
98987
27940
27769
97617
91884
43527
111534
110169
49519
85115
86230
78175
91194
106477
9541
74859
52428
22030
92392
1073
54996
106990
3891
26222
113495
105875
29984
49851
68603
87585
80507
51053
53362
32409
54051
10663
34977
18964
35407
91634
54389
104608
30868
17849
51929
108692
103923
21790
42851
110687
76648
47194
7505
82468
113509
16048
85466
39418
32741
100577
16557
19981
95219
6209
102631
104769
56629
10398
57460
1591
57289
55151
90709
109283
92484
2530
52950
59343
22381
8522
21266
74671
111278
82291
85030
113332
52260
14071
64845
91217
100767
71780
53796
91985
7230
105790
49336
110950
40208
81366
95922
9881
82990
85558
33777
7416
91887
36491
91123
19647
51418
100673
98309
78872
96430
28206
98568
110176
5620
64854
28974
51237
100492
40907
83581
17161
19299
78265
90624
105373
26058
112387
78803
47119
43695
108880
20070
41131
8349
63136
86506
101621
72463
11697
70947
53819
99516
50825
51940
77599
22565
9821
110268
113007
43885
62637
69201
63297
50135
51329
13399
32322
18447
57296
17762
98224
106830
5790
59350
5105
6220
654
8867
86231
3564
78870
86064
83604
75211
17948
71102
74355
39590
108791
109221
90113
11960
1103
38049
2556
58425
66045
26511
62900
26849
86759
105215
20861
66387
83001
85310
22999
110873
64587
15036
104104
32673
36606
50740
76399
97631
98291
27357
8880
44230
106755
29411
96349
113690
28555
80957
46622
38058
59119
16846
2281
139
98477
18729
53131
55269
4164
104803
1704
56893
40307
49009
110623
89482
61343
87966
44474
113959
63226
28461
36081
19746
106505
107620
14443
22063
37813
1356
106764
29249
72837
36957
2980
44577
96867
64160
86165
60335
82056
81371
66836
85054
27962
18454
51340
72401
12829
75370
2373
20449
71545
17343
10779
37210
105046
32671
77253
18796
8110
76397
41059
29664
96773
63744
84805
85749
111913
88747
34657
100355
85753
17529
54069
1110
3248
72136
104547
99590
42531
83004
75643
22497
69388
1961
45867
934
28910
28739
84202
87455
63934
30112
68018
47921
112504
30905
32680
15552
96014
36613
104449
74097
56284
52459
18888
74351
327
63327
66751
97980
40921
113012
15229
100080
13600
11379
18736
68717
31755
32949
76337
14627
72228
102839
6054
1799
110459
92863
76679
65033
29153
25328
82670
46790
82499
40656
83438
91058
55178
15644
104712
38480
74189
52977
55182
4361
98248
74727
5300
42358
24829
88564
49974
68726
46980
63423
20979
27543
35163
49548
61623
100539
17179
13525
14719
109671
104902
74800
103253
25053
114121
97210
1636
96354
42264
63325
64440
10350
80962
30555
106070
95004
16851
37912
2399
100445
74026
106437
1029
3338
96202
108746
58806
21389
67086
42621
7701
941
64626
95855
48613
6845
61632
51009
85662
19497
42963
58091
2046
90371
1361
105654
58708
36962
93903
44582
90738
1728
91398
20635
65217
8551
61793
81489
63167
64532
46210
85852
17094
59216
14208
90302
70694
16776
52372
105844
40404
86101
8737
41348
79934
87554
61724
52216
16336
26533
81395
80451
21994
17025
54074
56383
30553
2138
3253
105237
11909
57606
95261
27037
109600
7445
92801
113111
91945
98338
72508
37743
80128
45363
28235
63430
86800
23
114138
38247
52915
101999
56314
30743
79517
98670
96361
44580
20888
85337
104302
67783
63958
32445
33560
53506
71294
36128
4289
53765
91670
1295
2660
59473
98856
67093
24135
61209
47505
8226
49647
40661
85243
86187
32097
51020
37145
75050
30297
99364
36460
8045
73534
75843
58715
62920
70540
15507
52047
94399
106350
97138
108997
62059
60714
67107
87997
17209
85433
61912
49553
57173
83633
91253
32796
39360
103542
26027
41355
5750
17981
90651
6518
41438
49910
64274
84141
68892
23909
10184
62758
84650
106697
13691
107127
52139
30927
93297
106442
45199
97660
67091
82527
43937
111944
26809
67967
86185
84840
54271
30579
51811
103634
1650
1479
96197
1988
26628
27743
78668
4193
41701
43839
49038
65481
83118
46837
13015
70186
54173
109019
71409
10280
32819
110994
71668
37333
3185
9427
358
71922
41353
27478
96896
11577
80995
53165
7631
9940
87133
88077
80569
28676
36296
87392
32187
16174
59411
107551
78393
73624
96460
40061
109693
6594
103809
7024
112260
28069
10030
110744
63264
84325
19784
75076
39196
7127
42047
51300
101578
86976
39734
94596
51638
90487
92796
9519
1477
8325
50953
86027
42389
23123
96988
49746
40760
83826
67813
110479
111594
62848
31085
70468
32279
39636
90844
109017
5233
109526
3976
26307
356
28082
22883
26816
28591
16114
12690
15258
106635
75168
97060
105950
56161
52052
92379
76366
106184
91694
74566
27324
82186
97936
6617
61404
62064
113227
48189
30150
43850
80390
52238
100378
15164
70990
1392
5609
100916
96394
89195
874
25176
35907
103914
43243
448
113388
41727
49235
86309
67302
10982
16181
75431
98096
19713
55138
14410
107391
20230
14748
36924
22368
98179
112096
97494
23307
113319
86641
22622
30242
111519
82532
354
64039
17056
51136
35123
36317
77475
52589
54898
37941
62004
7476
26383
109969
21614
52843
711
96740
5421
80668
26466
64655
34086
47527
18582
97244
22093
54036
32824
39217
32290
53351
72103
7123
8067
39985
64048
11073
48828
49488
82908
66699
101168
100483
53537
51737
73913
19711
72264
3885
27331
106984
92469
50626
95208
97517
104758
43427
112378
88268
24420
69002
32040
47619
33493
17480
103124
76275
95027
100130
101074
11855
89975
5082
38908
74504
96484
112309
40878
62770
83831
63200
63029
21871
15357
99991
85205
25804
48640
84349
102091
56260
13302
103314
36931
4407
24258
105706
59341
20320
20149
9180
7914
111785
28959
44717
101592
17572
52337
15263
91186
2176
53961
53026
18261
35213
14945
98885
109721
66971
84074
551
20848
81080
24702
49676
30522
75104
12200
63889
36230
51387
74757
93509
20667
109907
71763
55750
48918
84264
87767
17664
34107
91278
89821
50550
97441
71611
53118
86656
18862
106565
76463
59619
36758
9458
44378
20857
109813
83506
48741
29304
111808
31191
45576
29563
38122
72202
108776
100504
53788
72711
84014
43879
9790
90866
74853
43090
27611
46593
82473
41824
68598
111969
69028
80673
113514
32575
73048
57035
106290
100156
17501
10937
84439
84610
92059
97107
74246
75870
25204
20949
21780
42841
48040
41985
80604
113675
111875
18097
37020
57225
98383
104680
92758
55684
74436
38556
8003
76745
46176
128
50915
21970
48059
25903
75449
65950
18537
19197
33865
100757
37264
76647
75962
57640
64145
65260
60750
96856
66287
88463
33258
30264
78099
14251
73501
37621
108881
50469
97531
52778
37880
74954
42076
93706
97364
7410
37963
40021
8354
45583
42159
479
28455
30959
38467
104165
105280
101171
18095
19289
108357
83938
91558
56793
99066
39665
14950
96606
1070
22570
57223
74860
47823
113521
43180
28645
29839
41664
48057
63919
16652
75197
93005
98567
104864
96767
1260
98821
114112
6646
43875
44990
64936
47558
15189
69024
26751
34371
10679
12988
13418
59115
21038
53382
97020
95504
101801
41414
96957
60141
62450
111304
48575
110448
112757
80346
84200
86338
62817
81970
26937
63477
71097
12126
15379
37805
13750
5202
21370
102647
73489
8171
110267
78537
92671
95239
93610
28639
96863
32071
30271
73337
37457
11627
59633
11886
52359
49014
110173
62033
95571
42959
60492
65540
46103
114110
80697
106055
30970
40214
388
108197
54574
92763
31997
29337
97811
112672
85138
48064
110872
69125
47913
14350
50059
73600
90273
105556
111899
36100
98148
56305
1096
94039
8453
9647
25051
26245
65887
85470
89153
48504
45510
48763
53130
12995
30098
90972
59890
5645
101896
71794
105829
21387
91999
27095
84036
68023
37303
15386
17695
2470
59817
105648
52205
17440
51349
39954
99071
96611
21460
36960
72919
95755
49173
112411
42354
61106
63415
24825
62730
17092
39347
51706
70688
52366
103700
104360
42173
25329
3428
104727
76934
1094
6142
6935
11286
81898
112601
16334
39170
37370
64774
86779
100696
70594
18985
37737
90799
40304
19924
1960
27544
40563
26688
43302
47920
28997
67616
10787
27377
6841
67591
11192
100260
100089
17184
75319
14724
105137
74634
38754
71640
72834
93361
2042
70784
18891
73523
75832
39952
72408
74717
6234
1979
8543
26619
25141
64524
4718
85051
63668
26594
51166
73342
15315
14630
54957
50848
59471
96545
97739
21394
40146
42455
78732
86352
64969
7618
1885
24216
88235
29778
10090
25840
63858
30036
33460
84919
31660
33798
55974
35343
37652
9237
73077
107797
5128
7437
75131
32687
2134
100694
91937
54863
106686
29342
931
26177
25233
85143
86087
62566
46553
47747
36101
60766
38239
73434
36189
72069
30226
57680
71893
93898
2579
40238
9936
63074
11293
43745
110637
68890
64781
83533
55273
32696
36629
75478
14883
4026
60007
62316
105325
32950
17881
104640
104978
112598
114143
64967
19074
30318
33287
4187
71221
2842
96900
96729
166
78407
7719
99698
42639
43470
94929
60706
249
41528
80377
110195
63249
88394
85934
67612
75232
52371
55110
75065
50600
51544
90927
98435
76430
91587
606
96635
109609
6769
67690
62921
89695
108489
86275
100192
15057
106434
78391
52561
72507
3594
60005
22
7786
63767
26693
110287
64456
29691
85517
46643
54263
33995
50438
79007
106879
53945
20123
90485
105768
26115
64020
43752
9492
25259
29877
48800
63164
83031
41952
86534
23630
68212
31250
30394
40841
69410
53338
8225
104476
20284
55901
63521
4909
47337
45537
94324
97577
42293
64548
87384
84924
69855
30834
56238
3108
30667
3083
109685
104916
106691
8390
84317
49552
47243
110995
14214
83632
36219
104226
89624
111934
14473
11220
50603
87824
34678
56399
50436
17980
106877
94333
70812
88078
3807
86278
26113
64302
44694
89276
111586
84507
7974
31077
36125
106441
102616
94519
1292
96294
100816
6340
72773
18571
56760
78481
35807
74656
39891
40942
48450
69511
45819
15421
68655
13621
58203
16874
67970
10456
109091
85866
17563
90233
93486
21074
104831
59489
29884
44018
85176
27149
43842
89368
25520
28773
29967
88683
33478
100291
30484
52489
102708
72606
101230
104483
75604
91083
12700
106366
98269
9430
95809
99893
44688
83307
47427
41694
87391
113918
83566
84931
86814
30415
112807
109183
30674
105074
90584
98092
3883
95632
33922
263
79448
41542
40427
20990
84324
26982
97490
63801
100383
85781
68653
105431
76273
73813
57629
93225
3021
20383
103890
18755
106458
111084
40617
92907
46325
83658
36132
50629
54287
104506
74404
15947
97069
93415
94609
20573
7374
94868
3720
58988
77999
20656
97582
8572
88074
113407
15002
24848
85080
30159
32468
112722
111607
54360
89806
15770
52844
99994
6366
37349
39658
107665
109974
21164
38973
95630
97768
40709
45223
86381
38024
89120
31176
32291
17472
104231
30491
28863
33059
113313
31714
54550
74755
447
27058
48119
86283
97674
99983
8664
82203
85456
37608
37074
59079
50886
108613
5514
3205
270
104504
57024
65153
85020
49140
5856
48284
67036
67829
102014
18253
56525
95908
20757
3111
96568
59494
40340
40169
62345
85181
1854
111174
80671
25638
47530
16639
67735
89911
75355
51834
36481
2103
362
70561
105711
74244
3556
1247
91881
729
93505
6804
64560
5948
41983
30166
87504
105359
12353
82201
85454
42
68326
34103
38721
74146
79453
87073
48733
5771
49677
41121
111266
41914
114005
112890
63635
28870
62779
13228
70399
11428
78161
55584
2170
59517
53784
41307
109202
74845
72536
80156
64143
40622
47015
48130
63287
82210
30258
63796
53094
27945
83237
86661
104002
76038
13134
35310
54292
73044
106649
97358
7404
79036
1671
96673
27764
111020
86480
21096
36846
72726
44466
87248
16289
13829
101703
71601
70236
38974
51993
52423
9110
38548
96320
97264
105699
83246
86749
67233
50217
34204
104520
104349
73053
74247
17335
30354
51415
52609
107063
84953
90264
54384
30863
50730
14850
50559
52868
98281
44191
5446
99504
21188
27601
8953
26745
82037
33680
103311
104255
1156
59618
51576
15696
53885
7148
50891
17579
95047
99665
7152
43266
20860
111273
65442
41921
44890
82653
46773
54393
86052
10579
13318
50822
58330
101701
96064
94548
95913
294
5538
6903
73996
24445
69027
47815
40203
23589
75879
94802
3997
377
41656
110857
11596
44904
52524
73051
94112
51668
52783
5102
53722
56975
35229
37538
59714
57914
25036
734
5444
48406
84261
43871
84628
32847
106053
15719
12725
13840
39499
20345
105197
96156
9455
60133
61077
25197
90961
41748
110870
47911
104101
82651
90271
74087
89837
3399
97457
1770
31388
51505
2288
52958
96346
292
6651
45504
63292
113511
86662
65709
33002
36255
73329
9987
49162
111970
52013
49955
11878
86495
87860
62974
2361
94110
70418
79041
7238
103660
103489
478
24800
61340
63478
75984
2987
44471
64167
28287
47210
63482
15125
75
69724
63991
85996
74350
19317
72379
73494
32845
33960
14523
50403
58249
40039
56904
75886
96947
384
42857
63384
4943
65693
16142
84019
87443
68006
28986
64582
15031
17169
10492
107352
54673
37545
76394
36689
93801
9560
94461
42680
43110
45248
51762
27719
58948
66568
25919
82326
68622
72133
103429
73327
34737
102744
74951
2898
14615
15730
52270
73331
75469
97361
6042
75978
43271
78717
62816
13240
65814
34301
88650
10075
26769
34389
10868
107444
100596
104279
3489
37896
58957
47311
109836
43202
45511
6232
23594
7426
61866
51164
34036
73419
102043
100527
53556
37543
75732
71623
2994
95937
4618
64174
49355
25834
84379
84124
60603
54857
75384
77008
21294
5126
56911
35850
61107
25227
59880
107619
40555
26851
95334
59454
20183
22492
67074
9827
5209
1785
110445
40300
111560
103940
98837
65274
62814
11184
28993
83341
34128
103250
105388
2289
1888
55448
30733
37126
31927
108386
90643
54763
74630
74459
38579
12920
20540
24732
69314
10176
61272
82333
114289
66658
17082
31750
31579
36627
9043
105294
57154
2988
94737
62030
94996
75559
106492
90887
5731
7869
41845
23523
31143
62372
10875
59820
50663
52972
96189
20094
87884
12503
108478
78376
33794
53661
72413
74722
91395
56400
78121
109417
40044
62220
26340
78914
114043
47660
67606
48428
11
58102
70691
50060
30193
71121
104726
101732
18906
26526
57755
2316
47053
23791
24221
8283
60439
83809
82331
87893
101125
71816
6327
55803
18558
52638
74814
109509
8640
103776
43389
25067
26432
111396
40929
41589
60512
43898
47326
110794
31141
45526
48779
10873
53146
104025
32594
14272
73522
11812
79514
96187
25424
56653
42097
3523
64273
20885
49454
2667
76858
9231
45095
107791
90992
28931
95869
3606
65980
85676
103017
50338
36634
19506
57161
107209
7534
54701
6419
85759
32784
107184
53845
104724
30984
3684
101730
7617
1884
25330
93633
62404
96886
114227
68112
46900
82609
88317
49727
40741
82613
49986
76074
4192
98079
96450
96279
49037
99018
62056
5924
77806
47237
69413
86086
75756
3590
28230
7807
98592
29683
84315
25858
48694
10103
15665
67955
75575
78314
97296
73011
37131
53937
104282
6515
8290
23113
24307
58960
83023
47143
48087
67010
25681
89015
111325
100193
29614
86785
37234
61899
63160
85674
90041
30924
104130
51451
53589
109007
39885
32807
28068
95177
109516
24130
76704
40936
22614
29007
41596
60348
107975
21758
8559
104981
96884
113031
23812
48527
87376
45533
84916
53153
30292
107285
71049
12763
100716
34484
30659
52551
101405
90569
9067
94423
95617
47519
113217
46041
67102
24658
110987
113726
30478
16010
67699
31167
15154
14039
55197
52737
100113
102422
91586
73264
75573
59560
1891
93640
63071
7883
41688
94667
29867
23904
48085
60444
24564
87468
32184
46740
67801
16171
84474
13711
98086
73621
77304
93292
91776
55896
107890
92715
770
27381
83207
49386
69503
16357
61035
40767
47331
25948
14302
104314
1474
33822
78404
41442
94676
112017
60703
2672
75498
76863
49033
28765
41784
49292
62845
63789
83372
61989
13803
14747
88420
96040
72348
12947
106784
51796
33474
75062
15945
8057
57533
95267
96382
42292
61044
25164
46225
84414
112691
10461
41690
13200
104406
108490
52387
71310
54696
76872
12853
20473
91515
58888
1399
92204
40423
85264
68136
36222
69760
7122
37675
104567
3013
50009
15244
37249
51633
71500
6011
8149
59934
40075
41269
56940
46317
5664
63954
84481
37068
26454
18061
83904
46659
48968
54279
38266
51819
109012
25104
32812
40432
22110
23304
40941
20310
49393
1662
26302
76797
351
42290
85356
47167
14138
103206
31775
32890
101156
95368
18760
84754
92374
109711
7556
23039
107911
112107
45724
48977
67729