641 1792 1859 1860 1887 , 0 2 % 5 , 2
1054 1085 1124 1264 1387 , 0 2 % 5 , 2
842 870 909 1065 1882 , 0 2 % 5 , 2
661 700 913 980 1008 2131 , 0 1 % 6 , 2
711 861 1176 1959 2075 2283 2378 , 0 1 % 7 , 2
987 1331 1340 1824 2276 2371 2435 , 0 2 % 7 , 2
74 134 1209 1355 1372 1383 1606 1656 , 0 1 % 8 , 2
1032 1049 1799 1866 1894 1961 1989 2235 , 0 1 % 8 , 2
777 794 902 986 1014 1662 2311 2404 , 0 1 % 8 , 2
656 883 930 1109 1137 2086 2339 2364 , 0 1 % 8 , 2
766 856 1063 1236 1477 2216 2227 2297 2305 , 0 1 % 9 , 2
712 833 863 900 1204 1276 1316 1617 1729 , 0 1 % 9 , 2
923 1001 1018 1152 1158 1301 1438 1449 1544 , 0 1 % 9 , 2
841 1820 1828 1856 1915 1925 1943 1954 2035 2063 , 1 2 % 10 , 2
132 143 967 1232 1249 1251 1260 1277 1333 2354 , 0 1 % 10 , 2
516 728 962 1113 1186 1247 1259 1435 1505 1508 , 0 1 % 10 , 2
594 600 895 1007 1057 1163 1225 1231 1443 1499 , 0 1 % 10 , 2
923 1018 1152 1158 1208 1242 1301 1438 1449 1544 , 0 2 % 10 , 2
533 672 937 957 1125 1130 1138 1148 1153 1541 2360 , 0 1 % 11 , 2
63 141 805 939 978 1220 1371 1586 2019 2047 2415 2442 , 0 1 % 12 , 2
767 842 870 909 1047 1069 1107 1273 1326 1346 1612 1651 , 0 1 % 12 , 2
662 679 690 1061 1261 1289 1620 1909 1948 1994 2022 2179 , 0 1 % 12 , 2
561 589 740 1512 1548 1551 1573 1638 1655 1666 1739 1767 2069 , 0 1 % 13 , 2
976 1074 1093 1102 1292 1309 1393 1413 2142 2248 2276 2371 2435 , 0 1 % 13 , 2
923 1018 1141 1152 1158 1214 1253 1301 1365 1438 1449 1544 2103 , 1 2 % 13 , 2
85 1450 1466 1482 1522 1550 1566 1577 1579 1600 1792 1859 1887 2413 , 0 1 % 14 , 2
605 851 890 918 946 991 1008 1036 1058 1086 1197 1323 2269 2287 2304 , 0 1 % 15 , 2
662 679 690 1061 1261 1289 1436 1464 1559 1587 1620 1759 1994 2022 2179 , 0 2 % 15 , 2
94 1034 1379 1411 1561 1589 1634 1650 1820 1828 1856 1915 1943 1954 2035 2063 , 0 1 % 16 , 2
645 673 1621 1649 1677 1683 1694 1711 1733 1750 1778 1789 1806 1873 1901 2223 , 0 1 % 16 , 2
533 795 823 907 965 969 974 997 1002 1019 1025 1046 1064 1092 1303 1337 1368 1502 , 0 1 % 18 , 2
651 662 679 690 1061 1099 1194 1222 1233 1261 1289 1620 1682 1930 1958 1986 1994 2022 2179 , 1 2 % 19 , 2
522 550 701 738 1540 1554 1688 1817 1867 1884 1895 1912 1962 2119 2186 2242 2298 2326 2348 2401 , 0 1 % 20 , 2
723 739 778 779 800 828 845 867 873 917 940 968 1053 1159 1187 1463 1669 2037 2093 2383 2397 , 0 1 % 21 , 2
744 750 755 772 783 806 811 818 822 834 839 878 1024 1040 1119 1140 1175 1223 1452 2092 2121 2316 2344 , 0 1 % 23 , 2
514 531 542 655 676 693 704 727 732 1127 1151 1179 1218 1246 1285 1330 1710 1738 1977 2138 2157 2230 2353 , 0 1 % 23 , 2
789 817 884 889 912 945 973 1012 1091 1142 1170 1181 1198 1217 1293 1374 1987 2043 2361 2372 2389 2436 2447 , 0 1 % 23 , 2
1023 1062 1286 1314 1351 1370 1388 1398 1437 1454 1483 1504 1521 1568 1572 1578 1590 1604 1618 1757 1831 1926 2097 2164 2279 , 0 1 % 25 , 2
761 1041 1075 1131 1164 1245 1271 1338 1366 1385 1421 1433 1444 1461 1472 1500 1519 1528 1556 1584 1585 1595 1623 1641 2209 2419 , 0 1 % 26 , 2
527 555 566 572 611 622 639 650 667 678 689 706 717 745 756 784 868 896 952 1085 1124 1270 1281 1320 1387 1404 1446 1527 1947 , 0 1 % 29 , 2
529 532 538 543 560 571 588 666 677 688 694 699 705 716 922 1045 1146 1155 1202 1207 1230 1235 1258 1263 1291 1498 1509 1676 1833 , 0 1 % 29 , 2
1428 1439 1456 1467 1478 1487 1495 1506 1526 1534 1537 1545 1565 1576 1593 1601 1607 1632 1660 1756 1784 1840 1935 1946 1974 2002 2030 2080 2108 2136 , 0 1 % 30 , 2
509 520 606 729 1279 1671 1687 1698 1715 1716 1718 1726 1737 1754 1755 1765 1906 1973 2001 2028 2056 2057 2060 2074 2085 2124 2163 2185 2208 2218 2225 2246 2274 2365 2369 2396 2418 2434 2438 , 0 1 % 39 , 2
625 748 754 776 793 804 832 838 843 860 871 888 899 916 927 955 966 983 994 1011 1022 1050 1078 1089 1106 1117 1134 1144 1145 1173 1184 1212 1240 1307 1922 1984 2084 2112 2140 2196 2291 2314 2358 2417 , 0 1 % 44 , 2
929 934 1052 1056 1080 1084 1096 1103 1108 1112 1254 1282 1321 1329 1394 1405 1407 1416 1567 1613 2020 2048 2053 2109 2120 2132 2137 2148 2149 2154 2159 2160 2165 2176 2193 2204 2210 2221 2232 2238 2260 2271 2288 2293 2299 2310 2338 , 0 1 % 47 , 2
511 513 524 526 537 539 541 548 552 567 569 580 597 608 718 720 759 770 787 798 826 865 975 1003 1033 1044 1547 1569 1614 1699 1727 1780 1783 1794 1822 1838 1889 2012 2068 2145 2240 2307 2325 2342 2370 2387 2391 2407 , 0 1 % 48 , 2
519 525 530 547 553 558 575 586 614 642 653 659 670 709 737 743 760 765 827 866 1017 1274 1302 1313 1341 1352 1358 1369 1380 1397 1408 1419 1425 1447 1453 1475 1486 1492 1503 1514 1520 1531 1553 1570 1704 1721 1732 1760 1788 1956 2118 2263 2428 2433 2444 , 0 1 % 55 , 2
518 535 546 554 556 557 563 565 576 585 587 652 658 680 683 708 714 774 775 781 809 814 831 837 859 887 898 915 926 954 982 993 1010 1038 1055 1066 1072 1077 1083 1100 1111 1139 1178 1252 1280 1297 1319 1325 1353 1381 1409 1497 1564 1592 1657 1659 1766 1870 2005 2089 2184 2206 2234 2422 2427 2449 , 0 1 % 66 , 2
512 515 517 523 534 540 545 562 573 590 640 644 660 671 763 791 802 830 855 897 964 992 1009 1020 1048 1059 1073 1087 1101 1129 1157 1182 1185 1210 1224 1241 1361 1375 1414 1417 1442 1445 1459 1470 1481 1529 1557 1596 1624 1675 1691 1697 1702 1708 1719 1730 1736 1769 1876 2071 2202 2224 2345 2347 2373 2384 2399 2402 2410 2421 2424 2437 , 0 1 % 72 , 2
549 577 582 593 604 615 616 621 632 643 786 886 953 1105 1154 1172 1183 1200 1211 1239 1267 1278 1295 1306 1308 1336 1347 1350 1362 1364 1384 1392 1420 1448 1457 1479 1485 1496 1507 1524 1535 1552 1574 1575 1580 1597 1602 1608 1619 1625 1630 1636 1640 1647 1658 1714 1720 1741 1742 1748 1776 1787 1798 1865 1932 2010 2038 2077 2079 2100 2105 2117 2150 2161 2178 2189 2217 2228 2245 2256 2273 2284 2301 2312 2329 2340 2379 2405 2432 2443 , 0 1 % 90 , 2
1820 1828 1856 1915 1943 1954 2035 2063 , 0 1 2 % 8 , 3
923 1018 1152 1158 1301 1438 1449 1544 , 0 1 2 % 8 , 3
662 679 690 1061 1261 1289 1620 1994 2022 2179 , 0 1 2 % 10 , 3
