843
2207
2157
387
3421
2057
2007
3808
1470
3271
3627
3140
1370
2734
3090
833
2553
2634
2584
1089
2809
602
471
2322
958
552
908
2272
2759
858
321
1685
271
2072
3436
3386
3742
2899
3255
3692
3205
1435
3155
3105
3461
1123
2874
2387
1023
2287
923
2237
1750
3551
2187
3501
3807
1600
1063
1419
3139
3270
3576
3089
1238
1725
3039
2502
601
2889
1038
2402
551
501
14
451
2252
1765
2121
1584
89
170
3741
2377
1890
3204
1353
3641
3154
1790
3591
1740
1253
716
1153
666
2467
616
2336
2417
566
1930
79
2367
1880
29
2055
2492
285
641
154
2005
235
3319
104
1955
1468
1905
1418
1855
1368
2682
2988
3069
1218
2938
731
2888
681
2045
2482
2838
1995
2707
1343
856
631
500
2657
2170
2351
2607
400
269
2120
2557
2070
219
300
3740
1533
1970
1483
3334
3690
3640
3234
1383
2747
3184
3540
846
3053
1283
3003
1102
1458
3309
2772
921
434
2285
2722
821
334
2185
2135
1648
284
3449
3805
1598
234
3399
3755
1548
1498
3705
1011
3299
1448
961
3168
3249
1754
2937
1167
2887
3374
1523
2837
986
499
2787
449
886
2250
2150
2100
1613
3333
1482
2275
3639
68
1869
1738
1251
3102
3539
3052
1201
1688
614
1051
2852
2365
514
464
2265
1778
414
2215
364
3804
233
102
1953
2440
2390
1903
183
133
1853
3654
3167
1316
1266
3554
3017
2530
2480
1066
2430
2299
2380
2736
42
835
348
2068
704
2555
298
167
248
604
1968
198
3769
3719
1868
3232
1381
1331
2645
3001
3082
2595
3032
1181
694
2495
1000
513
869
2720
1356
3207
463
2670
900
2620
2133
413
282
2570
363
669
182
3347
1496
132
1983
3297
3653
3247
3603
1883
3116
32
3197
3553
1396
1296
1165
2885
1115
1471
1065
1421
3272
1015
2735
2248
2685
834
2198
347
2148
784
2098
1611
2048
197
1561
3768
3362
147
1280
1636
3487
3437
2950
1099
3387
3337
999
2800
2313
2750
2700
362
2113
262
1932
3652
81
1882
3602
1751
2238
3065
1701
3015
1651
2865
1014
2815
964
2328
2278
2147
2228
1741
733
2453
246
2403
65
2353
1866
146
3717
15
452
1816
3617
1766
1279
3517
1179
2493
642
2849
1079
592
2880
2262
2618
767
848
361
798
311
667
1981
130
617
2418
567
80
1931
211
161
3245
1881
3682
1831
1344
3145
3095
1244
2608
2558
1194
1013
2733
3220
3170
2683
3120
2633
2583
2096
245
682
632
3716
3797
3310
1896
3616
45
1409
3260
1846
3210
3079
3160
1534
1128
3285
1028
1384
2748
3235
978
310
2598
260
210
3375
110
1830
3681
1699
3500
1730
3450
1549
1062
2863
1012
2763
2276
425
2713
862
2226
2663
2176
325
812
2126
1639
581
2788
3615
1764
2151
3515
2978
3365
1514
2828
977
927
2597
746
2466
2547
2497
159
1879
515
59
2266
9
1729
1242
1679
1192
1142
2862
2943
605
2893
3118
374
3018
680
2968
274
1117
630
224
1944
580
3745
530
43
2331
1844
3158
1744
1257
3058
1694
1076
3283
1432
1513
3233
1382
3183
1332
926
2646
3133
1282
3083
1232
745
2596
826
695
208
158
2446
1959
3679
3760
3273
58
3710
8
1678
3398
2034
1984
3348
1578
3298
1934
1041
2761
910
1347
860
2711
941
2661
1297
3148
2124
710
223
2024
173
3744
3338
2330
1843
479
2686
1793
2149
3463
2099
2049
3413
1562
1643
1512
1025
3313
1412
925
2239
388
825
644
2364
157
594
107
2801
2751
2264
57
1727
2941
3378
1527
2841
1477
990
2791
2304
453
940
3097
2610
759
1246
628
2916
709
659
478
72
428
22
378
1692
3056
3006
1155
2956
924
3212
1230
3031
2544
337
1180
1130
2494
643
237
187
543
2394
1907
2344
3708
6
493
3658
443
1807
3608
1757
3477
3558
1707
212
3783
3733
1526
3683
939
2659
3146
1295
3096
758
2559
1195
789
2509
171
2459
121
558
71
1922
3642
2097
2178
327
1641
3361
1947
3311
3748
1054
1541
2724
823
3111
2624
773
2574
723
2087
236
2037
186
673
2699
2212
1856
5
2293
442
1806
2162
1756
3476
392
2062
1575
3426
1656
3376
2012
3326
1475
2839
3276
2789
938
3226
2739
888
2202
351
838
3351
657
2508
607
2327
2408
2277
507
20
2227
3541
1690
1640
226
3391
2904
1053
1490
1003
1440
2804
1309
822
2673
3516
3466
772
1209
722
2929
591
2392
135
491
2292
1805
441
2242
3606
1705
3506
3019
1655
3456
1118
3631
60
1293
3225
3581
1374
1243
3531
837
2994
2507
656
2944
250
687
1043
200
556
150
506
3490
3571
1589
2026
1539
175
3696
1002
3209
1489
3646
1308
1389
3109
902
2622
3059
2572
721
1208
852
1158
671
2472
1985
2422
2372
2241
2191
340
2060
1704
290
1654
2091
3324
1910
1423
1504
3711
1373
1323
836
3124
1273
786
2537
2050
199
2762
2356
992
2225
505
1819
455
2612
405
355
1719
1538
3339
1975
1438
951
1388
3189
1338
851
3008
3364
1157
670
2877
2958
2827
2421
2777
2290
2371
2677
2140
3454
2090
239
2040
189
1016
3304
3123
2992
785
1222
3429
2942
2892
2405
554
2355
2792
454
48
3569
304
1618
1131
123
1487
3775
1437
3594
23
1387
1256
1337
3057
850
3494
800
1156
3007
2957
1106
2470
750
2907
213
569
700
1056
650
163
2320
469
1833
2270
1783
3634
419
2008
238
1958
188
3759
1908
3222
1371
1808
3172
965
1758
915
3122
3072
3022
1171
684
2972
1121
634
3799
2435
1948
584
890
403
2254
353
2073
2154
1667
303
253
2460
203
1923
1436
3774
3287
1517
1873
3187
1823
1236
749
3037
2550
2906
2419
2775
2856
2369
2269
2138
2219
368
2088
2169
1988
1501
3302
2765
3202
1351
864
1220
3427
3508
3021
1170
3327
2921
2790
2253
2334
2690
2284
2640
433
383
3467
1616
2053
202
2003
1516
1822
3186
3542
1335
3136
1285
3492
3005
748
2955
3036
1185
698
2986
1004
2368
2805
598
111
2318
954
548
3582
1731
11
3532
317
2118
623
136
1937
86
1450
1887
3688
3507
3020
1300
813
763
1119
1200
713
1069
582
2870
2383
532
969
563
3647
301
738
251
201
1871
3185
1821
3135
1284
1771
1365
3085
878
3572
1315
3035
2548
778
1134
2448
597
2754
903
2267
416
2217
853
2654
2167
2523
2036
266
2067
1580
3787
2017
1399
1836
3200
1349
3637
1786
3150
1380
762
2738
531
2819
2688
431
2638
2182
2132
2001
3802
3315
1951
3752
1901
1414
3215
1720
3440
1233
3521
3390
1620
3340
2984
2934
1083
596
2803
2884
1033
2753
365
2653
2116
265
346
215
2016
165
3199
1835
3636
1785
1298
3505
1735
1248
3099
3049
711
1067
2918
2999
3355
661
2868
3305
611
2818
2768
561
430
24
380
867
2668
817
2487
2437
586
1950
99
3751
49
3620
1363
1313
3520
3470
776
1619
1163
1032
2346
495
2783
2602
751
264
2552
214
164
3735
1528
1884
1965
3685
1834
1915
1784
3098
1684
1197
3048
2998
1147
1634
2817
966
916
2636
2586
379
2667
816
2130
279
1999
766
2080
229
3800
2030
2386
1899
179
1980
3700
1849
3213
129
1493
3163
1749
3113
3419
2882
1031
2832
2345
494
2295
2651
444
3088
2195
2145
294
2014
2095
244
1964
3765
1914
63
3278
1427
3715
2220
1733
3534
3047
3403
1196
1146
1583
2816
3203
509
946
459
2616
278
359
2079
309
2385
534
3749
1898
484
1798
3518
3112
1748
1698
1161
674
3368
1030
2881
3318
1111
624
930
524
880
2244
2681
830
343
699
2500
2450
3764
1913
62
2400
3714
1863
3583
1376
1326
1682
3614
1763
3483
1276
1632
2996
2946
739
3383
2896
1045
2846
3152
2615
2565
714
227
2515
664
2028
1978
127
1491
1928
3598
1697
1210
3498
3011
1597
3317
2961
979
1466
3267
1416
929
2780
2680
2193
779
2093
242
729
2043
1556
1912
1993
142
1862
1943
3663
3176
1812
1762
1275
267
1581
1094
3382
1531
3332
2845
1481
457
2258
894
2614
407
3101
2695
357
2564
2514
2464
1977
3778
207
76
3597
332
3416
3497
1159
3803
1596
3397
1546
2860
3216
2729
959
472
2679
2760
291
2579
2092
241
1911
2348
2298
1811
3662
3612
1274
3481
1224
3512
1661
1174
3381
637
993
2844
1074
2794
587
1024
537
893
487
3050
1199
712
2694
2463
3777
562
75
2363
512
3596
1745
3677
1826
3546
1695
1239
1545
702
1139
652
1008
3165
827
3115
1264
777
2578
727
2528
190
2478
627
140
1941
2297
3611
1760
1841
1354
1660
1966
1479
3330
3280
2793
3230
1379
1329
842
2562
2643
792
2512
2156
2106
2462
2543
692
3776
205
2362
1875
2312
1906
55
2131
280
1644
3495
2081
1594
2031
180
3395
3264
2858
3295
3164
1394
3114
2627
2221
370
2658
3014
320
2527
757
270
3791
445
526
3610
2246
3560
1709
2196
295
1659
3460
2973
3329
1122
3766
2923
1072
1509
2742
3179
2692
2773
3129
791
385
741
2105
610
2898
2411
2311
1824
3675
460
2261
3625
410
1724
3444
1674
1187
3475
1137
1574
1087
3294
1037
550
3244
987
3194
1212
1162
2526
1112
2476
3790
1939
88
2426
575
2376
525
38
2326
475
1839
3509
1658
1252
3459
2922
1071
1558
3228
13
1377
1864
3665
3178
3128
1277
2641
2591
3028
2541
2410
640
2360
590
2310
1954
3624
1773
3574
1804
1673
178
1542
3293
78
1929
3243
1392
2756
2706
855
3143
3012
2525
2606
755
2475
2962
2556
705
2912
2506
168
1888
1969
2325
1838
2631
2144
780
3458
243
3408
1994
143
3308
2771
1407
2590
3027
2540
333
2621
283
589
945
458
2259
895
408
489
2209
2159
308
2109
258
3473
3342
2936
1085
3779
2886
1035
3242
1522
3323
1472
2836
3142
2655
448
935
398
754
2911
1060
573
2424
2811
960
3638
423
2224
1737
2174
1687
3488
3794
3307
1456
1406
919
3563
1225
1175
688
2489
1125
2926
2439
588
51
488
1852
2289
1752
1571
1652
3728
1877
26
1390
3678
1827
1340
753
2554
703
2504
116
2323
553
2354
1867
16
1736
2223
3587
1817
2173
1330
322
141
1505
3793
91
1455
3743
3256
3206
3075
3156
1305
1255
2975
2488
2082
718
2925
2875
1982
131
1851