136 327 597 607 790 796 797 857 858 918 919 973 980 1040 1041 1101 1102 1156 1163 1224 1278 1285 1339 1345 1346 , 2 % 25 , 1
772 779 821 833 840 886 894 909 949 955 962 1004 1008 1016 1030 1031 1069 1077 1091 1138 1145 1187 1193 1199 1206 1260 1267 1315 1321 1328 1370 , 1 % 31 , 1
59 62 99 126 135 151 153 168 184 194 220 231 291 303 341 359 372 377 386 388 394 416 420 463 465 493 516 529 543 560 562 581 606 692 732 740 , 1 % 36 , 1
15 64 71 101 118 128 146 164 205 215 229 238 255 269 324 332 335 411 439 440 475 484 528 549 621 669 743 888 889 895 950 1010 1071 1072 1078 1083 1093 1133 1316 , 3 % 39 , 1
86 93 123 181 230 233 241 280 283 285 286 318 322 374 401 418 421 478 480 502 537 561 612 636 649 667 721 739 764 825 847 908 909 947 1030 1031 1091 1092 1130 1152 1191 1252 1274 1313 , 2 % 44 , 1
62 74 106 121 138 144 182 185 191 203 210 223 251 267 306 308 358 375 383 416 422 423 448 493 552 560 597 602 607 610 684 692 699 701 736 844 851 1027 1042 1172 1210 1217 1233 1271 1278 1294 1333 , 3 % 47 , 1
19 29 51 54 64 82 102 131 136 137 138 152 160 164 206 229 253 263 269 271 274 311 316 340 381 432 434 451 462 464 503 508 530 567 572 594 597 608 613 622 642 664 701 708 720 724 744 , 0 % 47 , 1
7 18 25 34 95 97 172 178 277 285 307 326 419 425 497 502 535 569 583 591 658 711 772 779 787 833 840 848 886 888 894 941 955 962 970 1008 1010 1016 1063 1069 1071 1077 1124 1145 1153 1206 1214 1267 1275 1328 , 2 % 50 , 1
349 765 791 807 820 821 826 827 841 845 866 868 881 882 913 927 929 938 967 988 1003 1004 1035 1049 1051 1064 1096 1110 1112 1131 1146 1150 1165 1171 1186 1187 1192 1193 1207 1211 1226 1232 1244 1247 1248 1254 1268 1272 1287 1293 1301 1303 1305 1309 1340 1356 1365 1369 , 0 % 58 , 1
26 156 189 217 222 374 380 400 429 494 538 554 593 651 653 666 719 729 748 749 753 771 786 793 819 832 847 854 880 893 915 964 969 976 1002 1015 1037 1076 1098 1137 1139 1147 1159 1185 1198 1200 1208 1213 1220 1246 1259 1261 1269 1281 1307 1320 1322 1330 1335 1342 1368 , 2 % 61 , 1
2 11 70 88 101 127 171 178 181 198 237 245 256 281 310 387 403 497 518 523 590 599 625 633 635 644 660 672 721 778 800 801 814 839 861 862 900 907 922 936 961 983 984 1007 1029 1044 1058 1090 1105 1119 1144 1166 1167 1180 1205 1227 1228 1266 1288 1289 1327 1349 1350 1363 , 1 % 64 , 1
5 12 28 39 83 151 163 200 220 239 271 279 296 303 304 321 370 378 386 388 390 405 406 412 453 463 474 492 506 526 598 619 696 730 751 769 775 805 820 830 836 841 865 881 897 928 952 988 1019 1040 1048 1080 1111 1135 1141 1170 1202 1204 1231 1247 1263 1265 1268 1292 1308 1354 , 3 % 66 , 1
4 17 21 26 30 58 60 119 140 147 155 190 209 213 225 232 246 247 268 288 293 298 300 315 335 337 352 382 410 417 450 457 491 496 559 564 571 578 592 627 632 681 698 750 754 773 781 794 834 842 855 895 903 936 954 956 977 1017 1025 1058 1078 1086 1160 1208 1221 1282 1343 , 2 % 67 , 1
7 97 502 569 583 658 764 766 771 781 786 815 825 827 832 842 847 855 882 888 893 908 937 941 943 947 964 977 998 1010 1015 1037 1059 1063 1065 1071 1076 1098 1120 1126 1130 1132 1137 1139 1147 1152 1160 1181 1191 1193 1200 1208 1213 1221 1248 1252 1254 1269 1274 1282 1309 1313 1315 1320 1330 1335 1343 1364 , 1 % 68 , 1
8 52 54 57 61 111 133 159 177 206 224 265 313 316 317 333 338 353 362 364 392 395 399 431 438 507 517 520 524 541 596 609 634 686 688 690 703 718 784 796 797 845 857 858 906 918 919 967 979 980 1034 1040 1041 1089 1101 1102 1150 1163 1211 1223 1224 1244 1272 1284 1285 1333 1345 1346 , 1 % 68 , 1
15 29 31 50 73 79 100 103 110 126 130 141 143 145 158 175 184 186 192 201 224 231 250 255 282 294 311 312 320 331 349 351 360 415 449 458 514 522 536 545 547 553 558 577 585 620 629 631 632 670 671 672 673 682 683 702 707 710 716 900 914 916 1022 1036 1038 1058 1083 1097 1099 1119 1158 1180 , 2 % 72 , 1
13 25 67 68 69 95 112 149 167 169 179 262 367 430 433 483 488 527 588 595 617 656 657 769 777 780 796 804 823 829 838 857 891 902 918 926 945 958 960 963 979 987 1003 1012 1048 1050 1064 1101 1109 1125 1128 1134 1143 1146 1162 1179 1186 1189 1195 1207 1223 1240 1250 1256 1275 1284 1301 1318 1324 1329 1353 1369 , 3 % 72 , 1
593 766 780 784 799 805 808 815 822 833 848 853 860 869 874 876 878 883 887 902 906 921 927 937 942 943 948 949 963 975 982 988 991 998 1000 1005 1009 1010 1024 1059 1065 1070 1089 1104 1120 1125 1126 1132 1158 1174 1179 1181 1183 1188 1199 1214 1219 1235 1240 1242 1249 1260 1275 1280 1281 1296 1310 1314 1315 1329 1333 1348 1354 1364 1370 , 0 % 75 , 1
765 766 780 815 816 820 821 826 827 841 876 877 881 882 887 901 902 937 938 942 943 948 949 963 998 999 1003 1004 1009 1023 1024 1059 1060 1064 1065 1070 1077 1084 1085 1120 1121 1125 1126 1131 1132 1138 1146 1181 1182 1186 1187 1192 1193 1199 1207 1242 1243 1247 1248 1253 1254 1260 1268 1303 1304 1308 1309 1314 1315 1321 1328 1329 1336 1364 1365 1369 1370 , 2 % 77 , 1
18 25 50 93 100 189 277 285 307 311 318 326 401 419 425 429 535 545 554 558 571 577 585 591 629 636 707 739 753 773 793 794 816 819 834 854 876 877 880 895 903 915 916 938 954 956 969 976 999 1002 1017 1025 1038 1060 1065 1078 1086 1099 1121 1124 1139 1159 1182 1185 1198 1220 1242 1243 1259 1261 1281 1303 1304 1322 1342 1365 1368 , 1 % 77 , 1
3 19 22 24 27 72 108 109 120 135 136 144 162 218 223 287 323 343 354 355 372 381 384 393 420 426 434 441 442 455 482 512 521 531 542 563 572 576 611 646 655 695 713 726 732 756 759 783 790 805 806 866 867 905 906 912 927 966 973 989 1028 1034 1049 1088 1089 1095 1110 1135 1149 1156 1171 1196 1232 1257 1293 1332 1339 1355 , 3 % 78 , 1
18 42 46 76 107 154 166 195 197 208 249 252 277 278 286 295 297 305 307 345 385 391 395 414 425 470 473 490 509 525 535 548 556 565 567 575 586 587 591 650 693 711 717 731 762 768 787 813 848 864 874 878 890 909 925 942 951 970 1003 1013 1024 1047 1073 1074 1085 1153 1169 1183 1192 1214 1230 1244 1275 1291 1305 1309 1311 1317 1326 1345 1362 , 3 % 81 , 1
4 15 21 26 29 58 66 73 95 103 110 119 130 143 145 156 157 158 165 175 186 188 190 201 228 250 255 268 282 286 300 315 318 320 335 351 352 360 371 415 445 449 450 458 491 494 496 547 553 590 620 625 632 639 651 652 653 663 670 671 681 682 683 689 698 702 705 711 716 725 733 741 750 788 849 910 971 1022 1032 1083 1093 1154 1185 1215 1246 1276 1307 1337 , 1 % 88 , 1
1 5 15 24 29 32 38 40 50 55 62 66 71 72 73 74 81 85 88 91 92 101 104 113 121 128 135 142 150 164 165 171 188 193 196 203 205 210 214 223 245 250 255 272 276 281 292 308 309 325 327 342 346 371 379 387 398 408 416 422 438 439 458 468 484 507 518 534 539 544 545 557 558 560 563 568 580 582 585 590 624 625 633 640 652 660 669 683 685 705 707 712 713 718 722 737 743 746 750 755 , 0 % 100 , 1
16 35 36 44 52 53 56 58 60 65 67 80 93 96 106 108 109 115 118 125 149 155 156 163 179 183 189 207 212 221 228 234 239 243 244 256 259 261 264 273 282 290 294 301 304 317 319 333 348 356 358 360 363 378 385 396 399 403 429 445 446 455 461 467 473 474 481 489 491 493 494 504 505 512 527 532 536 542 553 554 566 573 575 583 595 601 602 614 630 638 644 645 651 655 662 672 678 688 689 710 714 717 730 734 753 754 757 918 , 0 % 108 , 1
3 5 19 22 24 28 39 41 45 47 62 72 74 98 106 108 121 135 138 139 144 153 176 191 202 203 207 210 211 212 223 254 267 270 271 308 321 323 354 376 378 381 383 389 393 412 414 416 422 434 442 448 453 495 531 551 552 560 563 572 573 602 607 611 615 662 677 692 699 701 713 756 775 783 803 836 844 851 864 897 905 912 925 958 966 979 986 1019 1027 1034 1047 1080 1088 1095 1102 1108 1141 1149 1162 1169 1202 1210 1217 1223 1230 1231 1263 1271 1284 1291 1324 1332 1352 , 2 % 113 , 1
3 5 13 19 22 24 28 33 39 45 47 67 72 74 98 106 108 109 112 120 121 124 134 136 138 144 153 163 173 179 185 191 200 202 203 211 219 223 227 236 239 244 251 254 266 267 270 271 284 287 304 305 308 321 323 327 343 350 354 358 370 375 381 383 384 389 393 412 416 422 426 427 433 434 441 442 448 453 455 474 481 492 495 512 531 542 551 552 563 572 576 597 602 604 607 646 650 655 656 673 677 684 695 699 701 713 727 730 738 742 756 1225 1286 , 1 % 113 , 1
7 9 12 31 46 49 63 75 83 90 97 106 111 114 117 132 140 141 147 154 158 174 180 187 192 197 208 209 232 235 242 246 247 257 262 265 279 285 293 295 299 302 307 312 313 318 329 331 339 362 369 370 373 380 391 401 402 410 414 419 424 425 430 433 454 456 479 490 502 506 514 517 523 526 535 548 555 556 559 564 565 569 571 578 586 591 618 626 627 631 635 636 659 665 672 681 693 696 711 719 739 751 761 796 911 917 924 925 979 1033 1040 1094 1101 1162 1338 1339 1345 1352 , 0 % 118 , 1
27 30 33 45 47 59 95 124 134 182 202 224 390 397 509 561 588 610 617 649 657 687 721 729 736 769 771 774 775 778 782 788 801 804 810 811 824 831 835 836 843 849 865 871 872 879 884 891 893 895 897 900 903 916 926 931 954 956 957 958 984 987 993 994 1006 1013 1015 1017 1018 1019 1022 1038 1048 1053 1054 1055 1067 1074 1076 1078 1080 1083 1086 1099 1109 1114 1115 1116 1129 1136 1140 1141 1148 1154 1167 1170 1176 1177 1184 1190 1197 1201 1202 1209 1215 1231 1237 1238 1251 1258 1262 1263 1270 1276 1292 1298 1299 1318 1320 1322 1327 1334 1343 1358 1360 , 0 % 125 , 1
1 23 52 53 82 92 100 114 131 150 161 207 212 244 263 266 289 299 302 309 313 317 318 326 376 397 399 407 419 432 452 459 460 468 481 485 505 534 538 551 566 571 573 579 580 589 605 624 629 658 662 676 679 685 687 688 722 724 729 737 738 742 744 765 803 811 812 817 821 826 868 871 872 873 876 877 879 882 884 899 901 908 935 939 982 986 996 999 1000 1006 1021 1057 1061 1067 1082 1092 1108 1118 1122 1165 1173 1177 1178 1184 1187 1192 1226 1234 1237 1238 1239 1245 1248 1253 1287 1295 1298 1299 1300 1304 1306 1336 1352 1362 1366 1370 , 3 % 126 , 1
35 36 43 44 46 48 52 53 56 77 84 87 113 114 116 117 125 132 149 167 169 183 187 196 197 199 204 208 221 240 243 257 260 263 264 273 275 289 292 295 296 301 328 339 344 366 385 391 397 402 405 407 409 424 430 437 444 454 468 469 471 472 473 477 483 485 486 490 499 504 513 515 519 526 527 530 533 548 566 584 595 598 600 614 616 623 626 637 638 641 643 645 648 661 665 675 676 679 686 687 697 700 704 712 717 723 735 737 747 752 776 791 837 852 898 913 959 974 1020 1035 1081 1096 1142 1157 1203 1218 1264 1279 1325 1340 , 1 % 130 , 1
10 17 18 23 25 26 43 68 79 87 90 119 159 166 167 190 192 204 213 216 217 222 225 249 268 277 278 286 287 297 298 305 314 330 337 338 343 353 372 382 392 395 400 409 417 431 435 441 444 452 457 459 460 466 470 480 483 488 499 501 521 525 538 546 574 579 587 589 592 596 598 600 605 641 646 648 658 666 674 679 686 694 703 723 731 738 742 745 748 749 789 790 797 803 850 857 905 912 919 972 973 978 980 985 986 1034 1039 1046 1047 1088 1093 1095 1100 1102 1107 1108 1155 1156 1161 1163 1168 1169 1217 1223 1230 1284 1319 1332 1344 1346 1351 , 0 % 131 , 1
11 15 29 51 55 58 73 79 84 86 89 96 102 104 123 129 140 143 147 152 160 171 172 198 215 230 237 246 253 257 258 272 274 280 322 325 331 334 342 346 363 365 369 387 398 408 410 415 449 450 458 464 496 508 511 539 544 550 557 559 564 590 594 608 613 622 632 633 642 660 664 702 706 719 720 750 754 755 758 760 764 766 767 778 793 828 886 900 910 944 947 949 965 971 976 978 1005 1008 1011 1017 1022 1032 1037 1038 1044 1066 1068 1069 1079 1086 1087 1098 1099 1100 1127 1130 1132 1139 1140 1148 1154 1188 1194 1255 1313 1315 1322 1323 1327 1331 1337 1342 1344 1349 1371 , 3 % 135 , 1
99 126 194 200 220 227 231 291 359 377 386 388 394 420 463 465 516 562 581 593 604 684 727 732 740 767 772 786 787 792 793 800 812 813 817 823 825 828 829 838 840 846 847 854 861 870 873 880 888 914 930 939 944 950 955 960 968 969 970 976 983 995 996 1008 1012 1016 1028 1036 1043 1052 1056 1057 1061 1063 1066 1071 1085 1097 1113 1117 1118 1122 1127 1128 1130 1133 1138 1143 1145 1151 1152 1153 1159 1166 1178 1180 1185 1189 1191 1194 1195 1196 1204 1206 1208 1212 1213 1220 1227 1236 1239 1241 1246 1250 1252 1255 1256 1265 1267 1269 1273 1274 1281 1282 1288 1297 1300 1302 1307 1321 1336 1341 1357 1362 1366 1371 , 0 % 136 , 1
0 1 9 10 12 14 20 23 27 32 40 41 42 68 69 76 78 80 82 83 90 92 107 122 131 137 139 150 154 161 162 163 166 176 182 195 207 208 210 212 218 249 252 262 278 279 297 299 302 306 309 314 340 345 349 355 356 357 367 373 376 378 390 406 414 423 432 435 451 452 459 460 461 462 467 470 482 487 488 505 506 509 521 525 534 546 556 565 566 567 573 574 575 579 580 586 587 588 589 605 610 611 615 617 619 624 657 662 674 677 685 693 696 715 722 724 726 731 736 744 746 751 759 798 806 859 867 920 928 981 989 1042 1050 1103 1111 1164 1172 1233 1294 1347 1355 , 1 % 141 , 1
13 34 86 107 122 123 151 168 172 173 184 185 195 219 230 236 241 284 303 322 341 345 350 374 418 421 426 427 478 492 529 543 606 612 656 673 762 764 768 773 777 779 781 785 794 809 814 819 830 832 834 839 842 855 862 875 886 889 890 894 899 901 907 908 909 915 922 934 935 936 941 945 947 951 952 961 962 964 977 992 997 1002 1008 1011 1021 1023 1025 1029 1030 1031 1037 1044 1058 1069 1072 1073 1077 1082 1084 1090 1091 1092 1098 1105 1118 1119 1124 1134 1135 1137 1139 1144 1147 1160 1175 1198 1200 1205 1221 1228 1238 1245 1257 1259 1261 1266 1289 1306 1311 1313 1316 1317 1326 1328 1330 1334 1335 1342 1349 1361 1363 1368 , 0 % 142 , 1
23 38 51 53 64 69 107 113 114 116 125 142 160 166 167 169 177 183 195 196 215 227 240 243 249 251 252 253 260 262 275 287 296 302 305 313 314 343 344 345 366 372 375 384 390 395 435 438 441 452 460 472 477 507 519 521 525 526 574 576 579 587 589 594 595 604 605 608 616 623 637 646 664 674 679 685 693 695 697 700 704 708 712 718 727 746 762 769 795 809 818 823 830 838 845 856 870 879 884 891 904 917 923 931 945 951 952 978 992 994 1001 1006 1013 1026 1045 1053 1055 1067 1074 1100 1106 1114 1128 1135 1161 1184 1189 1196 1204 1216 1222 1236 1245 1250 1257 1283 1297 1306 1311 1318 1344 1358 1367 , 2 % 143 , 1
4 21 41 42 61 69 77 78 133 139 145 162 169 170 176 178 181 218 226 233 248 251 252 266 280 283 288 296 300 306 315 320 326 351 352 355 375 384 404 405 406 407 423 436 437 469 471 476 482 495 497 498 522 524 533 537 576 584 610 615 619 643 650 661 667 668 671 675 676 677 691 695 716 726 728 747 752 759 763 770 783 795 802 818 844 851 856 858 863 864 885 892 896 904 910 923 926 932 933 940 946 953 965 966 971 1001 1007 1014 1026 1027 1032 1041 1045 1062 1068 1075 1079 1087 1106 1123 1149 1210 1216 1217 1222 1224 1229 1230 1271 1277 1278 1283 1285 1290 1291 1312 1323 1324 1331 1337 1350 1353 1359 1367 , 0 % 144 , 1
0 1 9 10 14 20 32 40 48 54 57 67 76 80 82 90 92 109 112 120 131 137 150 161 163 179 199 206 219 239 244 263 278 284 292 299 304 306 309 316 333 340 356 357 358 364 370 373 427 432 433 451 455 459 461 462 467 468 474 481 485 486 487 493 505 512 513 515 530 534 542 546 567 580 588 609 617 624 634 655 657 690 715 722 724 730 737 744 768 789 802 804 810 811 829 850 863 865 871 872 890 911 924 926 932 933 958 972 985 987 993 994 1012 1033 1039 1046 1048 1054 1073 1094 1107 1109 1115 1116 1134 1155 1168 1170 1176 1177 1195 1216 1229 1231 1237 1238 1256 1277 1290 1292 1298 1299 1317 1338 1351 1353 1359 1360 , 2 % 148 , 1
0 2 3 6 8 11 14 22 37 39 48 70 76 84 85 89 94 98 100 103 105 110 112 116 120 127 129 130 143 144 146 148 153 157 161 175 177 186 191 198 201 211 237 238 240 254 258 260 267 270 275 289 310 321 323 324 328 332 334 335 336 342 344 347 354 357 361 365 366 367 368 376 383 389 393 411 412 413 415 428 440 442 443 445 447 448 449 450 453 472 475 477 485 486 487 496 500 510 511 519 520 528 531 540 541 547 549 550 551 552 570 577 595 599 603 609 611 616 620 621 623 628 629 632 637 639 647 653 654 663 670 680 682 692 697 698 699 700 702 704 706 709 715 725 733 735 741 756 758 760 , 0 % 150 , 1
34 37 55 81 86 89 94 96 105 118 123 128 129 140 146 148 164 172 205 214 217 222 229 230 235 238 241 248 258 259 294 298 312 319 322 324 331 332 334 347 363 365 369 404 408 417 418 421 436 439 440 456 476 478 484 514 522 528 532 536 539 544 549 550 564 570 593 612 613 621 628 631 666 678 706 710 728 734 743 749 755 758 789 802 811 812 813 818 850 856 863 872 873 874 879 896 899 904 911 917 921 924 931 933 934 935 940 972 975 985 994 995 996 1001 1018 1021 1033 1039 1043 1046 1053 1055 1056 1057 1062 1094 1100 1104 1107 1114 1116 1117 1118 1123 1155 1168 1177 1178 1179 1184 1197 1216 1229 1238 1239 1240 1245 1258 1277 1290 1299 1300 1301 1306 1338 1351 1360 1361 1362 1367 , 1 % 160 , 1
2 11 13 27 33 43 49 61 65 66 70 77 88 89 94 99 101 105 118 122 127 129 133 151 157 159 165 168 171 173 174 182 185 188 198 200 220 228 235 236 237 245 256 259 272 281 303 310 324 329 330 334 338 350 353 355 359 362 371 377 386 387 388 392 398 403 413 420 426 431 437 440 445 456 463 466 469 475 479 492 501 510 516 517 523 524 532 540 549 590 599 601 610 621 625 628 633 635 639 641 643 644 652 656 660 663 678 684 689 694 703 705 714 725 732 733 734 736 741 745 757 778 788 792 814 822 839 849 853 875 883 907 910 944 950 961 971 975 997 1005 1029 1066 1090 1127 1144 1151 1154 1158 1166 1180 1188 1205 1215 1219 1241 1249 1266 1273 1276 1280 1302 1310 1327 1337 1341 1349 1363 1371 , 2 % 168 , 1
30 60 63 71 102 104 141 147 152 155 170 192 209 226 232 233 246 247 272 274 276 280 283 293 342 346 374 380 398 400 410 411 413 428 464 475 480 498 503 508 537 538 540 557 559 561 578 582 622 627 640 642 649 667 668 669 691 694 719 720 729 748 754 760 763 767 770 774 782 785 792 795 808 809 822 824 828 831 835 843 846 853 869 870 875 883 885 889 892 914 923 930 944 946 950 953 957 961 965 968 978 991 992 997 1005 1007 1011 1014 1018 1026 1036 1045 1052 1066 1068 1072 1075 1079 1087 1097 1106 1113 1127 1129 1133 1136 1140 1148 1151 1158 1161 1174 1175 1188 1190 1194 1201 1209 1212 1219 1222 1235 1236 1241 1249 1251 1255 1258 1262 1270 1273 1280 1283 1296 1297 1302 1310 1312 1316 1319 1323 1331 1334 1341 1344 1357 1358 1371 , 1 % 168 , 1
6 37 46 55 63 71 75 78 81 85 87 91 96 102 104 124 132 134 146 148 170 193 194 204 214 218 226 234 238 242 248 257 258 261 265 276 290 317 319 325 332 336 342 346 347 348 361 363 365 369 379 391 392 397 402 404 405 406 407 408 411 423 428 436 437 443 444 447 454 464 465 471 476 482 483 488 498 499 500 508 511 518 528 529 533 541 544 548 550 555 557 562 568 570 582 584 586 596 598 600 603 606 613 619 622 626 630 647 648 654 659 661 665 668 669 675 680 686 687 691 706 723 726 728 740 747 759 760 767 776 785 800 807 808 828 837 846 861 868 869 885 889 892 921 922 928 929 930 959 968 983 990 991 1007 1011 1014 1032 1035 1043 1044 1050 1051 1052 1068 1072 1075 1093 1096 1104 1105 1111 1112 1113 1133 1142 1165 1173 1174 1194 1203 1212 1226 1227 1234 1235 1255 1264 1287 1288 1295 1296 1316 1325 1334 1348 1356 1357 , 2 % 197 , 1
0 4 7 8 9 10 14 20 21 26 32 35 36 40 48 50 54 61 77 78 80 90 137 141 145 158 170 183 189 196 204 206 209 222 226 248 260 264 285 298 300 314 315 320 328 333 340 349 351 352 356 357 373 374 400 401 404 417 435 436 437 451 461 462 466 467 469 471 476 480 481 486 487 498 499 504 515 519 522 533 545 546 553 569 574 577 578 583 584 585 596 609 616 635 643 645 661 668 671 674 675 679 686 689 691 715 716 723 725 728 747 748 749 752 772 799 807 809 810 815 816 818 831 833 840 847 860 863 870 921 929 931 932 933 934 937 948 990 992 993 994 995 998 1001 1004 1009 1023 1030 1031 1054 1055 1056 1059 1060 1065 1070 1084 1091 1104 1112 1114 1115 1116 1117 1120 1126 1131 1145 1151 1152 1158 1160 1176 1197 1199 1206 1212 1213 1219 1221 1229 1236 1242 1243 1258 1260 1267 1269 1273 1274 1290 1297 1303 1314 1356 1359 1360 1361 1365 1367 , 3 % 200 , 1
2 30 43 49 60 63 65 87 93 97 103 110 111 115 116 119 127 130 133 155 157 175 177 180 181 186 187 190 199 216 217 224 228 232 235 242 243 247 250 265 268 275 282 290 292 293 294 311 312 316 319 329 330 338 353 360 364 366 368 371 380 392 409 429 438 445 446 472 477 478 479 494 501 502 507 513 520 523 524 530 536 554 555 558 593 596 618 620 627 636 639 641 648 653 659 663 666 670 672 681 682 690 700 704 707 709 712 721 739 745 746 757 770 779 781 785 786 789 794 801 802 808 819 824 832 842 846 850 853 855 861 862 869 875 880 887 894 907 911 914 915 916 924 930 938 940 943 946 953 955 962 968 969 975 977 984 985 991 1016 1033 1043 1046 1051 1053 1062 1063 1077 1107 1113 1121 1123 1129 1136 1138 1147 1159 1167 1168 1174 1175 1181 1182 1185 1190 1208 1216 1228 1235 1241 1246 1251 1259 1273 1277 1280 1282 1288 1289 1296 1302 1307 1321 1328 1335 1348 1351 1358 1364 , 3 % 208 , 1
6 16 17 31 38 49 51 64 65 75 79 85 91 115 142 160 174 180 193 213 215 216 225 234 242 253 261 269 288 290 312 325 329 330 336 337 348 361 368 379 382 396 443 446 447 457 466 479 489 500 501 510 511 555 568 592 594 601 603 608 618 630 647 654 659 664 680 708 709 714 745 757 761 762 768 769 775 777 783 790 799 803 804 805 807 810 817 823 829 830 836 838 844 851 860 864 865 866 868 871 878 884 890 891 897 905 906 912 925 926 927 929 932 939 945 951 952 958 960 966 973 982 986 987 988 990 993 1000 1006 1012 1013 1019 1027 1028 1047 1048 1049 1051 1054 1061 1067 1073 1074 1080 1082 1088 1095 1108 1109 1110 1112 1115 1122 1128 1134 1135 1141 1143 1149 1156 1162 1165 1169 1170 1171 1173 1176 1183 1189 1195 1196 1202 1204 1210 1217 1226 1230 1231 1232 1234 1237 1238 1244 1250 1256 1257 1263 1265 1271 1278 1287 1291 1292 1293 1295 1298 1305 1311 1317 1318 1324 1326 1332 1339 1348 1352 1353 1354 1356 1359 1366 , 1 % 211 , 1
8 12 16 35 36 42 44 52 56 59 68 83 84 111 115 117 128 132 149 152 154 162 164 180 187 197 205 208 216 221 229 252 264 266 269 273 274 279 289 291 295 297 301 328 339 341 367 368 385 394 396 399 409 424 430 439 446 464 470 473 484 489 490 503 504 506 509 520 527 539 543 556 565 566 575 581 614 618 638 640 642 645 650 676 688 696 709 717 720 731 735 738 742 743 751 752 755 758 761 763 770 774 777 782 784 791 798 799 801 805 806 812 813 817 824 831 835 843 852 859 860 862 866 867 873 874 878 896 898 899 906 913 920 927 934 935 939 940 946 953 957 960 965 967 974 981 982 984 988 989 995 996 1000 1018 1020 1021 1028 1042 1049 1056 1057 1061 1062 1079 1081 1082 1087 1089 1103 1110 1117 1118 1122 1123 1129 1136 1140 1143 1148 1150 1157 1164 1167 1171 1172 1175 1178 1179 1183 1190 1197 1201 1209 1211 1218 1225 1228 1232 1233 1239 1240 1244 1251 1258 1262 1265 1270 1272 1279 1286 1289 1293 1294 1300 1301 1305 1312 1319 1323 1326 1331 1333 1340 1347 1350 1354 1355 1358 1361 1362 1366 , 2 % 231 , 1
6 16 17 31 34 37 38 44 56 57 66 70 75 81 85 88 91 93 94 113 117 125 132 142 143 148 156 159 165 174 178 188 192 193 201 213 214 221 225 233 234 240 241 245 256 259 261 273 276 281 283 288 301 310 336 337 339 344 347 348 361 362 379 382 396 402 403 418 421 424 428 431 443 444 447 454 456 457 489 491 497 500 503 510 514 517 518 532 537 541 547 561 568 570 582 592 599 600 601 603 612 614 623 625 626 628 630 631 634 637 638 639 640 644 647 649 651 652 654 665 667 678 680 683 694 697 698 703 705 708 710 714 718 733 734 735 741 753 761 763 771 773 774 782 788 792 795 800 814 822 825 827 834 835 839 843 849 854 856 883 885 892 893 896 903 904 917 922 923 936 941 954 956 957 961 964 972 978 983 997 1002 1007 1014 1015 1018 1025 1026 1029 1036 1039 1045 1052 1058 1075 1076 1090 1094 1097 1105 1106 1119 1124 1137 1144 1155 1161 1166 1180 1191 1193 1198 1200 1201 1205 1209 1215 1220 1222 1227 1249 1252 1254 1261 1262 1266 1270 1276 1281 1283 1310 1312 1319 1320 1330 1334 1338 1341 1343 1350 1357 1363 1368 , 3 % 242 , 1
30 561 649 729 774 782 824 831 835 843 957 1018 1129 1136 1140 1148 1190 1201 1209 1251 1258 1262 1270 1334 1358 , 0 1 % 25 , 2
44 56 113 117 125 132 221 240 273 301 339 344 402 424 444 454 600 614 623 626 637 638 665 697 735 , 1 3 % 25 , 2
59 509 774 782 801 824 831 835 843 957 984 1018 1129 1136 1140 1148 1167 1190 1197 1201 1209 1251 1258 1262 1270 1358 , 0 2 % 26 , 2
42 154 197 208 252 295 297 385 470 473 490 509 556 565 575 650 717 731 813 874 878 1183 1244 1305 1326 1362 , 2 3 % 26 , 2
17 79 213 216 225 330 337 382 457 466 501 592 745 790 803 905 912 973 986 1047 1088 1095 1108 1156 1169 1217 1230 1332 , 0 1 % 28 , 2
49 63 97 111 180 187 232 235 242 247 265 293 312 329 380 479 502 523 555 618 627 636 659 672 681 739 911 924 1033 , 0 3 % 29 , 2
37 55 81 96 146 148 214 238 248 258 319 332 347 363 365 369 404 408 436 476 528 544 550 570 613 706 728 921 1043 1104 , 1 2 % 30 , 2
3 19 22 24 72 108 135 144 223 323 354 381 393 434 442 531 563 572 611 713 756 783 905 912 966 1034 1088 1095 1149 1332 , 2 3 % 30 , 2
16 44 56 93 125 156 221 234 256 259 261 273 301 348 396 403 489 491 532 601 614 630 638 644 651 678 710 714 734 753 , 0 3 % 30 , 2
78 170 218 226 248 404 405 406 407 423 436 437 471 476 482 498 533 584 619 661 668 675 691 726 728 747 759 885 892 1007 1014 1032 1068 1075 , 0 2 % 34 , 2
152 274 464 503 640 642 720 763 770 774 782 824 831 835 843 946 953 957 965 1018 1079 1087 1129 1136 1140 1148 1175 1190 1201 1209 1251 1258 1262 1270 1312 1319 1323 1331 1358 , 1 2 % 39 , 2
