420
249
3202
3711
13
2509
1078
1031
3169
2855
1824
1587
3132
2027
3641
305
1342
280
1917
3692
3225
36
1684
1847
373
3318
1147
1100
3238
703
2141
3248
2716
258
888
59
1077
3386
767
2442
100
396
3131
63
2809
141
771
3390
151
2947
2401
489
2794
2910
2586
1424
1271
2465
1434
2331
2877
1846
2210
2039
535
1354
794
3663
1309
465
2599
3247
840
1859
2507
1076
3501
395
1822
1869
3177
558
1498
2645
187
2808
2025
3686
2655
1340
2284
1132
822
604
1544
3015
3361
2330
2093
2960
3316
2048
326
2631
1363
2011
2890
2423
701
3246
627
1567
1901
1609
2190
1075
1238
3547
1868
3339
1594
349
1405
16
2228
724
2792
1131
3269
1761
3222
450
279
1706
2117
3232
242
872
2376
3199
1224
2418
914
2885
446
2121
792
955
3107
3574
39
1774
2422
3616
747
1307
1937
3245
473
1729
418
3037
265
2399
66
2982
4
1200
1830
1659
2490
348
2653
1288
70
3301
2816
2282
311
941
2608
3268
1760
2954
3602
2995
3806
871
1060
3435
2167
3781
608
2046
3791
1015
3106
1361
334
964
2097
843
126
2977
1728
2351
676
1876
3184
1038
2652
194
1621
2815
310
2073
732
2236
3230
3059
2745
240
699
3022
2537
3197
2166
1852
2329
1014
170
745
592
125
1782
2259
893
2397
685
218
1875
1408
1092
2772
1657
3128
259
2443
2290
2606
23
101
1921
2744
2907
87
661
1851
2328
290
332
3581
2466
2629
3744
1781
1314
1944
917
3415
1736
1518
2396
837
1244
2188
3619
629
2934
2697
1036
2151
1295
985
3137
1174
3720
3483
3646
1967
3057
2493
522
1712
1971
2164
1850
2327
1059
3321
2053
3113
906
123
1063
3251
2220
2049
3043
1364
3673
3206
683
216
2187
1090
3181
2150
3756
58
1457
68
776
3511
2243
1128
447
3696
410
1896
2544
869
1641
614
2118
1804
1270
789
3371
2256
1942
3534
2419
3413
544
707
3089
1114
270
1460
1289
682
845
474
1664
983
67
1619
3394
308
2613
1127
567
2872
979
196
868
3487
3440
497
1020
3741
502
53
1854
543
2047
706
1992
2640
2469
3463
844
2978
2195
3626
691
1826
1673
3134
3764
2515
2241
566
1756
2404
1919
2033
358
3694
237
3486
1219
659
2909
797
1441
2884
52
130
760
1779
705
1112
1742
223
1946
472
635
1825
2940
3417
264
894
427
65
1617
2611
1409
2403
3347
728
2250
2079
3226
454
1394
2607
1176
3601
2170
1969
3277
2963
1848
287
2908
88
796
1440
959
1603
2893
1232
922
333
2467
963
1370
1199
3624
3416
8
3142
74
2286
19
3183
2402
2031
1338
3647
2453
2332
2962
1301
1694
667
620
1810
3165
2917
2383
50
587
1740
2217
713
2847
342
1532
1161
3003
3633
1087
425
2559
3207
2522
1254
573
106
2823
2040
244
110
1129
819
1930
448
1638
1267
3109
2545
1277
2891
2424
3368
341
2008
2638
3298
2984
2929
3424
2939
1624
780
943
1883
27
572
1828
1045
2488
517
3645
309
2614
3492
1346
1692
3284
665
1855
2970
294
2915
3793
1484
1017
457
1600
2641
1276
498
2336
2215
3159
1651
3330
387
169
2637
3001
3297
1369
3631
1952
688
2145
2308
804
2938
3052
225
1882
1415
3506
2075
3353
1924
1207
993
526
2201
1716
155
2710
3654
664
3695
1549
238
248
201
831
3700
1067
757
710
2844
386
2224
720
549
2854
2307
2937
3051
2566
2729
1881
3352
1836
1599
2247
307
2612
937
317
2622
3282
2797
3445
826
2913
2130
455
1645
2923
247
48
1284
593
1696
1812
501
2005
3579
177
2427
1159
2153
2946
1297
441
2357
2320
2149
3143
75
153
1343
1973
946
2796
3444
2176
3291
3018
3648
409
3374
1695
2889
1228
1858
3319
547
98
2481
1366
2644
302
3467
1788
3249
3420
2218
1904
3212
1459
852
778
3350
2082
1051
3360
1214
370
1560
1389
3698
533
2620
2449
1505
2078
107
2412
737
2958
3072
2587
245
2550
3027
2342
1791
958
1602
338
1787
1120
268
2573
3767
602
3221
69
2736
231
2365
1203
1833
1050
1680
3141
3771
3304
2295
1981
3605
2174
670
3234
462
3081
1652
2129
625
1347
3656
1693
1226
666
2504
1018
708
3327
1648
174
2012
337
2642
1374
1319
3628
2434
1949
759
2780
3257
1329
1578
504
3002
230
2364
31
2527
2873
3303
2035
2294
2239
1925
2869
2086
2202
2595
873
406
2711
3655
1443
2387
1072
828
2896
1027
717
3336
3118
1610
3748
128
2433
2062
1577
2225
896
2734
3678
276
2363
3011
2526
2289
1095
1623
359
2901
2664
1299
989
1470
2609
322
3724
952
2085
1771
1304
3242
623
3034
2502
827
3792
3325
1016
2924
1809
965
3117
2803
345
2479
2432
3539
137
12
2988
3473
1910
2733
2362
687
2525
1039
479
3348
650
2317
3311
80
1632
1395
3570
1187
113
743
2029
525
3653
2385
1233
2511
836
1492
2686
715
2849
181
344
2478
507
191
919
3538
2060
548
2853
2070
1585
2015
3676
1701
3209
1093
849
2371
3802
2316
812
575
2880
1048
2825
2291
3722
1260
950
779
1890
1302
742
3069
1561
534
297
2918
2384
413
2547
3662
2394
1279
205
1862
3236
343
973
2477
3755
57
918
1792
1955
394
1117
1747
436
2904
3801
1121
440
603
2737
3731
1185
2463
1348
1978
904
2972
1311
162
1861
834
2968
3591
3124
2476
2810
2486
2602
3328
709
1583
2013
3054
3800
2198
2532
3476
2161
2791
820
2499
3147
2833
79
32
740
2874
3522
1213
3697
1722
2666
3030
3660
2555
2337
833
1240
680
2300
2759
1281
254
3753
2388
55
3382
392
3708
1582
2230
2059
555
1745
718
3053
3683
347
281
1537
3638
2160
485
1912
2790
994
2115
3776
3558
156
1976
1259
3521
2883
912
3239
2391
1142
3451
115
1772
1305
624
2758
3406
416
1290
2484
64
3544
142
772
2439
3270
3099
1907
1591
183
2530
1165
3474
3637
3266
3308
439
785
3196
577
1767
2827
2553
3497
878
3613
211
1151
2345
3460
2975
2508
299
1489
2137
2483
7
3380
1864
1081
3706
2057
716
3335
2067
3681
2650
1535
1382
234
2321
275
2580
438
1628
1094
401
1049
2414
1558
2673
702
2836
3200
210
1933
1150
669
622
414
1451
3760
62
140
1080
3705
2274
1789
17
3431
562
2696
3690
2575
1163
3005
766
1956
1118
2779
492
1682
2112
437
1627
2905
3565
1419
1983
1266
3575
1145
585
118
3320
2205
997
2835
1186
3028
159
1349
2464
2343
2973
2506
2135
3796
1497
423
61
2969
1872
2848
2302
2695
2858
3125
2811
516
1172
3481
862
2996
2529
2158
2788
1473
228
1885
1418
29
1265
2041
2671
700
3148
529
255
2626
885
1195
1358
3620
3449
2352
677
2764
3587
1612
1241
214
1871
3713
15
2064
1033
723
3342
1913
2857
2074
1542
982
2019
1552
1116
490
719
1126
2787
2903
2120
2579
1427
3518
1773
3365
3244
1565
787
1977
1194
167
1139
1940
458
3
2926
2773
1611
3203
3712
940
1079
1032
351
3133
1704
143
1333
306
3271
2156
1125
1634
1481
3572
2953
2879
1801
3156
537
2842
2624
2004
329
1986
2179
208
838
2142