30502
54816
6171
41091
14328
2855
3799
28610
8064
43767
32904
40524
5070
55740
56151
48541
49485
54635
11143
31010
20661
41722
31803
26198
53524
54468
45914
13036
28003
44275
39375
14489
21948
51734
16798
11236
9864
31612
39120
6870
53083
37604
54277
42220
14743
15687
46667
56331
34948
6704
9957
42568
12953
26555
56850
15951
41208
43766
12786
28697
16719
40772
17051
24339
19189
15251
17560
22539
34003
51469
27053
36571
11935
29729
54976
28261
10834
24152
26461
28599
37603
2261
15437
1939
24671
13637
35813
49415
34164
56169
2344
47081
38811
21251
23389
30598
20146
35646
50974
187
17050
38111
42405
50025
11934
45403
32461
40081
7299
10295
4839
5670
36404
11518
1571
34080
19545
37861
41113
39999
42057
25100
47105
44111
46249
43006
20938
51384
5601
8854
54123
53267
29644
54891
20497
33155
48905
32299
54725
14237
53086
55414
26743
51315
117
22644
29037
42056
44365
42849
10142
43680
26836
5346
53707
10651
32656
7400
11340
1496
26919
32401
4
34539
40270
6099
19196
55575
22546
3898
10044
48380
44271
3198
49148
11242
46164
49667
18687
23054
35389
48047
15018
48556
6798
31970
38363
51382
56430
48649
56269
45406
36851
44970
52590
55158
26487
50790
54473
55667
44021
13041
3197
22638
34102
1852
45474
44647
908
52766
36753
42847
50467
10933
42573
3828
52521
54830
31798
218
29138
41462
12791
976
46510
46339
55857
22818
23933
30438
31553
12909
23243
3651
14518
50647
4845
16293
8528
25126
3989
55421
56081
20342
22651
24789
1944
19125
11617
10932
37956
31288
47370
47199
22734
54658
36336
38645
44739
17584
45399
35651
42939
11176
6551
13994
32746
14424
4751
22044
7578
25825
8693
18875
23242
39153
3650
54481
24695
38297
27434
54990
20586
1860
36497
43956
30001
27160
378
25644
46705
46954
15974
13391
382
5626
28187
54148
30627
3043
21119
216
35401
30862
12369
14678
36854
55606
3385
29140
41837
41054
11268
46102
18625
56359
21725
16825
51066
15969
21025
22219
18184
53458
22478
36251
18693
19123
50464
44199
17607
36760
18018
43798
15024
56182
215
10514
19216
21886
34544
54411
19475
25819
31550
35997
54749
19984
37097
23240
312
19313
821
36950
36779
40461
39244
45338
5879
17078
51158
28469
34279
48052
35394
3834
15282
10513
44746
12822
26424
29927
54410
26933
34553
24350
13066
42246
46100
48238
24717
25377
34895
51847
51857
28635
29750
4684
404
54571
57139
21791
7932
2894
25225
20686
42862
6293
37027
28987
3833
6831
48144
4077
55862
1617
2732
20524
7609
42700
42529
45498
20079
48237
32336
11784
39942
27714
149
22392
1969
41927
37188
27440
32419
17521
42597
18974
2634
52271
43546
2893
50471
35936
28193
54154
3832
54663
53298
2193
18812
481
47038
37119
31386
19991
45497
27175
53136
23521
31924
4340
5284
22416
23076
45252
18205
41143
9985
21031
17075
4692
45594
21290
42351
50470
17613
39334
21907
16757
18283
15030
56971
28569
52872
21892
53835
17172
54246
2730
33694
53899
7333
32334
6477
41397
50401
20615
9226
27267
17348
56197
47927
14105
24283
13249
24792
43544
14090
49536
3331
2216
40389
21382
28558
36178
23006
25315
21891
6667
8976
48934
24630
55698
13606
45950
50929
14266
51770
51599
5816
52200
21220
25667
56896
45079
22673
38834
30792
51853
11365
13674
665
50997
5375
9993
10680
36109
2132
29330
2641
12563
14872
5913
24820
3159
48679
30469
27114
23690
8716
41327
44751
12382
31134
47828
11981
17180
53388
13854
21474
5306
9390
29491
35585
30816
32591
6485
36808
55961
39777
47397
21567
28914
36534
7708
1975
51862
33540
27275
56988
32684
33114
23959
37732
7008
35423
1275
26174
53045
55354
46550
51700
22858
30977
33716
6665
17703
47577
22158
16857
12748
3515
30032
48252
10958
36807
49724
663
54600
10962
40293
25758
55544
2130
46819
7007
43042
21659
51954
8890
46378
16763
42440
7530
12664
45018
53137
24466
16073
35608
11304
8024
19061
30305
26349
16601
56928
55279
2320
52819
49978
53934
23365
21056
11646
48618
53998
18220
37985
16420
52129
19247
10261
5749
28481
35769
17447
39623
11210
21922
35524
30985
3420
33973
41593
2564
17970
49209
56927
19149
17804
23364
9505
26867
20904
4966
37475
5381
23457
31576
28505
33121
42718
32016
28480
49541
56829
1791
22606
48685
23799
17201
41083
56833
9666
42277
31414
597
17710
8981
24748
55194
50151
51095
8281
22248
38330
12500
52827
16947
53487
18047
55541
670
15053
24821
2920
55125
7263
20971
17900
48175
21411
22071
1648
3957
9156
14461
22864
36466
17200
44585
5057
7366
4906
53677
9758
26356
47417
52033
39807
14637
20902
49985
22257
16163
53486
12338
45093
21572
29080
1980
953
2410
32963
40583
15052
54968
43322
3080
15845
52385
43831
253
9581
25064
5472
16260
37321
3956
35521
39204
33471
35780
55192
39713
15238
4880
49216
10728
35080
50942
7458
56934
39023
3520
4464
36812
1299
43566
51186
952
26448
30404
5662
49284
38705
54184
46824
28512
40416
9580
26712
56576
18138
5755
48183
23547
41105
46383
50168
25601
33221
10360
31421
32365
33559
4904
1910
31680
51626
53935
35613
18999
687
25953
52824
49308
18328
56233
32712
46314
19952
51723
13544
26202
251
7099
46407
5754
15427
41868
15936
23556
38772
46392
51542
6703
22871
33220
41623
56419
30055
46920
46749
4198
54369
55983
12526
57108
6003
41706
9256
36556
19438
56932
696
39280
14644
22264
29870
6071
47766
21153
41020
31865
42214
29454
2339
20835
49404
54784
49913
39211
50685
34672
53424
18488
30847
13719
21339
38864
46484
14389
29356
17128
25702
15078
10818
26900
40330
13797
32720
32549
45207
27399
49291
45466
51731
53869
46831
41357
43666
26288
48714
39910
54274
3453
48973
52484
22698
28861
18238
13718
29629
15493
54876
6001
11419
9254
40510
1746
41180
25701
4744
32455
51207
25789
14926
47681
38173
29448
36657
10827
55409
19529
23734
31354
2244
16535
17650
30498
51730
21944
34602
9860
1398
14994
54807
54024
11751
30503
2337
15434
45558
21254
7644
42564
16632
16187
27500
28160
6010
7737
55315
13986
51891
6098
56768
50805
28527
47680
39899
32038
48903
10292
13795
31353
52414
36401
3447
21943
37854
9439
14744
15688
34611
40421
29035
24496
46672
9952
34953
179
54116
39047
48281
18495
5427
24334
3627
24060
36146
15594
36655
37770
18333
7555
17228
49572
40166
56077
48457
45463
51557
530
50363
540
6444
8753
44103
47356
18935
54281
39746
3289
53959
10477
19883
1234
10986
46764
56257
28951
14395
33147
39300
7461
39310
3362
13284
40439
49062
55406
27850
29988
38547
1929
7128
40703
37862
10917
18425
19540
26045
3200
48549
24494
33337
34951
42571
33846
39838
56682
29635
37255
13734
8938
23227
3635
36144
808
53781
41553
54211
31101
29987
32045
48739
40957
367
28093
34437
17059
47354
52504
38629
45838
21250
30597
54906
11679
27609
29918
28440
36060
41039
8428
3125
17416
36398
55321
18076
30435
25535
11683
12877
55580
24679
7836
55663
15175
20325
17484
14490
6451
9019
44110
25187
52513
5595
17577
21533
14324
33335
32650
4235
45137
48561
16192
30860
32998
55149
12093
13991
47539
55159
36142
39395
34626
20608
6979
21019
41899
55672
38544
116
11609
43170
32136
5085
22217
9018
46951
51147
1940
29378
55510
9796
56963
55065
39052
45146
53720
55858
52071
29133
12117
32997
27333
16558
18867
24178
1333
13315
44544
46853
29226
52164
16284
7325
12459
14768
40445
3984
51846
14772
29568
40029
19820
33079
41653
25469
3035
33588
50202
54820
55764
49499
44901
3294
13476
20935
21879
46250
56962
55847
13221
16474
28276
6126
15114
40361
34096
2027
39144
15623
5779
21717
35319
40699
54472
41300
44553
40444
6977
3734
12722
2095
5617
56448
1009
383
3318
18440
23668
11611
39579
28716
41735
2207
20684
15020
11959
34795
5695
28026
35734
30696
43354
56012
13568
14683
29650
6918
18082
8008
15622
6893
56364
46161
22640
8076
35386
30617
3317
46528
49952
56202
26416
34819
5709
32236
34794
6550
7494
35224
2191
28808
52861
29923
50552
558
34887
55948
24968
44551
52171
43446
20869
28377
52528
22130
1707
13405
2367
41141
3991
14858
28631
7141
13390
11874
30626
32935
12304
1775
25221
11448
29668
6823
7767
18271
26674
38217
21905
51236
30185
32494
26508
25030
52699
6133
29477
2024
19303
1168
31892
37884
11271
26067
32332
16148
25382
32841
37718
9723
25891
47896
28630
36250
27774
47641
36607
44227
12303
20706
34308
36617
21366
53461
5208
18804
47734
25568
33687
52610
23768
9909
19048
27622
12371
40641
7859
49343
8690
15903
51328
54752
30277
16573
29231
7330
38294
40734
48242
55701
41928
12474
56361
27690
48751
34214
30790
37183
51851
13662
21282
41932
20167
32424
28468
14102
4258
17605
18720
3314
26668
44226
2468
9032
34033
40127
27617
37031
3666
28306
14170
54497
35231
36175
37369
9908
8714
22573
34909
41834
49342
55436
47043
16313
30276
3759
21722
22666
41418
43976
56634
51596
3059
5368
53650
52535
36522
44142
43027
4683
40033
19404
44651
35926
4517
46534
52094
45678
47987
4521
24906
55352
26681
33969
5191
30975
13064
29758
28031
37378
6130
18112
45516
15901
4080
54589
24974
37632
41417
51595
26074
6482
1713
51429
46279
37974
9559
13670
661
26157
13499
35675
46024
22503
40291
41485
5905
32681
4266
23956
1272
47986
21373
37284
11454
23007
46626
28304
54495
38482
4104
11547
43891
25149
2304
18199
38316
47834
32583
29512
52450
53644
14271
147
17010
43309
44923
44140
52543
16663
36530
36359
10700
49017
46816
55096
39617
23172
44233
32769
35757
11453
13762
43377
56294
3673
34407
19054
43979
29511
36265
55017
929
146
9474
40569
22247
39523
55795
239
10254
25754
49784
56993
1270
12137
15561
22849
36622
53295
18300
34313
23964
11452
16500
49368
24120
16510
16339
9405
33976
4866
29506
20099
37913
42109
2821
22672
1965
13947
44393
17801
40568
47132
25920
26864
51176
44931
56224
27803
7257
33373
22339
19498
18554
38421
45709
1020
44231
23170
38930
40132
40381
15927
39957
14538
5980
36714
41159
31411
25939
46217
3255
47831
7873
55451
24471
45532
40993
14097
53225
47924
16944
21311
15046
18299
50241
35422
18553
26173
51268
41520
38758
50583
52892
48706
19761
27880
47576
7104
12238
28149
5563
52730
23355
42107
13436
15745
42366
53508
7172
4712
17354
44509
5401
19237
3601
5739
40830
44513
14727
22347
7010
1811
3949
88
28055
1899
41074
27904
25854
39706
46381
24998
37656
51869
46215
17544
38605
15744
49977
34506
41431
8649
56476
30646
15328
10789
15837
44767
25501
56740
10089
32265
1810
11742
32803
25060
33463
47574
1903
9411
13351
15489
43475
57077
52308
38604
425
33301
29345
16687
11135
28489
40065
55815
18
33649
52376
20462
8912
18834
19494
38246
39870
47490
52469
7801
56323
45974
18134
28846
41865
42980
51109
29002
36211
11834
8554
55721
34670
29599
10019
56509
12332
35702
53490
44765
19244
15419
22344
37311
29701
41615
21243
11040
340
53676
17796
54615
11388
45107
22701
5143
17125
20989
5652
10287
18578
1044
21145
11226
50075
56067
32546
45204
3695
46657
34600
37398
54012
42548
48711
7638
41080
27988
17286
24745
25689
19595
45272
23889
34248
3088
14919
44171
50515
51459
43849
19433
9589
25527
7799
7544
10540
16532
18841
35098
10633
25600
26544
51791
5837
39461
13631
15769
54104
18234
8561
52314
47164
17378
18493
43065
27052
55821
21417
24841
24
1835
24396
13533
33400
55405
9852
26450
4300
20297
18840
26460
9436
37147
39456
26817
5327
17309
11576
13885
876
44101
16179
36046
43764
11669
40770
37244
41029
45647
38697
11140
12084
28778
47701
17915
55649
47256
24929
19779
51721
54974
37846
1560
26029
40946
18668
21519
39988
15684
34436
36745
44864
49912
10641
39039
25696
38354
12524
50962
27740
34245
35360
54905
7987
51911
52571
2944
27050
22795
29188
268
10817
56514
32797
21684
23993
36651
22878
9689
40955
21518
38089
52757
37938
33501
44080
34944
22716
19092
30336
14323
21077
57105
51372
174
29094
37497
43762
56420
27578
54904
46056
267
34087
53010
29187
22109
9595
24418
2517
20994
32287
55657
23733
45738
52663
1842
39199
13369
48203
10909
790
10404
7124
51562
48036
873
6278
7643
31529
39037
33842
39041
16714
38719
1318
45644
3093
28526
25532
12091
33152
55656
53357
36229
44803
42743
38787
9178
29983
53102
23316
8493
56071
3724
30241
32379
2609
48461
39736
46661
53870
48799
8327
20841
5333
7642
882
35896
52510
8331
50710
456
52848
37779
56702
8669
27576
35196
22024
39129
4741
47952
55572
54457
30936
51463
8150
9094
26226
28784
45227
55939
51047
1669
2784
21691
53101
17221
55239
12966
56070
28877
4927
54280
6017
25717
56163
25183
4931
22723
13215
181
6540
3909
31879
28524
36393
49051
1585
25530
33933
33150
53800
18081
24425
54299
35826
1678
11067
21015
52244
1423
1932
2876
22977
6026
48043
42844
36579
10475
25192
48562
29125
40618
4059
7483
49760
23930
55570
47960
47789
9626
56010
2778
32318
5517
40437
11511
44379
50360
9185
55237
4416
16373
18682
29031
13913
25715
26659
3814
3031
1490
37786
51999
33677
41297
19973
25284
27593
16730
15081
44794
6631
26482
5775
6890
17757
26991
5785
29730
37350
4415
35550
36494
27769
39233
38118
43527
12547
49519
48041
31025
2708
34787
53539
37526
23390
35227
9541
52428
22030
1073
54996
12904
11255
3891
26222
37878
33769
29984
49851
41389
51053
25121
32409
54051
10663
39232
34977
18964
35407
17849
902
50461
21790
42851
44989
50035
7505
16048
39418
1606
32741
4859
54746
19981
23766
53097
11005
6209
37877
56629
1591
10398
2530
15456
52950
28114
22381
8522
30784
31214
33523
48319
2114
13411
52260
14071
48323
3312
4506
5621
7759
22048
3821
41994
9813
53796
7230
12364
15103
55601
40208
54994
19554
56628
9881
27174
24714
55943
45241
33777
21720
39485
7416
36491
40276
19647
51418
48577
29311
28206
36075
35924
5620
56451
28974
4515
22307
56960
38218
51237
46087
40907
53795
7058
20002
17161
19299
46341
47285
51760
26058
16310
47119
56637
52019
43695
20070
37459
41131
8349
52787
44893
6730
24272
24781
11697
56279
4763
53819
9811
44731
51940
50825
52351
22565
9821
19039
40632
43885
4073
23514
2807
26483
50135
1872
43185
13399
32322
18447
24712
27965
40984
17762
5790
5105
6220
11354
654
19655
8867
56195
30365
3564
13237
47890
53309
9282
7766
39331
45425
17948
9820
39590
14171
11960
22138
1103
2556
15198
10600
8274
20103
22412
41394
3480
20861
22999
9472
15036
24804
9981
32673
36606
30090
50740
31313
32507
27357
8880
12135
13329
29411
14953
28555
34820
29499
7065
27870
35490
38058
45517
39423
16846
1611
22656
2281
139
18729
54325
55269
47659
4164
56893
1704
40307
49009
1180
10951
55533
4257
33083
3572
44474
9564
50294
19746
14443
29410
22063
37813
1356
38483
2980
34374
11797
10427
56124
43975
39006
18454
51340
12829
2373
29855
20449
17343
37210
38404
32671
18796
8110
41059
29664
6149
34657
17529
40467
1110
44321
3248
44830
34911
42531
32157
37890
14628
45857
53477
22497
1961
45867
934
28910
28739
55531
30112
4539
47921
5370
49276
30905
32680
45167
47476
15552
36613
51941
10088
48674
52459
18888
44849
14451
327
31403
40921
36965
15229
13600
1447
51867
11379
8099
6754
18736
31755
42104
32949
14627
45866
35164
37473
6054
13952
1799
33364
55540
29153
1099
25328
46790
6147
56567
17444
51524
46374
38480
27901
41580
55182
4361
47572
5300
42358
51592
55809
24829
32948
5648
49974
43556
46980
20979
27543
35946
48604
49548
35163
1798
18828
41766
22250
17179
25753
3852
14719
13525
32003
34312
25053
35001
55881
1636
43120
38763
11818
10350
23801
1729
30555
27200
28144
16851
37912
42357
2399
51875
41672
23350
1029
3338
21834
21389
7701
42621
41256
36356
941
48613
6845
49273
55367
38410
46030
51009
19497
43648
33900
42963
40664
2046
39956
1361
14287
33210
16596
36962
44582
14796
53415
52549
1728
8551
28936
34746
17094
44249
14208
40570
51712
16776
52372
8737
41348
12677
14986
6154
25061
27199
3160
52216
16336
38761
26533
21994
17025
45804
30553
2138
3253
54867
11909
27037
49213
7445
36271
10441
33811
49971
37743
43054
45363
13268
28235
23
3600
4544
6853
24645
38247
52915
56314
33737
5742
6686
49648
30743
26787
37136
46654
14285
44580
50674
20888
53413
49457
55981
39797
26625
32445
33560
6588
24835
1819
9327
4289
44247
1295
2660
12842
56059
24135
47505
19068
48703
17723
40661
25343
3442
32097
51020
37145
30297
9943
36460
8045
5834
15507
34489
52047
30928
1035
48081
54175
17209
9419
32796
39360
28326
34146
18133
11569
32801
5750
31152
17981
13623
16876
6518
38597
49910
23909
48261
10184
27993
707
48780
20641
13691
48354
30927
16269
23977
19008
31597
44255
45199
51180
55372
37843
43937
26809
7887
54271
51811
1650
1479
33044
17031
1988
26628
27743
4193
36551
43839
49038
17907
1317
45110
46837
13015
48363
10280
32819
26191
34594
53346
37333
3185
9427
358
41353
56320
27478
18924
11577
4643
53165
22435
21241
7631
9940
38595
3023
56946
32187
16174
26886
39544
705
42644
35445
40061
19432
15607
6594
7024
33140
28069
7817
37587
10030
16805
41098
56848
2240
19784
23285
39196
3693
34427
7127
42047
51300
39734
51638
8325
9519
1477
13630
26117
50953
42389
55047
23123
19167
39034
40760
7195
54362
56671
40589
43587
32724
40344
31085
32279
48361
39636
13282
5233
17215
13791
30234
12705
3976
26307
356
28082
22883
26816
31432
28591
16114
12690
25177
2332
15258
17567
55829
55046
56161
26375
28684
21606
52052
37517
44442
47695
52062
48889
30679
27324
6617
48189
39919
30150
5942
3207
29192
23308
2522
15164
22882
1392
13374
27930
32126
5609
48037
10914
16113
24516
874
25176
35907
12263
13457
448
49235
31524
19958
45919
2424
4733
10982
21331
16181
44451
19713
55138
26467
14410
41795
14748
20230
36924
22368
11505
10820
55402
23307
8494
55661
56855
22622
25092
30242
354
36483
43942
8068
5608
41188
38117
3808
51136
20406
35123
36317
25968
52589
32218
7476
26383
31533
21614
30677
711
50089
5421
49327
26466
34086
7569
6091
18856
26476
45228
5940
18582
22367
45737
46852
22093
54819
56345
32824
44117
39217
32290
53351
36223
7123
8067
11073
48828
40786
53444
49488
56947
54638
51644
33322
5166
34785
3366
6790
53537
38184
51737
4990
49326
19711
3885
27331
4315
18606
10564
50626
47785
23481
43427
55150
24420
3214
47619
6183
24259
33493
17480
9715
38541
26313
45295
21010
11855
27766
5082
38908
40878
15357
21871
6114
48131
25804
4314
48640
56260
13302
20849
36931
4407
56353
44908
14510
20320
20149
9180
34715
7914
36490
19362
28959
55751
51143
15263
17572
47187
2959
2176
53961
53026
18261
3648
21611
35213
14945
13047
43342
56000
11247
17410
18863
56597
15620
50634
551
20848
35565
48223
36759
18437
24702
26057
49676
30522
43009
12200
25881
37174
14064
51387
20667
19371
55750
50027
15262
13746
55334
31813
53534
55843
5682
17664
21449
34107
50550
53118
45224
46168
50124
18862
44368
36758
9458
30012
20857
10938
33774
28874
48741
29304
2365
31191
29563
18529
42582
26149
38122
3563
22470
53788
38890
26413
18348
9790
14160
35221
11529
43090
27611
29749
34365
53117
23057
4580
43433
45742
57035
17501
10937
25199
46431
45066
44915
28902
53978
42332
25204
20949
32413
21780
42841
55078
3313
52618
41985
42674
25546
33166
5171
22303
18097
37020
40884
48392
41314
52686
34115
32315
27165
17246
19555
9901
8003
38556
50915
46176
13137
128
50641
14761
21970
41916
48059
25903
9211
20610
43809
7411
9549
44640
18537
19197
33865
14428
37264
50034
56809
13753
56026
37783
6374
55679
46875
51491
49614
34363
7063
31903
33258
23339
8002
30264
14251
21710
24963
37621
50469
14599
12035
13229
7410
40021
8354
12828
479
28455
40814
56725
52616
19989
2455
40114
37273
30959
38467
2200
18095
48390
54484
24698
39665
14950
1070
56118
53124
37111
31912
9205
28645
29839
41664
48057
10934
30801
6470
56186
43014
16652
29139
11100
32420
17601
1260
52091
45675
6646
44990
49867
15189
42515
45768
40465
10679
22143
12988
3745
13418
21038
53382
52267
41414
10150
50477
14597
36773
39512
48575
18534
26154
996
12126
15550
20529
15379
36611
37805
19997
13750
29661
5202
21370
37281
8171
49866
35500
33539
28639
35848
30271
47376
24799
41413
11627
9462
26060
48065
11886
22235
45605
46265
52359
28736
49014
19737
46358
33445
46103
55621
41065
5289
49082
27699
5798
55685
30970
833
40214
388
33264
47649
31997
30270
29337
41671
53214
47913
43021
45330
14350
50059
6389
36100
45163
56305
1096
15387
10618
8453
9647
25051
26245
33454
17441
19579
52715
48504
56907
45510
12995
39255
30098
21828
8800
43720
28651
5645
21387
16487
27095
30729
37303
3938
9137
15386
17695
49105
2470
17440
51349
46199
39954
44570
52190
21460
36960
35855
42354
36089
14877
24825
56465
17092
52366
20442
9836
44756
53990
42173
25329
3428
31310
5986
44839
1094
6142
15894
6935
32337
11286
2836
38055
44320
3496
39170
37370
48761
56381
18985
40304
19924
1960
31500
27544
40563
26688
28997
47920
3060
10787
6841
17708
7252
11192
48947
17184
55872
14724
50320
50149
38754
12141
12479
2042
40998
18891
39952
6234
10708
1979
8543
14792
25141
4718
26594
51611
28228
51166
24040
26178
15315
48853
8895
56473
14630
27117
54957
36635
23693
50848
21394
34052
40146
42455
50574
48956
7618
10614
1885
24216
29778
52202
37897
10090
56820
25840
30036
33460
4350
36028
31660
33798
55974
22685
37652
9237
48001
35343
5128
7437
31244
2134
32687
54863
29342
50764
931
26177
36889
49547
3342
46553
47747
27126
36189
30226
490
29009
2740
2579
9143
48700
9936
5044
54520
54349
11293
14815
33797
18214
22009
55547
7695
55273
8125
41700
36629
14883
4026
32950
17881
11214
31419
33728
15406
18830
23026
21226
1634
29527
23794
18913
23109
30318
2323
33287
4187
2842
166
7719
19417
35689
5395
249
29340
35434
41528
17112
55301
32440
40060
3169
8217
52371
55110
18409
50600
51544
49897
606
19073
6769
52048
2841
44154
41160
20892
47152
15057
7693
25940
28508
52561
44951
3594
50761
48101
19430
32278
22
7786
54170
26693
34332
29691
23807
31427
46643
24477
43400
33995
605
29525
7624
11315
28840
44427
53945
20123
46995
37487
43752
9492
10713
29877
48800
33378
41952
54439
23630
31250
38436
22784
40841
9585
3622
24667
13021
50344
8225
11221
13359
50853
20284
18407
55901
4909
47337
27215
33309
42293
33568
56238
3108
22015
3083
15065
54697
13265
37579
38694
11920
8390
17912
47243
49552
14214
36219
1831
43144
28609
14473
20567
6708
11220
41094
46142
29014
24759
25590
46651
50436
17980
22959
45795
31009
55210
3807
26113
44694
5416
7974
2422
14404
31077
6869
3616
21158
9608
53762
43843
1292
12159
6340
36893
19266
18571
25780
45726
27404
29713
35807
35024
11503
44596
32368
40942
48450
8316
9431
45545
13621
16874
46660
10456
17563
7890
21857
29884
44018
1316
27149
34074
25520
28773
29967
17910
49834
33478
44086
52489
9959
44624
12700
9430
13370
33316
44688
51897
34769
47427
41694
2675
33409
4049
35967
23465
30674
47950
35722
3883
13272
33922
263
48718
41542
18320
56338
40427
32817
20990
6177
26982
42740
13898
1412
21513
1921
42833
3021
20383
18755
42407
51641
36822
40617
19704
46325
49578
22530
7306
36132
50629
28522
22363
54287
50188
20573
34175
7374
17047
3720
57119
31690
44177
51386
20656
8572
19360
15002
23405
24848
9012
30159
25180
20411
4473
54360
15770
52844
36831
51988
6366
37349
44808
54986
21164
12610
18602
37584
54027
45223
6175
7290
38024
26980
31959
4830
17472
21257
30491
28614
28863
31714
46930
54550
43516
27503
44969
447
27058
53019
17139
18763
23913
38630
53787
8664
33665
41285
44024
37608
37074
47786
50886
3205
5514
270
49840
48725
24670
45731
57024
13646
44875
52495
49140
18160
56428
38106
5856
21011
7382
48284
21520
2872
18253
42414
45917
34520
42140
56525
20757
3111
40340
40169
2006
37607
1854
11243
25638
47530
56593
16639
25873
36481
9964
44884
11062
2103
28871
362
40775
1247
3556
20154
729
6804
5948
6280
41983
2705
30166
43607
51227
43617
27604
12353
44277
41283
42
25270
34103
38721
10137
18438
13899
48733
5771
49677
16638
53178
41121
12450
33511
50184
56176
31711
28870
48566
13228
4749
35120
43523
11428
39567
48659
36147
2170
15096
53784
56523
40622
47015
48130
4063
5257
55677
30258
53094
43709
42231
27945
44114
13134
5770
22902
35310
1945
44373
7404
11344
1671
10229
50193
54919
5080
21096
11427
54130
47714
40367
4762
16289
13829
45390
42930
12361
51993
52423
9110
38548
42504
47366
52516
39756
50217
23571
34962
7662
17335
30354
52609
4497
54384
30863
50730
14850
50559
55607
44191
5446
40366
15628
23248
21188
37270
27601
35470
8953
26745
56790
4854
33680
46167
1156
45482
51576
15696
53885
7148
50891
22650
17579
12027
7152
43266
20860
50191
41921
44890
4247
47458
53723
37710
46773
21354
22298
54393
42415
9099
53023
10579
56276
13318
29400
6898
47981
49605
294
5538
48920
6903
56540
30710
40203
23589
3997
45481
377
41656
11596
44904
52524
3297
52783
22997
5102
55522
53722
56975
35229
37538
42164
11434
25036
734
33439
5444
48406
11693
2201
4339
43871
3228
6652
32847
15719
54568
12725
13840
39499
20345
9455
13395
34456
25197
50214
11624
41748
56715
56181
47911
5698
37547
39856
9552
3399
29653
10328
1770
3927
51505
52620
2288
46864
52958
49603
43870
51490
292
6651
55707
45504
52713
36700
43205
3746
33002
40211
36255
9987
56371
5629
11878
2361
923
10518
7238
478
24800
4254
35237
2987
44471
14685
28287
47210
15125
75
20250
22388
9644
19317
38299
32845
33960
47562
14523
11109
45762
35060
40039
56904
34738
384
42857
11877
4943
16142
49680
22745
19923
28986
15031
17169
10492
24094
8719
24887
13241
42954
9560
11441
14009
17433
32761
43110
51762
52173
27719
25919
16831
24451
22935
56120
34737
2898
27787
14615
15730
24793
6042
18024
13769
43271
44998
31836
13240
34301
10075
26769
10868
26495
29234
3489
37896
35054
57059
6232
23594
7426
5127
56912
12990
47653
51164
53473
34036
40301
42439
504
37543
44752
10608
2994
32250
4618
49355
17431
25834
32588
51511
4177
4686
6995
54857
22933
11116
9734
21294
5126
56911
25227
40555
20183
22492
5209
9827
37288
1785
13767
40300
21377
6050
56299
11184
28993
38237
34128
2289
51765
1888
55448
37126
48498
54763
9924
23783
43729
38579
12920
20540
53398
81
44399
10176
37219
54073
34734
55261
31740
17082
31579
43043
44237
36627
9043
34044
2988
16515
17709
51255
35242
41336
25323
5731
7869
23523
31143
10875
54762
24193
20368
22677
54772
25416
50663
20094
12503
33794
53661
56400
7433
26340
40837
38142
32943
17874
7017
25494
27118
6332
11
28991
3167
53837
24383
26692
30193
50060
18906
26526
2316
32086
17267
30286
50936
23791
35334
11813
24221
8283
31509
50662
49729
41687
19580
33793
55798
49200
7432
28477
6327
55803
18558
1807
39085
52638
29959
10805
8640
43560
43389
13774
25067
32526
26432
40929
34835
41589
2232
1117
31841
47752
9418
2741
47326
1121
31141
48779
10873
8307
3768
32594
28408
14272
4883
11812
27723
25424
3523
20885
34487
49454
2667
9231
45095
28931
43295
3606
30123
49287
18557
54946
1816
9324
24377
38933
50338
36634
19506
20982
7534
54701
34051
6419
32784
53845
34408
42028
30984
11048
3684
7617
49634
54001
1884
25330
36976
32618
33733
19858
55454
37132
46900
37925
26108
49727
40741
7176
49986
20120
24567
44150
4192
14374
29590
49037
5924
32441
27291
47237
15313
3590
7807
29683
25858
53844
48694
22081
7107
10103
42027
15665
53570
26807
37131
30293
45793
6515
55037
15503
47143
48087
10181
25681
32969
29614
8124
33908
30924
24659
23181
31584
44242
51451
40417
39885
32807
17205
48434
11472
56054
40936
22614
29007
41596
38525
43924
43141
21758
17038
8559
10361
4122
47333
23812
4631
45533
53153
9508
44428
30292
20907
12763
25421
29868
33041
34484
44432
39532
52551
23880
44941
9067
34068
55300
47519
46041
53329
54444
24658
14910
21415
54953
30478
2483
5222
16010
56836
30223
31167
15154
14039
55197
44334
32116
41179
10199
19072
1891
17556
7883
41688
53152
41707
43233
4214
29867
23904
17639
1049
46740
16171
13711
1558
8915
40332
49034
48178
99
42724
56326
29964
770
27381
51797
39717
55196
16357
43228
1381
34673
7373
54540
18660
25948
26280
14302
44176
437
1474
50779
33822
41442
10462
39031
15339
42895
49307
38175
2672
37490
42469
18846
41784
49292
55386
52133
13803
3959
14747
12947
12164
51796
33474
47076
38522
15945
28603
54794
8057
42816
13362
32114
48808
51096
42292
25164
3014
46225
13900
10461
37504
13200
4471
45124
48876
56496
13538
52387
54696
12853
20473
54451
1399
51286
40423
56334
16800
21505
6682
2857
20820
7122
37675
3013
46224
50009
15244
37249
6011
8149
33321
40075
41269
5664
1056
35713
37068
43333
51985
26454
33663
18061
24155
46659
54279
38266
53594
25104
44869
32812
40432
47608
22110
55228
23304
17039
40941
20310
1662
12529
26302
351
56426
42290
6265
36304
14138
5580
31775
32890
444
41723
18760
1838
49314
48209
7556
31613
48977
22364