84 99 151 179 239 256 257 272 289 294 , 18 24 % 10 , 2
17 25 63 77 132 134 182 200 204 222 , 17 31 % 10 , 2
14 50 85 99 115 236 257 286 319 323 , 5 9 % 10 , 2
51 52 69 75 77 79 164 182 206 307 , 13 3 % 10 , 2
52 65 119 127 129 149 231 304 322 341 , 24 26 % 10 , 2
22 32 91 161 169 245 287 288 344 349 , 10 18 % 10 , 2
17 41 45 49 55 95 136 182 186 307 , 24 28 % 10 , 2
4 120 174 180 225 271 278 286 323 345 , 1 14 % 10 , 2
2 36 48 101 105 144 146 239 259 295 , 17 5 % 10 , 2
50 64 107 195 243 317 319 321 322 330 , 26 6 % 10 , 2
86 151 155 259 272 287 342 344 346 350 , 14 22 % 10 , 2
127 158 199 211 239 249 275 277 294 350 , 25 33 % 10 , 2
48 50 91 103 116 123 238 242 291 304 , 11 19 % 10 , 2
11 25 29 43 67 69 71 75 216 232 , 33 7 % 10 , 2
37 51 57 77 79 164 186 188 214 218 , 27 3 % 10 , 2
3 31 162 165 167 184 196 220 222 228 , 33 5 % 10 , 2
19 31 37 67 69 78 81 162 189 216 , 17 21 % 10 , 2
48 50 56 59 94 101 119 132 144 244 , 23 7 % 10 , 2
38 60 91 155 161 245 259 287 342 344 , 18 24 % 10 , 2
117 155 161 177 245 259 287 332 342 344 , 12 24 % 10 , 2
38 60 74 139 155 259 287 288 342 344 , 18 22 % 10 , 2
127 129 141 245 247 302 303 312 320 350 , 17 21 % 10 , 2
155 161 177 245 287 292 293 331 332 342 , 26 4 % 10 , 2
122 161 195 237 247 274 275 313 346 350 , 11 31 % 10 , 2
84 99 233 234 239 256 257 268 273 295 , 12 32 % 10 , 2
32 33 155 161 259 287 291 318 342 344 , 14 18 % 10 , 2
17 19 28 53 69 78 164 184 196 216 , 19 25 % 10 , 2
31 41 43 53 67 81 190 216 220 222 , 15 3 % 10 , 2
129 151 239 260 270 289 303 312 342 350 , 13 21 % 10 , 2
33 36 48 101 123 144 174 241 269 292 , 25 7 % 10 , 2
99 117 124 179 233 237 258 267 294 318 , 16 22 % 10 , 2
33 36 48 56 101 108 119 292 302 349 , 29 7 % 10 , 2
28 37 41 78 81 164 172 189 214 226 , 23 31 % 10 , 2
44 60 86 155 195 259 287 342 344 350 , 16 22 % 10 , 2
12 16 20 38 60 119 148 243 319 332 , 24 4 % 10 , 2
38 48 139 161 169 176 287 288 293 342 , 18 30 % 10 , 2
34 237 245 249 269 270 303 306 320 342 343 , 21 29 % 11 , 2
12 16 20 47 60 117 159 194 195 287 327 , 2 24 % 11 , 2
127 129 158 247 274 277 303 312 320 346 350 , 17 33 % 11 , 2
17 28 37 57 63 77 78 79 164 182 214 , 23 29 % 11 , 2
36 46 54 58 66 126 161 195 313 317 319 , 12 32 % 11 , 2
48 91 109 155 169 235 245 275 288 313 342 , 18 28 % 11 , 2
12 16 38 46 48 56 70 169 177 239 292 , 30 32 % 11 , 2
12 24 44 60 74 139 159 165 195 203 287 , 2 22 % 11 , 2
94 161 171 239 245 270 274 275 295 303 349 , 19 31 % 11 , 2
140 155 158 161 237 241 243 254 274 303 320 , 29 3 % 11 , 2
2 36 48 56 84 101 108 119 302 304 349 , 29 5 % 11 , 2
84 86 99 181 229 234 258 268 269 285 292 , 12 6 % 11 , 2
38 161 177 185 255 292 293 332 337 346 350 , 2 26 % 11 , 2
10 99 117 179 233 234 237 239 258 272 294 , 18 22 % 11 , 2
12 38 60 155 159 177 195 259 287 342 344 , 22 24 % 11 , 2
4 47 83 89 145 146 156 160 183 191 198 , 30 32 % 11 , 2
36 48 56 101 119 130 144 192 241 292 313 , 21 7 % 11 , 2
86 99 117 151 234 237 239 272 289 292 294 , 18 28 % 11 , 2
36 48 56 101 119 144 171 192 241 295 312 , 21 5 % 11 , 2
32 76 99 109 171 179 239 272 275 294 318 , 22 24 % 11 , 2
15 19 29 31 35 53 100 162 210 216 222 , 11 3 % 11 , 2
36 46 54 58 126 195 317 319 331 332 350 , 18 32 % 11 , 2
104 145 237 247 274 275 313 317 330 346 350 , 11 33 % 11 , 2
50 171 234 241 243 288 319 321 329 330 349 , 10 26 % 11 , 2
13 25 27 41 45 57 71 108 202 204 214 , 17 19 % 11 , 2
12 60 99 117 151 237 259 272 276 318 344 , 28 30 % 11 , 2
47 134 150 169 236 251 257 267 288 316 326 , 0 15 % 11 , 2
1 123 158 237 249 270 274 303 317 320 343 , 29 33 % 11 , 2
21 23 37 69 77 79 164 188 214 218 232 , 21 3 % 11 , 2
22 50 66 115 116 154 211 273 275 277 293 , 33 5 % 11 , 2
86 116 139 229 233 237 256 257 268 269 273 , 14 18 % 11 , 2
123 140 155 161 205 237 238 245 270 274 320 , 15 29 % 11 , 2
12 16 20 38 46 48 56 70 169 209 289 , 32 4 % 11 , 2
37 57 63 69 77 79 164 182 214 218 232 , 23 3 % 11 , 2
127 141 160 171 234 239 245 275 293 295 350 , 31 7 % 11 , 2
84 86 90 99 229 234 258 268 269 289 292 , 18 6 % 11 , 2
24 151 155 177 259 272 287 342 344 346 350 , 12 22 % 11 , 2
36 46 54 58 66 107 126 195 313 317 332 , 10 32 % 11 , 2
21 23 28 37 78 162 164 167 186 214 216 , 29 31 % 11 , 2
91 119 148 161 194 243 245 257 287 319 344 , 10 24 % 11 , 2
20 33 36 50 54 103 235 241 303 304 313 , 30 6 % 11 , 2
36 46 58 66 107 126 293 313 319 331 350 , 16 32 % 11 , 2
12 16 20 46 48 56 70 103 169 209 310 , 2 32 % 11 , 2
16 20 24 28 46 48 103 109 165 169 313 , 2 28 % 11 , 2
50 177 241 243 270 288 313 317 322 329 349 , 26 8 % 11 , 2
50 101 127 141 197 244 270 288 303 304 347 , 20 32 % 11 , 2
1 178 245 249 269 285 293 295 304 343 349 , 27 31 % 11 , 2
21 28 63 72 77 78 79 162 167 214 222 327 , 29 33 % 12 , 2
1 34 123 241 243 245 249 254 269 285 306 343 , 27 29 % 12 , 2
7 19 31 37 78 81 95 162 189 194 216 228 , 17 27 % 12 , 2
19 21 23 28 37 53 78 162 164 186 196 216 , 19 31 % 12 , 2
36 54 107 241 243 245 303 313 319 321 326 337 , 28 30 % 12 , 2
6 32 39 40 90 125 161 171 234 287 344 346 , 10 14 % 12 , 2
12 16 46 48 56 58 70 107 139 169 195 287 , 2 30 % 12 , 2
20 54 107 203 241 243 289 319 321 331 332 346 , 20 30 % 12 , 2
36 54 58 66 107 161 245 287 293 313 319 326 , 28 32 % 12 , 2
66 119 126 128 147 197 231 302 304 333 334 341 , 16 26 % 12 , 2
14 60 88 145 175 199 229 239 254 267 284 286 , 1 11 % 12 , 2
13 20 30 48 54 56 93 101 107 158 173 292 , 15 9 % 12 , 2
33 36 48 101 116 130 144 197 199 259 292 313 , 17 7 % 12 , 2
19 37 53 67 69 75 78 162 194 216 264 307 , 17 19 % 12 , 2
20 30 46 86 107 120 123 143 177 199 292 346 , 5 9 % 12 , 2
19 21 28 77 78 79 162 184 196 206 222 250 , 19 33 % 12 , 2
2 5 66 107 233 239 243 259 270 275 303 349 , 13 19 % 12 , 2
2 22 32 50 84 91 161 243 259 332 342 350 , 16 8 % 12 , 2
21 23 37 51 69 75 77 79 164 186 206 307 , 19 3 % 12 , 2
28 37 57 72 77 78 79 162 164 186 214 216 , 27 29 % 12 , 2
99 127 141 243 245 258 268 312 322 332 344 350 , 17 7 % 12 , 2
33 36 48 101 103 107 144 213 292 293 295 338 , 17 25 % 12 , 2
0 2 40 50 84 125 193 217 223 271 274 343 , 1 22 % 12 , 2
0 26 32 50 195 243 259 287 332 342 344 350 , 16 6 % 12 , 2
46 54 107 161 195 287 293 319 331 332 342 350 , 20 32 % 12 , 2
3 7 19 28 43 59 78 95 164 189 210 216 , 25 27 % 12 , 2
11 19 33 67 69 77 78 79 164 196 200 222 , 13 21 % 12 , 2
2 22 32 155 161 245 259 287 293 318 342 344 , 12 18 % 12 , 2
19 28 37 51 77 78 79 162 164 186 194 216 , 19 27 % 12 , 2
121 130 161 197 238 241 244 256 269 285 302 349 , 33 7 % 12 , 2
13 61 122 158 199 239 243 257 275 277 339 350 , 13 25 % 12 , 2
3 7 19 28 29 53 78 164 189 196 202 216 , 25 31 % 12 , 2
36 50 86 107 203 241 303 304 313 321 331 346 , 24 30 % 12 , 2
85 126 130 161 180 247 258 274 332 344 346 350 , 11 17 % 12 , 2
3 19 28 69 78 164 184 189 196 200 210 216 , 21 25 % 12 , 2
22 66 86 171 233 239 243 245 259 273 275 294 295 , 19 7 % 13 , 2
6 22 32 39 40 90 125 161 217 245 287 344 346 , 10 12 % 13 , 2
24 36 48 50 56 116 123 144 161 174 197 238 242 , 19 7 % 13 , 2
24 121 147 154 203 244 256 271 302 303 317 320 349 , 15 9 % 13 , 2
2 66 86 94 161 171 233 245 259 270 273 274 294 , 15 19 % 13 , 2
60 91 148 155 161 195 243 245 259 287 332 342 344 , 16 24 % 13 , 2
36 46 54 58 107 126 155 195 245 317 319 331 332 , 14 32 % 13 , 2
91 120 140 158 161 238 241 243 245 274 288 303 320 , 17 29 % 13 , 2
25 29 52 53 67 71 75 98 100 128 220 222 250 , 23 27 % 13 , 2
62 116 139 201 229 233 234 239 256 257 258 272 273 , 18 20 % 13 , 2
6 32 84 90 125 161 259 291 317 318 342 346 350 , 14 8 % 13 , 2
20 36 107 126 241 243 289 303 304 313 319 321 331 , 16 30 % 13 , 2
7 19 29 31 37 53 78 81 162 189 216 220 228 , 17 31 % 13 , 2
101 127 141 197 205 244 270 303 322 330 347 348 349 , 30 32 % 13 , 2
24 119 141 160 211 237 273 276 291 293 302 303 320 , 13 9 % 13 , 2
21 23 28 37 77 78 79 162 164 200 214 216 222 , 21 29 % 13 , 2
3 19 27 28 31 72 77 78 79 162 189 214 228 , 27 33 % 13 , 2
12 60 99 117 151 234 237 239 259 294 295 318 344 , 28 32 % 13 , 2
27 29 41 52 53 98 109 110 187 202 206 220 228 , 21 29 % 13 , 2
6 32 34 117 125 259 287 291 317 342 344 346 350 , 14 6 % 13 , 2
36 46 54 58 107 126 161 245 305 313 319 331 332 , 22 32 % 13 , 2
54 107 161 241 243 287 293 319 321 329 347 348 349 , 20 28 % 13 , 2
6 34 39 40 62 72 117 125 171 193 201 287 317 , 14 2 % 13 , 2
18 38 39 58 85 117 233 258 272 275 318 319 335 , 11 5 % 13 , 2
36 54 107 126 155 245 305 313 316 319 326 331 332 , 30 32 % 13 , 2
22 127 141 146 151 160 171 239 245 260 293 312 350 , 21 7 % 13 , 2
17 52 77 79 81 187 198 206 214 220 228 326 337 , 7 9 % 13 , 2
17 52 57 63 68 77 81 166 187 196 214 220 228 , 11 7 % 13 , 2
129 141 151 160 171 237 244 247 260 289 302 303 320 , 21 3 % 13 , 2
28 37 43 57 77 78 79 81 164 189 214 218 226 , 23 27 % 13 , 2
22 66 94 171 239 270 273 274 275 294 295 303 314 , 19 33 % 13 , 2
11 25 27 29 41 43 71 81 110 188 202 220 228 , 19 29 % 13 , 2
11 28 37 69 77 78 79 81 164 189 214 218 232 , 21 23 % 13 , 2
25 27 41 51 52 68 71 81 100 187 188 206 228 , 25 29 % 13 , 2
20 33 36 54 103 107 171 203 303 304 319 321 346 , 30 8 % 13 , 2
24 36 48 114 115 127 156 247 269 302 303 320 343 , 13 15 % 13 , 2
2 8 10 32 38 44 74 76 78 90 169 171 201 205 , 20 4 % 14 , 2
20 36 50 54 126 241 243 303 304 319 321 331 332 346 , 18 30 % 14 , 2
65 66 70 74 76 92 99 128 167 175 197 236 267 338 , 0 11 % 14 , 2
6 32 39 40 62 72 90 125 171 193 201 234 305 317 , 14 4 % 14 , 2
25 27 41 45 57 71 81 108 170 188 190 204 214 228 , 19 25 % 14 , 2
0 22 32 39 50 91 148 161 169 171 243 245 287 344 , 10 16 % 14 , 2
0 96 126 155 161 207 229 245 263 267 269 279 292 318 , 4 6 % 14 , 2
3 19 21 28 31 78 162 165 167 189 196 214 220 228 , 31 33 % 14 , 2
17 21 23 28 37 75 77 78 79 162 164 186 216 222 , 19 29 % 14 , 2
122 129 158 195 203 239 270 275 285 303 342 346 349 350 , 13 31 % 14 , 2
