36 54 58 205 243 303 319 321 329 347 348 349 , 12 14 22 28 % 12 , 4
36 54 58 127 148 149 303 319 321 329 347 348 , 12 18 28 8 % 12 , 4
86 131 138 146 156 198 318 321 322 331 334 344 , 1 29 31 33 % 12 , 4
12 16 20 46 54 195 319 321 329 330 347 348 , 12 18 20 8 % 12 , 4
12 16 46 48 54 107 141 319 321 329 347 348 , 14 20 22 8 % 12 , 4
12 16 20 38 46 48 54 60 141 179 347 348 , 10 20 6 8 % 12 , 4
8 36 46 48 58 107 303 304 321 330 347 348 , 14 16 24 8 % 12 , 4
86 138 146 155 156 198 205 259 321 332 334 344 , 1 27 31 33 % 12 , 4
36 46 48 58 107 303 304 321 331 347 348 349 , 14 16 22 24 % 12 , 4
38 131 203 231 287 318 319 322 331 333 335 341 , 0 23 25 27 % 12 , 4
86 138 141 146 156 198 276 288 289 321 334 344 , 1 27 29 33 % 12 , 4
12 16 46 48 107 243 319 321 331 347 348 349 , 14 16 20 22 % 12 , 4
83 102 114 138 143 145 156 160 168 224 230 248 , 14 18 20 22 % 12 , 4
12 16 46 54 243 319 321 329 331 332 347 348 , 14 18 20 22 % 12 , 4
12 16 46 48 54 141 243 319 321 329 347 348 349 , 12 14 20 22 % 13 , 4
12 16 36 46 48 58 107 303 304 319 321 347 348 , 14 16 22 8 % 13 , 4
8 36 46 48 58 231 303 304 321 330 341 347 348 , 12 16 24 8 % 13 , 4
138 141 146 156 205 259 276 289 321 332 334 342 344 , 1 23 27 33 % 13 , 4
138 149 155 203 205 287 289 321 331 334 341 342 347 , 1 17 19 33 % 13 , 4
138 141 149 156 205 259 276 289 321 332 334 342 344 , 1 19 23 33 % 13 , 4
84 131 151 155 231 260 318 319 321 322 333 334 344 , 13 15 3 7 % 13 , 4
12 16 38 46 48 54 60 141 241 329 347 348 349 , 12 14 20 6 % 13 , 4
5 83 102 106 110 114 138 145 168 208 230 248 284 , 12 24 28 32 % 13 , 4
8 36 46 48 50 58 241 288 303 304 347 348 349 , 12 14 24 6 % 13 , 4
8 36 46 58 241 288 303 304 321 330 331 347 348 , 14 16 18 24 % 13 , 4
8 36 46 48 58 231 303 304 313 321 341 347 348 , 10 12 16 24 % 13 , 4
36 54 56 58 66 70 127 149 197 302 303 313 347 348 , 10 12 28 6 % 14 , 4
12 16 36 46 48 58 302 303 304 319 321 333 347 348 , 12 16 22 8 % 14 , 4
114 121 138 143 145 154 155 168 284 321 329 334 348 349 , 1 17 21 27 % 14 , 4
8 36 46 58 127 149 195 303 304 321 322 341 347 348 , 10 12 18 24 % 14 , 4
5 102 106 108 112 114 138 143 145 168 230 238 242 248 , 14 20 22 30 % 14 , 4
122 138 141 149 156 276 288 289 318 321 322 331 334 344 , 1 19 29 33 % 14 , 4
8 36 46 58 127 140 149 195 303 304 321 341 347 348 , 10 18 24 8 % 14 , 4
12 16 36 46 48 58 107 126 270 303 304 321 347 348 , 10 14 16 22 % 14 , 4
8 36 46 48 58 195 203 205 303 304 321 330 347 348 , 12 14 24 8 % 14 , 4
8 12 16 20 36 46 58 140 303 304 321 341 347 348 , 10 16 18 8 % 14 , 4
8 36 46 48 58 195 203 205 303 304 321 322 347 348 , 10 12 14 24 % 14 , 4
8 36 46 58 127 149 195 303 304 321 330 341 347 348 , 12 18 24 8 % 14 , 4
12 16 36 46 48 58 107 302 303 304 321 333 347 348 , 10 16 22 8 % 14 , 4
12 16 46 54 195 241 243 319 321 322 329 330 347 348 , 12 14 18 20 % 14 , 4
12 16 36 46 54 58 126 270 303 304 321 332 347 348 , 10 14 18 22 % 14 , 4
12 16 38 46 48 241 243 289 319 321 330 347 348 349 , 12 14 16 20 % 14 , 4
8 36 46 58 119 241 288 303 304 321 330 341 347 348 , 12 16 18 24 % 14 , 4
8 36 46 48 58 241 288 303 304 321 330 347 348 349 , 12 14 16 24 % 14 , 4
36 54 56 58 66 70 127 148 149 197 302 303 329 347 348 , 12 28 6 8 % 15 , 4
8 36 46 50 58 119 127 149 241 288 303 304 341 347 348 , 12 18 24 6 % 15 , 4
84 138 141 155 156 205 259 276 288 289 321 332 334 342 344 , 1 19 27 33 % 15 , 4
138 155 156 205 259 287 318 321 322 331 332 334 341 344 347 , 1 19 31 33 % 15 , 4
36 54 56 58 66 70 127 149 197 205 302 303 321 347 348 , 10 12 28 8 % 15 , 4
8 12 16 20 36 46 58 126 270 303 304 321 341 347 348 , 10 12 16 18 % 15 , 4
12 16 36 46 48 58 270 302 303 304 313 333 347 348 349 , 12 16 22 6 % 15 , 4
22 114 138 143 145 154 155 168 205 237 284 321 329 334 348 , 1 17 27 31 % 15 , 4
8 24 36 46 48 58 107 195 203 205 303 304 321 347 348 , 10 14 24 8 % 15 , 4
12 16 36 46 48 54 58 107 141 205 303 304 321 347 348 , 10 14 22 8 % 15 , 4
12 16 36 46 58 126 243 270 303 304 319 321 331 347 348 , 14 16 18 22 % 15 , 4
8 36 46 50 58 195 241 288 303 304 321 322 330 347 348 , 12 14 18 24 % 15 , 4
8 36 46 48 58 64 107 140 231 303 304 321 341 347 348 , 10 16 24 8 % 15 , 4
12 16 20 26 38 46 48 54 60 141 195 203 321 347 348 , 10 12 20 8 % 15 , 4
8 12 16 20 36 46 58 303 304 319 321 330 341 347 348 , 12 16 18 8 % 15 , 4
12 16 36 46 48 54 58 78 103 141 302 303 304 333 347 348 , 10 22 6 8 % 16 , 4
8 36 46 48 58 119 231 241 288 303 304 313 341 347 348 349 , 12 16 24 6 % 16 , 4
12 16 36 46 48 54 58 141 199 270 303 304 329 347 348 349 , 12 14 22 6 % 16 , 4
12 16 26 38 46 48 54 60 141 195 203 289 321 322 347 348 , 10 12 14 20 % 16 , 4
12 16 26 38 46 48 54 60 107 141 179 195 203 321 347 348 , 10 14 20 8 % 16 , 4
12 16 36 46 48 58 126 243 270 303 304 319 321 347 348 349 , 12 14 16 22 % 16 , 4
8 12 16 20 36 46 58 119 241 270 288 303 304 341 347 348 , 12 16 18 6 % 16 , 4
8 10 12 16 36 38 46 48 58 74 107 303 304 321 347 348 , 10 14 16 8 % 16 , 4
22 114 138 143 145 152 154 155 156 168 211 259 284 332 334 344 , 1 25 27 31 % 16 , 4
12 16 36 46 48 58 126 270 302 303 304 313 321 333 347 348 , 10 12 16 22 % 16 , 4
12 16 36 46 48 54 58 126 141 205 270 303 304 321 347 348 , 10 12 14 22 % 16 , 4
8 10 12 16 36 38 46 48 58 74 303 304 319 321 330 347 348 , 12 14 16 8 % 17 , 4
8 12 16 20 36 44 46 54 58 127 149 270 303 304 341 347 348 , 10 12 18 6 % 17 , 4
22 114 129 138 143 145 154 160 168 273 284 289 305 321 329 334 348 , 1 17 27 29 % 17 , 4
8 24 28 36 46 48 58 70 127 129 149 231 303 304 341 347 348 , 10 24 6 8 % 17 , 4
22 102 114 138 143 145 154 168 205 212 230 237 246 248 284 321 334 , 1 17 23 31 % 17 , 4
12 16 36 46 48 54 58 78 141 199 302 303 304 329 333 347 348 , 12 22 6 8 % 17 , 4
12 16 36 46 54 58 126 199 243 270 303 304 319 321 329 347 348 , 12 14 18 22 % 17 , 4
22 114 129 138 143 145 154 155 160 168 171 270 284 289 334 342 349 , 1 17 25 27 % 17 , 4
12 16 36 46 48 54 58 78 141 205 302 303 304 321 333 347 348 , 10 12 22 8 % 17 , 4
12 16 36 46 48 54 58 141 199 205 303 304 319 321 329 347 348 , 12 14 22 8 % 17 , 4
12 16 26 38 46 48 54 60 141 195 203 319 321 329 330 347 348 , 12 14 20 8 % 17 , 4
8 12 16 36 44 46 54 58 126 195 270 303 304 317 321 322 347 348 , 10 12 14 18 % 18 , 4
8 10 12 16 36 38 46 48 58 74 126 270 289 303 304 321 347 348 , 10 12 14 16 % 18 , 4
22 102 114 138 143 145 154 155 168 208 230 246 248 250 252 284 334 347 , 1 17 25 31 % 18 , 4
8 12 16 20 36 44 46 54 58 127 149 195 303 304 321 341 347 348 , 10 12 18 8 % 18 , 4
8 10 12 16 36 38 46 48 58 74 241 270 288 303 304 347 348 349 , 12 14 16 6 % 18 , 4
8 12 16 36 44 46 54 58 195 199 303 304 319 321 329 330 347 348 , 12 14 18 8 % 18 , 4
88 102 114 138 143 145 154 155 168 224 230 246 248 252 284 334 347 349 , 1 17 21 25 % 18 , 4
8 12 16 36 46 58 126 241 243 270 288 303 304 319 321 330 347 348 , 12 14 16 18 % 18 , 4
8 28 36 46 48 58 65 70 127 129 149 231 303 304 313 341 347 348 , 10 12 24 6 % 18 , 4
8 12 16 36 44 46 50 54 58 199 241 270 288 303 304 329 347 348 , 12 14 18 6 % 18 , 4
12 16 36 46 48 54 58 65 78 141 270 302 303 304 313 333 347 348 , 10 12 22 6 % 18 , 4
102 114 138 143 145 154 155 156 168 211 230 246 248 259 284 332 334 344 347 , 1 19 25 31 % 19 , 4
8 12 16 20 36 44 46 54 58 127 148 149 199 303 304 329 341 347 348 , 12 18 6 8 % 19 , 4
8 28 36 46 48 58 70 127 129 149 195 203 205 231 303 304 321 341 347 348 , 10 12 24 8 % 20 , 4
15 102 114 121 138 143 145 149 154 168 170 178 224 230 246 248 284 321 334 349 , 1 17 21 23 % 20 , 4
22 102 114 129 138 143 145 154 160 168 224 230 246 248 270 284 289 334 342 349 , 1 17 23 25 % 20 , 4
22 114 138 143 145 146 152 154 156 168 205 237 238 256 259 284 321 332 334 344 , 1 23 27 31 % 20 , 4
22 114 121 129 138 143 145 154 160 168 205 237 270 273 284 289 321 334 342 349 , 1 17 23 27 % 20 , 4
8 10 12 16 36 38 44 46 48 54 58 60 74 76 141 270 303 304 347 348 , 10 12 14 6 % 20 , 4
61 102 147 155 168 172 178 190 200 230 246 248 302 303 320 329 341 347 348 349 , 11 5 7 9 % 20 , 4
84 122 138 149 155 156 203 207 259 276 287 318 321 322 331 332 334 341 344 347 , 1 19 21 33 % 20 , 4
114 120 121 129 138 143 145 154 155 160 168 205 237 284 289 305 321 329 334 342 348 , 1 17 19 27 % 21 , 4
22 86 114 138 143 145 146 147 152 154 156 168 198 211 256 284 321 329 334 344 348 , 1 27 29 31 % 21 , 4
5 22 102 106 110 114 138 143 145 152 154 156 168 230 246 248 259 284 332 334 344 , 1 23 25 31 % 21 , 4
114 138 143 145 147 152 154 155 156 168 238 256 259 284 317 321 329 332 334 344 348 , 1 21 27 31 % 21 , 4
8 10 12 16 24 36 38 44 46 48 54 58 60 74 76 141 179 303 304 347 348 , 10 14 6 8 % 21 , 4
8 10 12 16 36 38 44 46 48 54 58 60 74 76 141 199 303 304 329 347 348 , 12 14 6 8 % 21 , 4
9 114 115 138 143 145 147 152 154 156 168 197 256 275 276 284 321 329 334 344 348 , 1 21 27 29 % 21 , 4
15 22 102 114 129 138 143 145 149 154 160 168 212 224 230 246 248 273 284 289 321 334 , 1 17 23 29 % 22 , 4
88 102 114 129 138 143 145 154 155 160 168 218 224 230 232 246 248 284 289 334 342 347 , 1 17 19 25 % 22 , 4
102 114 137 138 143 145 154 156 168 205 212 230 237 246 248 256 259 284 321 332 334 344 , 1 19 23 31 % 22 , 4
22 102 114 129 138 143 145 154 160 168 208 218 224 230 232 246 248 250 252 284 289 334 , 1 17 25 29 % 22 , 4
114 138 143 145 147 154 155 156 168 205 211 237 256 259 284 317 321 329 332 334 344 348 , 1 19 27 31 % 22 , 4
5 102 106 114 138 143 145 152 154 155 156 168 230 246 248 252 259 284 332 334 344 347 , 1 21 25 31 % 22 , 4
5 22 102 106 114 138 143 145 152 154 156 168 208 211 230 246 248 250 252 284 334 344 , 1 25 29 31 % 22 , 4
15 102 114 138 143 145 149 154 168 190 224 230 231 246 248 252 284 321 329 331 334 348 , 1 17 21 29 % 22 , 4
11 14 25 29 30 31 67 80 81 101 105 129 173 175 200 214 216 222 228 312 320 335 , 16 20 22 28 % 22 , 4
9 114 121 138 143 145 152 154 156 158 161 168 238 256 259 276 284 321 332 334 344 349 , 1 21 23 27 % 22 , 4
9 89 94 114 115 138 143 145 152 154 155 156 161 168 197 259 276 284 332 334 344 346 349 , 1 21 25 27 % 23 , 4
11 13 14 25 30 31 69 80 81 101 105 129 142 173 175 209 214 216 222 228 312 320 335 , 16 18 22 30 % 23 , 4
11 14 25 30 31 43 67 75 80 81 101 105 129 173 175 200 214 216 222 228 312 320 335 , 14 16 20 28 % 23 , 4
11 14 25 30 31 34 43 69 80 81 101 105 129 141 173 175 214 216 222 228 312 320 335 , 16 18 20 30 % 23 , 4
9 22 114 115 129 138 141 143 145 152 154 156 160 168 197 211 247 276 284 289 313 334 344 , 1 25 27 29 % 23 , 4
102 114 121 138 143 145 149 154 156 168 178 224 230 246 248 256 259 276 284 321 332 334 344 , 1 19 21 23 % 23 , 4
11 13 14 25 30 31 43 69 80 81 101 105 129 142 173 175 214 216 222 228 312 320 335 , 14 16 18 30 % 23 , 4
11 13 14 25 30 67 75 80 81 101 105 129 142 173 175 200 214 216 222 228 312 320 335 , 14 16 24 28 % 23 , 4
5 9 102 106 114 138 143 145 152 154 156 161 168 224 230 246 248 259 276 284 332 334 344 349 , 1 21 23 25 % 24 , 4
84 114 115 121 138 143 145 147 154 155 156 168 256 259 276 284 317 321 329 332 334 344 346 348 , 1 19 21 27 % 24 , 4
8 10 12 16 26 36 38 44 46 48 54 58 60 74 76 141 195 203 205 303 304 321 347 348 , 10 12 14 8 % 24 , 4
102 114 121 129 138 143 145 149 154 160 168 178 205 212 224 230 237 246 248 284 289 321 334 342 , 1 17 19 23 % 24 , 4
11 13 14 25 30 34 69 80 81 101 105 129 141 142 173 175 209 214 216 222 228 312 320 335 , 16 18 24 30 % 24 , 4
11 13 14 25 30 31 67 80 81 101 105 129 142 162 173 175 209 214 216 222 228 312 320 335 , 16 18 22 28 % 24 , 4
8 10 12 16 20 36 38 46 48 58 66 74 147 197 231 302 303 304 321 333 334 341 347 348 , 10 12 16 8 % 24 , 4
11 13 14 25 30 69 80 81 101 105 129 142 149 173 175 199 200 214 216 222 228 312 320 335 , 14 16 24 30 % 24 , 4
9 22 114 127 129 138 141 143 145 146 152 154 156 160 168 247 256 273 276 284 289 321 334 344 , 1 23 27 29 % 24 , 4
114 115 129 138 141 143 145 154 155 156 160 168 211 247 259 276 284 289 320 332 334 342 344 346 , 1 19 25 27 % 24 , 4
11 14 25 29 30 56 67 69 80 81 101 105 129 149 173 175 200 214 216 222 228 312 320 335 , 16 20 22 24 % 24 , 4
11 14 25 30 31 34 43 80 81 101 105 129 141 173 175 200 214 216 222 228 270 312 320 335 , 16 20 28 30 % 24 , 4
11 13 14 25 30 31 43 67 75 80 81 101 105 129 142 173 175 214 216 222 228 312 320 335 , 14 16 18 28 % 24 , 4
11 13 14 25 30 31 67 80 81 101 105 129 132 142 173 175 200 214 216 222 228 312 320 322 335 , 14 16 22 28 % 25 , 4
102 114 129 138 141 143 145 154 156 160 168 224 230 246 247 248 259 276 284 289 320 332 334 342 344 , 1 19 23 25 % 25 , 4
11 13 14 25 30 56 67 69 80 81 101 105 129 142 149 173 175 200 214 216 222 228 312 320 335 , 14 16 22 24 % 25 , 4
11 13 14 25 30 69 80 81 101 105 121 129 142 149 173 175 200 209 214 216 222 228 312 320 335 , 16 22 24 30 % 25 , 4
22 102 114 131 138 143 145 154 168 190 208 212 230 231 246 248 250 252 284 321 323 329 331 334 348 , 1 17 29 31 % 25 , 4
11 14 25 30 31 34 43 67 75 80 81 101 105 129 141 164 173 175 214 216 222 228 312 320 335 , 16 18 20 28 % 25 , 4
11 13 14 25 30 56 67 69 75 80 81 101 103 105 129 142 173 175 214 216 222 228 312 320 335 , 14 16 18 24 % 25 , 4
11 13 14 25 30 31 43 80 81 101 105 129 132 142 173 175 200 214 216 222 228 312 320 322 335 , 14 16 28 30 % 25 , 4
102 114 138 143 145 154 155 168 190 230 231 246 248 252 257 284 287 321 329 331 333 334 341 347 348 , 1 17 21 31 % 25 , 4
5 22 73 102 106 112 114 137 138 143 145 146 152 154 156 168 212 230 246 248 256 284 321 334 344 , 1 23 29 31 % 25 , 4
8 10 12 16 20 36 38 46 48 58 66 74 147 197 231 270 302 303 304 313 333 334 341 347 348 , 10 12 16 6 % 25 , 4
5 9 22 102 106 114 129 138 141 143 145 152 154 156 160 168 224 230 246 247 248 276 284 289 334 344 , 1 23 25 29 % 26 , 4
11 14 25 30 34 69 80 81 98 101 105 129 141 149 173 175 199 200 214 216 222 228 270 312 320 335 , 16 20 24 30 % 26 , 4
11 14 25 29 30 34 67 75 80 81 101 105 129 141 164 173 175 200 214 216 222 228 270 312 320 335 , 16 20 24 28 % 26 , 4
11 13 14 25 30 35 80 81 101 105 129 142 147 173 175 189 200 214 216 222 228 312 320 333 334 335 , 14 24 28 30 % 26 , 4
11 14 25 30 56 67 69 75 80 81 101 103 105 129 149 173 175 199 200 214 216 222 228 312 320 335 , 14 16 20 24 % 26 , 4
11 14 25 29 30 35 67 80 81 101 105 129 147 173 175 189 196 200 214 216 222 228 312 320 334 335 , 20 22 24 28 % 26 , 4
11 13 14 25 30 56 67 69 71 80 81 101 105 129 142 162 173 175 209 214 216 222 228 312 320 335 , 16 18 22 24 % 26 , 4
5 9 102 106 114 115 128 134 138 143 145 152 154 156 168 197 224 226 230 246 248 252 276 284 334 344 , 1 21 25 29 % 26 , 4
11 14 25 30 34 56 67 69 75 80 81 101 103 105 129 141 164 173 175 214 216 222 228 312 320 335 , 16 18 20 24 % 26 , 4
11 13 14 25 30 31 34 43 80 81 101 105 129 141 142 173 175 205 209 214 216 222 228 312 320 335 , 16 18 28 30 % 26 , 4
11 13 14 25 30 31 80 81 101 105 121 129 132 142 173 175 200 209 214 216 222 228 312 320 322 335 , 16 22 28 30 % 26 , 4
11 13 14 25 29 30 67 80 81 101 105 121 129 142 162 173 175 200 209 214 216 222 228 312 320 335 , 16 22 24 28 % 26 , 4
11 13 14 25 28 30 31 56 67 69 70 80 81 101 105 129 142 173 175 214 216 222 228 312 320 335 , 14 16 18 22 % 26 , 4
11 13 14 25 30 34 80 81 101 105 121 129 141 142 173 175 200 209 214 216 222 228 270 312 320 335 , 16 24 28 30 % 26 , 4
