8 22 24 32 44 60 74 76 87 137 153 227 233 247 251 257 258 271 273 274 291 295 310 315 317 324 336 345 , 0 30 % 28 , 2
8 12 16 36 44 46 50 54 58 126 195 199 241 243 270 288 303 304 317 319 321 322 329 330 331 332 347 348 , 14 18 % 28 , 2
2 8 22 32 74 76 84 87 109 139 144 159 233 237 247 256 257 258 271 273 275 276 285 291 294 295 316 318 , 1 26 % 28 , 2
0 8 18 26 39 62 64 76 85 88 90 144 180 211 229 255 260 267 268 269 283 294 300 301 306 309 323 327 , 1 30 % 28 , 2
8 28 36 46 48 50 58 65 70 119 127 129 149 195 203 205 231 241 288 303 304 313 321 322 330 341 347 348 349 , 12 24 % 29 , 2
66 84 99 131 149 151 154 155 207 231 233 239 243 258 259 260 275 287 312 318 319 321 322 331 332 333 334 344 350 , 13 7 % 29 , 2
3 14 18 22 34 38 39 47 58 95 99 117 130 145 149 160 197 234 239 258 275 276 284 285 286 289 326 335 337 , 1 15 % 29 , 2
8 10 12 16 20 36 38 46 48 58 64 66 74 107 140 147 197 231 302 303 304 319 321 330 333 334 341 347 348 , 16 8 % 29 , 2
4 5 7 9 15 45 61 73 83 102 104 106 108 112 114 138 143 145 146 156 160 168 170 224 230 238 242 246 248 278 , 20 22 % 30 , 2
39 47 65 86 87 92 96 98 99 116 118 121 128 144 146 151 207 211 225 233 256 258 261 263 265 269 272 275 294 323 , 0 8 % 30 , 2
62 89 93 94 95 96 97 111 133 145 146 213 219 221 223 225 236 258 263 264 265 266 279 281 286 287 290 291 312 350 , 0 3 % 30 , 2
4 5 83 102 106 110 114 128 130 134 138 143 145 160 168 191 198 208 218 224 226 230 232 244 246 248 249 250 252 284 , 24 28 % 30 , 2
16 38 39 85 87 95 99 117 149 151 207 233 244 254 258 260 263 265 268 273 279 286 289 318 319 326 330 335 340 341 , 0 31 % 30 , 2
18 84 92 103 139 151 165 195 211 227 251 253 256 266 273 274 276 283 295 299 301 314 315 316 323 325 326 336 337 343 , 1 4 % 30 , 2
8 10 12 16 22 24 36 38 44 46 48 50 53 54 58 60 74 76 141 179 199 241 270 288 303 304 329 347 348 349 , 14 6 % 30 , 2
9 19 21 23 45 61 102 106 108 110 124 146 152 154 156 160 168 172 174 178 190 192 200 202 208 230 242 246 248 252 , 4 6 % 30 , 2
5 7 45 83 100 102 104 106 108 112 114 138 143 145 146 156 160 168 172 178 182 186 224 226 230 238 240 242 248 284 , 14 20 % 30 , 2
4 5 83 102 106 110 114 128 132 134 138 143 145 146 154 160 168 172 191 198 208 218 224 226 230 246 248 249 252 284 , 24 32 % 30 , 2
8 10 12 16 24 26 36 38 44 46 48 54 58 60 74 76 107 141 179 195 199 203 205 303 304 319 321 329 330 347 348 , 14 8 % 31 , 2
16 18 38 58 87 88 93 117 123 137 140 145 146 147 163 165 169 175 177 195 205 215 234 267 268 271 274 284 286 323 340 , 1 13 % 31 , 2
34 86 96 99 144 153 155 221 233 237 239 257 258 261 268 272 275 286 291 296 298 299 300 309 310 311 324 330 343 346 350 , 0 4 % 31 , 2
8 12 16 20 36 44 46 50 54 58 119 126 127 148 149 195 199 241 243 270 288 303 304 317 319 321 322 329 330 341 347 348 , 12 18 % 32 , 2
38 64 84 113 119 131 147 148 149 156 178 198 203 205 231 237 270 273 287 304 306 318 319 321 322 323 329 331 333 335 341 345 348 , 0 25 % 33 , 2
5 7 9 15 23 37 45 49 59 73 83 95 98 100 102 106 108 110 112 114 138 145 146 154 156 168 190 208 212 230 240 242 248 284 , 12 32 % 34 , 2
8 10 12 16 20 36 38 46 47 48 58 64 66 74 107 126 128 140 147 177 197 231 270 289 302 303 304 313 321 333 334 341 347 348 , 10 16 % 34 , 2
8 10 12 16 24 26 36 38 44 46 48 54 58 60 74 76 107 126 141 169 179 195 203 205 270 289 303 304 317 321 322 332 347 348 , 10 14 % 34 , 2
16 38 39 83 87 88 93 94 96 148 151 171 175 178 195 199 203 233 236 253 257 259 272 286 287 312 319 330 332 333 335 341 345 346 347 , 0 29 % 35 , 2
8 10 12 16 20 36 38 46 48 58 66 74 119 126 147 197 231 241 243 270 288 289 302 303 304 313 319 321 330 333 334 341 347 348 349 , 12 16 % 35 , 2
16 66 84 86 131 141 146 151 155 160 171 205 207 231 233 245 258 259 260 268 273 287 293 294 318 319 321 322 323 331 332 333 334 344 350 , 15 7 % 35 , 2
7 45 49 102 106 128 129 134 147 152 154 158 160 168 171 172 200 202 204 224 226 230 231 237 246 247 248 252 256 273 274 303 313 320 329 348 , 3 33 % 36 , 2
11 13 14 25 30 31 35 43 57 64 67 75 80 81 101 105 129 132 142 147 173 175 184 189 196 200 213 214 216 222 228 231 312 320 322 333 334 335 341 , 14 28 % 39 , 2
4 5 7 9 15 73 83 102 106 110 112 114 128 134 138 143 145 156 160 168 183 190 191 198 204 208 210 212 218 224 226 230 240 246 248 249 252 284 298 , 28 32 % 39 , 2
11 13 14 15 19 25 30 31 34 35 37 43 69 80 81 101 105 129 141 142 147 173 175 189 204 205 209 213 214 216 222 228 231 302 312 320 333 334 335 , 18 30 % 39 , 2
11 13 14 19 25 28 30 31 35 56 57 67 69 70 71 80 81 101 105 129 142 147 162 173 175 186 189 196 209 213 214 216 222 228 231 302 312 320 334 335 , 18 22 % 40 , 2
11 13 14 25 28 30 31 34 43 56 67 69 70 71 75 78 80 81 101 103 105 129 141 142 162 164 173 175 186 203 205 209 214 216 220 222 228 312 320 335 , 16 18 % 40 , 2
11 13 14 23 25 29 30 31 34 43 67 75 80 81 101 105 121 129 132 141 142 162 164 173 175 200 203 205 209 214 216 220 222 228 270 312 320 322 335 346 , 16 28 % 40 , 2
8 10 12 16 26 36 38 44 46 48 50 53 54 58 60 74 76 126 141 169 195 199 203 205 241 243 270 288 289 303 304 317 319 321 322 329 330 347 348 349 , 12 14 % 40 , 2
11 13 14 25 30 35 56 57 66 67 69 75 77 80 81 101 103 105 129 142 147 149 166 173 175 189 190 196 197 199 200 214 216 222 228 302 312 320 333 334 335 , 14 24 % 41 , 2
11 13 14 25 28 30 31 35 43 56 57 67 69 70 75 78 80 81 101 103 105 129 142 147 173 175 184 189 196 213 214 216 222 228 231 302 312 320 333 334 335 , 14 18 % 41 , 2
11 13 14 25 29 30 35 51 56 57 66 67 69 71 79 80 81 101 105 121 129 142 147 149 162 173 175 189 190 196 197 200 209 214 216 222 228 302 312 320 334 335 , 22 24 % 42 , 2
11 13 14 19 25 29 30 31 35 57 64 67 79 80 81 101 105 121 129 132 142 147 162 173 175 189 196 200 209 213 214 216 222 228 231 312 317 320 322 334 335 341 , 22 28 % 42 , 2
11 13 14 25 28 30 31 43 56 65 67 69 70 75 77 78 80 81 101 103 105 109 127 129 130 132 134 142 149 173 175 199 200 214 216 222 228 244 312 320 322 335 , 14 16 % 42 , 2
11 14 23 25 29 30 31 34 35 43 67 75 80 81 101 105 129 141 147 164 173 175 184 189 196 200 202 213 214 216 222 228 231 270 304 312 317 320 333 334 335 341 , 20 28 % 42 , 2
11 13 14 25 28 29 30 31 51 56 67 69 70 71 80 81 101 105 121 127 129 130 132 134 142 149 162 173 175 182 186 200 209 214 216 222 228 244 312 320 322 335 , 16 22 % 42 , 2
11 13 14 25 30 34 35 37 56 57 67 69 71 75 80 81 101 103 105 129 141 142 147 162 164 173 175 189 196 204 206 209 214 216 220 222 228 302 312 320 333 334 335 , 18 24 % 43 , 2
68 83 84 86 122 131 138 141 146 149 150 155 156 157 177 180 198 203 205 207 233 258 259 263 265 276 279 287 288 289 318 321 322 324 325 331 332 334 336 341 342 344 347 , 1 33 % 43 , 2
11 14 25 28 30 31 34 35 43 56 58 67 69 70 75 80 81 101 103 105 129 141 147 164 173 175 184 189 196 204 213 214 216 222 228 231 302 304 312 320 333 334 335 , 18 20 % 43 , 2
11 14 23 25 27 28 29 30 31 34 43 56 65 67 69 70 75 80 81 98 101 103 105 109 127 129 130 141 149 164 173 175 199 200 214 216 222 228 244 270 312 320 335 , 16 20 % 43 , 2
33 38 88 99 117 131 135 139 147 155 173 197 198 203 207 209 231 233 237 239 256 258 266 267 268 271 275 287 291 305 318 319 322 329 330 331 333 335 341 346 347 348 350 , 0 23 % 43 , 2
5 16 38 88 99 106 111 131 136 137 140 149 151 177 185 203 205 207 209 213 215 231 233 255 257 258 260 277 287 289 290 307 318 319 322 323 328 330 331 333 335 341 347 , 0 27 % 43 , 2
7 11 13 14 25 30 31 34 43 65 69 80 81 98 101 105 109 121 127 129 130 132 134 141 142 149 172 173 175 199 200 205 209 214 216 222 228 244 270 312 320 322 329 335 , 16 30 % 44 , 2
11 13 14 19 25 30 31 34 35 43 52 79 80 81 100 101 105 121 129 132 141 142 147 173 175 188 189 200 205 209 213 214 216 222 228 231 270 312 320 322 333 334 335 341 , 28 30 % 44 , 2
24 37 51 59 61 102 106 116 119 121 124 130 132 134 140 147 155 168 172 178 182 190 192 200 203 230 237 244 246 248 256 276 277 302 303 317 320 329 330 335 341 347 348 349 , 7 9 % 44 , 2
11 14 25 27 29 30 34 35 56 66 67 69 75 80 81 98 101 103 105 129 141 147 149 164 173 175 189 196 197 199 200 202 204 214 216 222 228 270 302 312 320 333 334 335 , 20 24 % 44 , 2
2 7 45 84 102 106 129 131 140 141 151 155 156 160 161 168 171 172 192 195 202 224 226 230 231 237 248 250 260 273 274 313 318 319 320 321 322 329 333 334 341 344 347 348 , 15 3 % 44 , 2
21 48 49 50 54 61 102 116 121 123 129 138 140 143 147 155 156 158 168 172 178 190 200 202 203 224 230 238 242 246 248 252 259 270 277 302 303 320 329 335 341 347 348 349 , 11 7 % 44 , 2
2 4 5 7 45 47 49 84 88 102 106 107 129 131 149 151 152 154 155 158 168 195 230 231 241 243 248 256 257 260 289 303 318 319 321 322 329 333 334 335 341 344 347 348 349 , 13 3 % 45 , 2
7 11 13 14 25 27 29 30 34 51 54 56 67 69 71 75 77 80 81 98 101 103 105 121 129 141 142 149 162 164 173 175 199 200 209 214 216 220 222 228 270 312 320 329 335 , 16 24 % 45 , 2
7 11 13 14 25 30 34 35 37 66 69 79 80 81 98 101 105 121 129 141 142 147 149 173 175 188 189 197 199 200 204 209 214 216 222 228 234 270 302 312 320 329 333 334 335 , 24 30 % 45 , 2
7 15 23 37 45 49 59 66 73 98 100 102 106 108 110 112 116 129 138 152 154 158 168 190 199 208 212 213 230 231 239 240 242 248 256 270 275 277 303 312 317 329 330 346 348 350 , 13 33 % 46 , 2
3 11 13 14 25 29 30 34 35 57 67 75 79 80 81 101 105 121 129 141 142 147 162 164 173 175 180 188 189 196 200 202 206 209 214 216 220 222 228 270 312 320 328 333 334 335 , 24 28 % 46 , 2
2 7 16 61 73 84 102 106 119 124 141 146 147 155 160 168 169 172 178 190 192 200 208 230 231 237 239 240 246 248 256 287 302 303 320 322 329 330 331 332 334 341 344 347 348 349 , 5 9 % 46 , 2
11 13 14 25 30 31 35 43 65 66 69 80 81 101 105 109 119 127 129 130 132 134 142 147 148 149 173 175 189 197 199 200 213 214 216 222 228 231 244 302 312 320 322 333 334 335 341 , 14 30 % 47 , 2
11 14 25 28 29 30 31 35 56 66 67 69 70 80 81 87 101 105 119 127 129 130 147 148 149 173 175 189 196 197 200 213 214 216 222 228 231 235 244 250 302 312 317 320 334 335 341 , 20 22 % 47 , 2
3 61 73 90 91 102 116 121 140 141 146 147 148 149 151 155 160 168 172 178 190 200 203 208 226 230 231 232 246 248 273 277 291 293 302 303 320 321 322 329 333 334 335 341 347 348 349 , 11 9 % 47 , 2
11 13 14 19 25 30 31 35 66 69 79 80 81 101 105 119 121 127 129 130 132 134 142 147 148 149 173 175 189 197 200 209 210 213 214 216 222 228 231 244 289 302 312 320 322 334 335 341 , 22 30 % 48 , 2
21 27 48 54 61 73 102 127 129 137 141 146 147 155 156 158 160 168 172 178 190 200 202 208 212 230 231 242 245 246 248 250 252 259 270 295 302 303 304 312 320 322 329 334 341 347 348 349 , 11 5 % 48 , 2
11 13 14 19 25 30 31 34 35 43 47 57 67 75 80 81 101 105 107 129 141 142 147 162 164 171 173 175 177 184 189 194 196 203 205 206 209 213 214 216 220 222 228 231 304 312 320 333 334 335 , 18 28 % 50 , 2
11 14 25 30 31 34 35 41 43 65 66 69 80 81 98 101 105 109 119 127 129 130 141 147 148 149 173 175 189 197 199 200 204 213 214 216 222 228 231 244 270 302 303 312 320 333 334 335 341 347 , 20 30 % 50 , 2
10 14 16 22 28 38 40 42 54 58 60 65 70 72 74 76 82 86 89 99 108 123 125 127 148 151 175 189 193 203 211 217 239 245 259 261 262 268 269 270 275 277 284 287 288 295 330 331 332 338 340 346 , 1 3 % 52 , 2
11 13 14 20 25 28 30 31 35 56 57 64 66 67 69 70 80 81 101 105 119 127 129 130 132 134 142 147 148 149 173 175 189 190 196 197 200 213 214 216 222 228 231 235 244 302 312 320 322 334 335 341 , 14 22 % 52 , 2
11 13 14 19 25 30 31 34 43 66 67 69 71 75 77 80 81 101 127 129 141 147 148 149 162 164 170 173 175 189 194 196 197 199 209 213 214 216 218 220 222 224 228 231 302 304 312 320 333 334 335 341 , 26 8 % 52 , 2
11 14 17 25 28 30 31 35 43 56 65 66 67 69 70 75 80 81 101 103 105 109 119 127 129 130 147 148 149 173 175 184 189 196 197 199 200 213 214 216 222 228 231 235 244 302 312 313 320 333 334 335 341 , 14 20 % 53 , 2
7 23 37 45 64 66 94 98 100 102 104 106 108 110 112 123 129 138 143 160 164 168 171 172 182 186 199 202 208 210 211 212 213 218 224 226 230 231 237 240 242 248 270 273 274 277 293 294 313 320 329 330 348 350 , 15 33 % 54 , 2
2 7 23 27 37 45 66 84 98 100 102 106 108 110 112 129 131 138 151 155 168 195 199 207 208 212 213 230 231 233 240 242 248 258 259 260 270 277 287 318 319 321 322 329 330 331 332 333 334 341 344 347 348 350 , 13 15 % 54 , 2
7 11 14 17 25 29 30 31 35 41 43 53 63 65 66 67 69 75 77 79 80 81 101 105 112 119 127 129 141 147 148 149 173 175 186 189 196 197 199 213 214 216 218 222 226 228 231 250 302 304 312 320 333 334 335 341 , 26 6 % 56 , 2
9 19 21 23 36 45 48 54 56 61 101 102 106 108 110 119 124 129 144 147 152 155 156 158 161 168 172 174 178 190 192 200 202 230 237 241 242 246 248 252 256 259 269 270 274 302 303 320 329 330 341 342 343 347 348 349 , 5 7 % 56 , 2
11 13 14 19 23 25 29 30 31 34 35 43 51 57 65 66 67 69 75 77 80 81 101 105 110 126 127 128 129 130 132 134 141 142 147 149 162 170 173 175 182 186 188 189 196 197 209 210 214 216 220 222 228 231 244 302 304 312 320 322 333 334 335 341 , 10 26 % 64 , 2
11 13 14 17 25 30 31 35 41 43 51 53 65 66 67 69 75 77 79 80 81 101 105 119 126 127 129 130 132 134 141 147 148 149 164 166 170 173 175 182 186 189 196 197 199 200 210 213 214 216 218 222 224 228 231 244 250 252 302 304 312 320 322 333 334 335 341 , 12 26 % 67 , 2
8 10 11 12 14 16 20 24 25 28 29 30 31 33 35 36 38 43 44 46 48 54 56 58 60 62 65 66 67 69 70 72 74 75 76 77 78 80 81 101 103 105 127 129 141 147 149 173 175 179 186 189 196 197 201 214 216 222 228 231 270 302 303 304 312 313 320 333 334 335 341 347 348 , 10 6 % 73 , 2
8 10 11 12 14 16 20 24 25 28 30 31 33 36 38 40 43 44 46 48 54 56 58 60 62 66 67 69 70 72 74 75 76 77 78 80 81 101 103 127 129 141 147 148 149 173 175 179 184 189 193 196 197 199 201 213 214 216 218 222 228 231 302 303 304 312 320 329 333 334 335 341 347 348 , 6 8 % 74 , 2
5 22 27 45 49 51 57 59 61 67 71 73 75 83 86 102 106 108 110 112 114 124 131 133 136 137 138 143 145 146 147 152 154 155 156 168 177 190 198 205 208 211 212 230 231 237 238 242 246 248 250 252 256 257 259 271 277 284 287 294 317 318 321 322 323 327 329 331 332 333 334 341 344 347 348 , 1 31 % 75 , 2
9 22 35 50 63 64 66 84 86 89 92 94 97 114 115 120 121 127 129 138 141 143 145 146 147 152 154 155 156 158 160 161 168 171 173 195 197 198 199 200 205 206 211 237 238 239 247 256 259 270 273 274 275 276 280 284 288 289 303 305 312 313 317 320 321 327 329 332 334 342 344 346 348 349 350 , 1 27 % 75 , 2
8 10 11 12 13 14 16 20 25 26 28 30 31 36 38 43 44 46 48 54 56 58 60 66 67 69 70 74 75 76 77 78 80 81 101 127 129 141 147 148 149 164 170 171 173 175 189 195 196 197 199 201 203 205 213 214 216 218 222 224 228 231 302 303 304 312 319 320 321 329 330 333 334 335 341 347 348 , 12 8 % 77 , 2
5 9 21 22 31 50 88 89 91 94 102 106 110 114 115 128 129 130 132 134 138 140 141 143 145 152 154 155 156 157 159 160 161 167 168 171 172 176 195 197 208 211 218 220 224 226 230 232 244 245 246 247 248 250 252 254 258 259 260 266 270 274 276 284 285 289 290 302 303 313 320 332 334 342 343 344 346 347 349 , 1 25 % 79 , 2
3 5 7 9 15 21 22 23 27 45 73 92 102 104 106 107 108 110 112 114 121 127 129 137 138 141 143 145 146 149 151 152 154 156 158 160 161 168 170 178 184 188 195 204 205 212 213 224 230 237 238 242 245 246 247 248 256 259 270 273 276 282 284 289 292 296 303 304 306 308 312 320 321 332 334 342 344 345 349 , 1 23 % 79 , 2
15 22 65 79 80 88 102 114 119 120 121 129 131 138 143 145 148 149 153 154 155 157 160 166 168 170 171 176 177 178 184 187 188 190 192 196 203 205 208 210 212 218 224 230 231 232 233 235 237 240 246 248 250 252 257 269 270 271 273 284 286 287 289 294 305 306 315 319 321 323 329 331 333 334 335 336 341 342 347 348 349 , 1 17 % 81 , 2
8 10 11 12 14 16 17 20 25 28 30 31 35 36 38 39 41 43 44 46 48 50 53 54 56 58 60 65 66 67 69 70 74 75 76 77 78 79 80 81 101 105 119 127 129 141 147 148 149 173 175 186 189 196 197 199 201 213 214 216 218 222 228 231 235 241 250 270 288 302 303 304 312 313 320 329 333 334 335 341 347 348 349 , 12 6 % 83 , 2
8 10 11 12 13 14 16 19 20 24 25 26 28 30 31 33 34 36 38 43 44 45 46 48 54 56 58 60 62 64 66 67 69 70 72 74 75 76 77 78 80 81 101 103 107 109 127 129 140 141 147 149 162 170 173 175 179 189 195 196 197 201 203 205 209 214 216 220 222 228 231 302 303 304 312 320 321 333 334 335 341 347 348 , 10 8 % 83 , 2
8 10 11 12 13 14 16 20 25 26 28 30 31 35 36 38 43 44 46 48 51 54 56 58 60 65 66 67 69 70 74 75 76 77 78 80 81 101 105 126 127 129 130 132 134 141 147 149 169 170 173 175 182 186 189 195 196 197 201 203 205 210 214 216 222 228 231 244 270 289 302 303 304 312 313 317 320 321 322 333 334 335 341 347 348 , 10 12 % 85 , 2
5 7 9 15 22 65 69 73 85 86 102 106 112 114 115 116 117 122 127 128 129 130 131 134 136 137 138 141 143 145 146 147 149 152 154 156 160 166 168 175 190 197 198 204 208 210 211 212 213 218 224 226 230 231 232 235 239 240 244 246 247 248 250 252 256 260 273 275 276 281 284 288 289 291 293 295 305 313 318 321 322 323 329 330 331 334 338 344 348 350 , 1 29 % 90 , 2
5 7 9 15 45 49 51 59 61 66 73 84 88 89 93 94 100 102 104 106 107 108 112 114 115 116 121 122 123 124 128 132 134 138 139 143 145 147 149 152 154 155 156 158 161 168 169 170 172 178 180 182 186 190 197 199 203 207 224 226 230 231 233 236 238 242 246 248 252 256 257 258 259 268 275 276 277 284 287 290 291 297 317 318 319 321 322 329 330 331 332 333 334 335 341 344 346 347 348 349 , 1 21 % 100 , 2
63 84 88 93 99 102 114 115 118 119 120 121 122 124 127 128 129 130 132 134 137 138 140 141 143 145 147 149 154 155 156 160 166 168 172 173 178 182 189 192 200 203 205 207 210 211 212 213 218 224 226 229 230 231 232 237 240 241 244 246 247 248 249 256 257 259 269 276 277 284 285 287 288 289 293 298 299 300 305 309 311 312 317 318 319 320 321 322 323 329 330 331 332 333 334 335 341 342 343 344 346 347 348 350 , 1 19 % 104 , 2
1 2 3 4 6 8 10 11 12 13 14 16 20 22 24 25 26 28 30 31 36 37 39 40 44 46 48 51 52 54 56 58 60 62 64 66 67 69 70 71 72 74 76 77 78 79 80 81 101 105 109 113 116 121 125 127 129 132 141 142 147 162 164 169 171 173 175 179 181 187 189 193 196 197 201 203 209 213 214 216 218 219 222 223 228 231 249 262 264 270 278 279 280 281 302 303 304 312 317 320 333 334 335 341 347 348 , 2 4 % 106 , 2
7 19 31 37 78 81 162 189 216 228 , 17 27 31 % 10 , 3
6 32 90 125 161 259 318 342 346 350 , 12 14 8 % 10 , 3
82 88 144 217 223 247 274 295 305 323 , 0 16 18 % 10 , 3
2 22 32 155 161 245 259 287 342 344 , 12 16 18 % 10 , 3
2 6 22 105 125 181 223 262 270 317 , 2 4 8 % 10 , 3
6 22 39 40 116 125 169 171 213 223 , 10 2 4 % 10 , 3
42 58 74 76 125 189 193 211 217 268 , 1 3 7 % 10 , 3
36 46 54 58 107 126 245 319 331 332 , 14 22 32 % 10 , 3
36 58 127 140 149 241 303 321 347 348 , 18 24 28 % 10 , 3
3 19 28 31 77 78 79 162 189 214 , 21 27 33 % 10 , 3
54 107 161 243 319 321 329 347 348 349 , 20 22 28 % 10 , 3
6 32 39 40 90 125 161 287 344 346 , 10 12 14 % 10 , 3
129 158 160 171 237 247 274 303 313 320 , 3 31 33 % 10 , 3
22 86 108 211 259 277 284 287 331 332 , 1 3 31 % 10 , 3
36 54 107 126 245 305 313 319 331 332 , 22 30 32 % 10 , 3
36 58 107 205 303 313 321 347 348 349 , 22 24 28 % 10 , 3
20 36 54 126 203 289 303 304 313 321 , 10 12 30 % 10 , 3
24 36 48 156 247 269 302 303 320 343 , 13 15 7 % 10 , 3
20 33 36 54 103 107 203 303 304 321 , 10 30 8 % 10 , 3
20 36 126 241 243 303 304 319 321 331 , 16 18 30 % 10 , 3
6 22 32 90 119 125 223 243 329 349 , 10 4 8 % 10 , 3
48 121 147 156 203 252 302 303 320 349 , 11 15 7 % 10 , 3
36 54 107 126 203 289 303 304 321 332 , 10 14 30 % 10 , 3
6 32 125 217 259 331 332 342 346 350 , 12 6 8 % 10 , 3
99 130 145 149 160 276 284 285 289 335 , 1 15 19 % 10 , 3
129 141 160 171 237 245 270 293 320 350 , 15 21 31 % 10 , 3
36 46 54 58 126 195 317 319 331 332 , 14 18 32 % 10 , 3
84 139 233 256 257 258 275 276 291 318 , 1 21 26 % 10 , 3
36 58 140 241 243 303 319 321 347 348 , 16 18 28 % 10 , 3
129 143 160 171 211 237 270 293 320 350 , 15 21 33 % 10 , 3
54 161 241 243 319 321 329 347 348 349 , 12 20 28 % 10 , 3
6 34 39 40 62 72 117 125 193 287 , 12 14 2 % 10 , 3
54 107 241 243 319 321 329 347 348 349 , 14 20 28 % 10 , 3
36 54 103 107 126 303 304 313 321 332 , 10 22 30 % 10 , 3
6 32 82 125 183 223 243 317 322 332 , 4 6 8 % 10 , 3
22 130 145 160 197 258 276 284 285 289 , 1 15 25 % 10 , 3
19 21 23 28 37 78 162 164 196 216 , 19 21 31 % 10 , 3
36 107 126 243 303 304 313 319 321 331 , 16 22 30 % 10 , 3
3 19 21 28 31 78 162 189 196 214 , 21 31 33 % 10 , 3
116 144 181 229 233 256 257 273 274 285 , 12 14 20 % 10 , 3
28 37 77 78 79 81 164 189 214 218 , 21 23 27 % 10 , 3
54 107 203 241 243 289 319 321 331 332 , 14 20 30 % 10 , 3
38 148 178 203 287 319 333 335 341 345 , 0 25 29 % 10 , 3
46 48 64 107 195 203 321 322 347 348 , 10 20 24 % 10 , 3
102 114 138 143 168 212 224 230 246 248 , 16 18 22 % 10 , 3
32 84 86 155 171 207 259 287 292 344 , 14 16 20 % 10 , 3
2 8 10 44 74 76 78 169 171 201 , 2 20 4 % 10 , 3
6 39 40 62 72 125 171 193 201 317 , 14 2 4 % 10 , 3
36 58 107 205 241 303 321 347 348 349 , 14 24 28 % 10 , 3
102 114 138 143 145 168 212 230 246 248 , 18 22 30 % 10 , 3
48 127 141 156 160 245 250 302 303 304 320 , 11 13 5 % 11 , 3
20 36 126 241 243 289 303 304 313 319 321 , 12 16 30 % 11 , 3
21 23 28 37 77 78 79 162 164 216 222 , 19 21 29 % 11 , 3
2 22 26 39 44 60 62 72 76 169 171 , 16 2 4 % 11 , 3
66 126 128 147 197 231 302 304 333 334 341 , 10 16 26 % 11 , 3
36 54 58 107 205 302 303 313 321 347 348 , 10 22 28 % 11 , 3
6 32 34 117 125 259 287 342 344 346 350 , 12 14 6 % 11 , 3
102 114 138 143 145 168 178 212 230 240 248 , 14 18 30 % 11 , 3
102 114 138 143 168 178 224 230 240 246 248 , 16 18 20 % 11 , 3
86 99 144 151 207 225 256 261 269 272 294 , 0 10 8 % 11 , 3
36 107 126 241 243 289 303 304 319 321 331 , 14 16 30 % 11 , 3
66 119 126 147 197 231 302 304 333 334 341 , 12 16 26 % 11 , 3
16 38 39 87 151 233 286 319 330 335 341 , 0 29 31 % 11 , 3
12 16 20 46 54 195 321 322 332 347 348 , 10 18 20 % 11 , 3
46 48 64 107 195 203 321 330 346 347 348 , 20 24 8 % 11 , 3
40 88 121 193 217 223 247 271 276 295 343 , 0 18 20 % 11 , 3
19 21 28 77 78 79 162 184 196 222 250 , 19 21 33 % 11 , 3
129 141 156 160 161 171 195 237 274 313 320 , 15 3 31 % 11 , 3
24 121 147 203 244 256 302 303 317 320 349 , 15 7 9 % 11 , 3
94 129 160 171 237 270 274 293 313 320 350 , 15 31 33 % 11 , 3
5 16 38 88 99 151 207 260 319 333 335 , 0 27 33 % 11 , 3
