114 115 127 129 138 141 143 145 147 154 156 160 168 211 247 256 276 284 288 289 305 321 329 334 344 348 350 , 1 19 27 29 % 27 , 4
11 14 25 28 30 31 43 56 67 69 70 75 80 81 101 103 105 129 173 175 214 216 222 228 312 320 335 , 14 16 18 20 % 27 , 4
102 114 137 138 143 145 147 154 156 168 211 212 230 231 246 248 256 284 318 321 322 323 329 331 334 344 348 , 1 19 29 31 % 27 , 4
114 121 127 129 138 141 143 145 154 156 160 168 205 237 247 256 259 276 284 289 312 320 321 332 334 342 344 , 1 19 23 27 % 27 , 4
102 114 138 143 145 154 155 168 205 212 230 231 237 246 248 257 284 287 321 323 329 331 333 334 341 347 348 , 1 17 19 31 % 27 , 4
11 13 14 25 30 35 69 80 81 101 105 129 142 147 173 175 189 214 216 222 228 302 312 320 333 334 335 , 14 18 24 30 % 27 , 4
5 45 73 102 106 108 112 114 138 143 145 152 154 156 168 230 238 242 246 248 256 259 284 321 332 334 344 , 1 21 23 31 % 27 , 4
11 14 25 30 35 67 75 80 81 101 105 129 147 173 175 189 196 200 214 216 222 228 312 320 333 334 335 , 14 20 24 28 % 27 , 4
11 14 25 30 34 35 80 81 101 105 129 141 147 173 175 189 200 214 216 222 228 270 312 320 333 334 335 , 20 24 28 30 % 27 , 4
5 7 9 15 73 102 106 112 114 138 143 145 149 152 154 156 168 224 230 246 248 256 276 284 321 334 344 , 1 21 23 29 % 27 , 4
11 13 14 25 30 35 69 80 81 101 105 129 142 147 173 175 189 209 214 216 222 228 302 312 320 334 335 , 18 22 24 30 % 27 , 4
11 13 14 25 30 34 35 80 81 101 105 129 141 142 147 173 175 189 209 214 216 222 228 312 320 333 334 335 , 18 24 28 30 % 28 , 4
11 13 14 25 30 34 67 75 80 81 101 105 129 141 142 162 164 173 175 209 214 216 220 222 228 312 320 335 , 16 18 24 28 % 28 , 4
102 114 127 129 137 138 141 143 145 149 154 156 160 168 212 213 224 230 246 247 248 256 276 284 289 321 334 344 , 1 19 23 29 % 28 , 4
11 13 14 25 30 35 79 80 81 101 105 121 129 142 147 173 175 189 200 209 214 216 222 228 312 320 334 335 , 22 24 28 30 % 28 , 4
11 14 25 30 34 35 69 80 81 101 105 129 141 147 173 175 189 204 214 216 222 228 302 312 320 333 334 335 , 18 20 24 30 % 28 , 4
11 13 14 25 30 35 57 67 80 81 101 105 129 142 147 173 175 189 196 200 214 216 222 228 312 320 334 335 , 14 22 24 28 % 28 , 4
88 102 114 115 128 132 134 138 143 145 154 155 156 168 172 224 226 230 246 248 259 276 284 332 334 344 346 347 , 1 19 21 25 % 28 , 4
9 22 114 129 138 141 143 145 152 154 156 160 161 168 195 247 259 270 276 284 289 303 320 332 334 342 344 349 , 1 23 25 27 % 28 , 4
11 14 25 30 31 35 43 80 81 101 105 129 147 173 175 189 200 213 214 216 222 228 231 312 320 333 334 335 341 , 14 20 28 30 % 29 , 4
11 13 14 25 30 35 57 67 80 81 101 105 129 142 147 162 173 175 189 196 209 214 216 222 228 312 320 334 335 , 18 22 24 28 % 29 , 4
11 13 14 25 30 31 35 69 80 81 101 105 129 142 147 173 175 189 213 214 216 222 228 231 302 312 320 334 335 , 14 18 22 30 % 29 , 4
11 14 25 28 30 31 56 67 69 70 80 81 101 105 127 129 130 149 173 175 200 214 216 222 228 244 312 320 335 , 14 16 20 22 % 29 , 4
11 13 14 25 30 35 57 67 75 80 81 101 105 129 142 147 173 175 189 196 214 216 222 228 312 320 333 334 335 , 14 18 24 28 % 29 , 4
11 14 25 30 31 34 35 43 80 81 101 105 129 141 147 173 175 189 213 214 216 222 228 231 312 320 333 334 335 , 18 20 28 30 % 29 , 4
11 13 14 25 30 31 35 43 80 81 101 105 129 142 147 173 175 189 213 214 216 222 228 231 312 320 333 334 335 , 14 18 28 30 % 29 , 4
11 14 25 30 31 35 43 69 80 81 101 105 129 147 173 175 189 213 214 216 222 228 231 302 312 320 333 334 335 , 14 18 20 30 % 29 , 4
11 13 14 19 25 30 31 35 80 81 101 105 129 142 147 173 175 189 209 213 214 216 222 228 231 312 320 334 335 , 18 22 28 30 % 29 , 4
11 14 25 30 31 43 65 69 80 81 101 105 109 127 129 130 149 173 175 199 200 214 216 222 228 244 312 320 335 , 14 16 20 30 % 29 , 4
11 14 25 30 34 35 67 75 80 81 101 105 129 141 147 164 173 175 189 196 214 216 222 228 312 320 333 334 335 , 18 20 24 28 % 29 , 4
11 14 25 30 31 35 67 80 81 101 105 129 147 173 175 189 196 200 213 214 216 222 228 231 312 320 334 335 341 , 14 20 22 28 % 29 , 4
11 14 25 30 35 56 67 69 75 80 81 101 103 105 129 147 173 175 189 196 214 216 222 228 302 312 320 333 334 335 , 14 18 20 24 % 30 , 4
11 13 14 25 30 35 56 57 67 69 80 81 101 105 129 142 147 173 175 189 196 214 216 222 228 302 312 320 334 335 , 14 18 22 24 % 30 , 4
102 114 129 138 143 145 149 154 160 166 168 210 212 218 224 230 231 232 240 246 248 284 289 305 321 323 329 331 334 348 , 1 17 19 29 % 30 , 4
11 14 25 30 35 66 69 80 81 101 105 129 147 149 173 175 189 197 199 200 214 216 222 228 302 312 320 333 334 335 , 14 20 24 30 % 30 , 4
11 13 14 25 30 35 66 69 80 81 101 105 129 142 147 149 173 175 189 197 200 214 216 222 228 302 312 320 334 335 , 14 22 24 30 % 30 , 4
11 13 14 25 30 31 69 80 81 101 105 127 129 130 132 134 142 149 173 175 200 214 216 222 228 244 312 320 322 335 , 14 16 22 30 % 30 , 4
11 13 14 25 30 31 35 57 67 80 81 101 105 129 142 147 173 175 189 196 213 214 216 222 228 231 312 320 334 335 , 14 18 22 28 % 30 , 4
5 73 102 106 112 114 138 143 145 147 152 154 156 168 190 230 231 246 248 252 256 284 318 321 322 329 331 334 344 348 , 1 21 29 31 % 30 , 4
102 114 115 128 129 130 134 138 141 143 145 154 156 160 168 211 218 224 226 230 232 244 246 247 248 276 284 289 334 344 , 1 19 25 29 % 30 , 4
11 13 14 25 30 31 35 80 81 101 105 129 132 142 147 173 175 189 200 213 214 216 222 228 231 312 320 322 334 335 341 , 14 22 28 30 % 31 , 4
11 14 25 30 35 56 66 67 69 80 81 101 105 129 147 149 173 175 189 196 197 200 214 216 222 228 302 312 320 334 335 , 14 20 22 24 % 31 , 4
88 102 114 121 138 143 145 149 154 155 168 178 203 224 230 231 246 248 257 284 287 319 321 329 331 333 334 335 341 347 348 , 1 17 19 21 % 31 , 4
11 14 25 30 31 35 43 67 75 80 81 101 105 129 147 173 175 184 189 196 213 214 216 222 228 231 312 320 333 334 335 , 14 18 20 28 % 31 , 4
11 14 25 28 30 31 35 56 67 69 70 80 81 101 105 129 147 173 175 189 196 213 214 216 222 228 231 302 312 320 334 335 , 14 18 20 22 % 32 , 4
102 114 115 122 128 134 138 143 145 147 149 154 156 168 224 226 230 231 246 248 256 276 284 318 321 322 329 330 331 334 344 348 , 1 19 21 29 % 32 , 4
102 114 124 138 143 145 147 154 155 156 168 230 231 246 248 256 257 259 277 284 287 317 318 321 322 329 331 332 333 334 341 344 347 348 , 1 19 21 31 % 34 , 4
11 14 25 30 31 35 66 69 80 81 101 105 119 127 129 130 147 148 149 173 175 189 197 200 213 214 216 222 228 231 244 302 312 320 334 335 341 , 14 20 22 30 % 37 , 4
11 13 14 25 30 31 43 66 67 69 75 77 80 81 101 127 129 141 147 149 170 173 175 189 196 197 214 216 222 228 231 302 304 312 320 333 334 335 341 , 10 12 26 8 % 39 , 4
11 14 25 30 31 35 43 65 66 67 69 75 77 80 81 101 105 127 129 141 147 149 173 175 186 189 196 197 214 216 222 228 231 302 304 312 320 333 334 335 341 , 10 12 26 6 % 41 , 4
11 14 25 30 31 43 66 67 69 75 77 80 81 101 127 129 141 147 148 149 173 175 189 196 197 199 213 214 216 218 222 228 231 302 304 312 320 333 334 335 341 , 12 26 6 8 % 41 , 4
8 10 11 12 14 16 20 25 28 30 31 36 38 43 44 46 48 54 56 58 60 66 67 69 70 74 75 76 77 78 80 81 101 127 129 141 147 149 173 175 189 196 197 201 214 216 222 228 231 302 303 304 312 320 333 334 335 341 347 348 , 10 12 6 8 % 60 , 4
36 46 48 58 303 304 313 347 348 349 , 12 16 22 24 6 % 10 , 5
84 138 155 156 259 276 321 332 334 344 , 1 19 21 27 33 % 10 , 5
12 16 38 46 48 319 321 330 347 348 , 12 14 16 20 8 % 10 , 5
36 54 58 127 148 149 303 329 347 348 , 12 18 28 6 8 % 10 , 5
114 138 143 145 154 155 168 284 334 349 , 1 17 21 25 27 % 10 , 5
36 46 48 58 65 303 304 313 347 348 , 10 12 22 24 6 % 10 , 5
12 16 46 48 243 319 321 347 348 349 , 12 14 16 20 22 % 10 , 5
12 16 46 48 54 107 141 321 347 348 , 10 14 20 22 8 % 10 , 5
138 149 155 203 287 321 331 334 341 347 , 1 17 19 21 33 % 10 , 5
36 46 48 58 303 304 313 321 347 348 , 10 12 16 22 24 % 10 , 5
12 16 46 241 243 319 321 330 347 348 , 12 14 16 18 20 % 10 , 5
12 16 46 54 243 319 321 329 347 348 , 12 14 18 20 22 % 10 , 5
22 114 138 143 145 154 155 168 284 334 , 1 17 25 27 31 % 10 , 5
36 46 48 58 303 304 321 347 348 349 , 12 14 16 22 24 % 10 , 5
36 58 70 127 149 205 303 321 347 348 , 10 12 24 28 8 % 10 , 5
36 54 58 243 303 319 321 329 347 348 , 12 14 18 22 28 % 10 , 5
12 16 46 48 54 141 329 347 348 349 , 12 14 20 22 6 % 10 , 5
8 24 36 46 48 58 303 304 347 348 , 10 14 24 6 8 % 10 , 5
36 54 58 205 303 319 321 329 347 348 , 12 14 22 28 8 % 10 , 5
8 36 46 48 58 303 304 321 330 347 348 , 12 14 16 24 8 % 11 , 5
12 16 38 46 48 54 60 141 179 347 348 , 10 14 20 6 8 % 11 , 5
8 36 46 50 58 241 288 303 304 347 348 , 12 14 18 24 6 % 11 , 5
12 16 46 54 195 319 321 329 330 347 348 , 12 14 18 20 8 % 11 , 5
36 46 48 58 107 205 303 304 321 347 348 , 10 14 22 24 8 % 11 , 5
8 36 46 58 140 303 304 321 341 347 348 , 10 16 18 24 8 % 11 , 5
12 16 38 46 48 54 60 141 329 347 348 , 12 14 20 6 8 % 11 , 5
114 121 138 143 145 154 168 284 321 334 349 , 1 17 21 23 27 % 11 , 5
8 36 46 48 58 107 303 304 321 347 348 , 10 14 16 24 8 % 11 , 5
8 36 46 58 303 304 321 330 341 347 348 , 12 16 18 24 8 % 11 , 5
12 16 46 48 54 141 319 321 329 347 348 , 12 14 20 22 8 % 11 , 5
8 36 46 58 195 303 304 321 330 347 348 , 12 14 18 24 8 % 11 , 5
122 138 149 156 276 318 321 322 331 334 344 , 1 19 21 29 33 % 11 , 5
138 141 155 156 259 276 289 332 334 342 344 , 1 19 25 27 33 % 11 , 5
12 16 20 38 46 48 54 60 141 347 348 , 10 12 20 6 8 % 11 , 5
8 36 46 58 195 303 304 321 322 347 348 , 10 12 14 18 24 % 11 , 5
22 114 138 143 145 154 168 205 237 284 321 334 , 1 17 23 27 31 % 12 , 5
8 36 46 58 241 288 303 304 321 330 347 348 , 12 14 16 18 24 % 12 , 5
8 36 46 48 58 231 303 304 313 341 347 348 , 10 12 16 24 6 % 12 , 5
8 36 46 48 58 231 303 304 321 341 347 348 , 10 12 16 24 8 % 12 , 5
12 16 36 46 48 58 270 303 304 347 348 349 , 12 14 16 22 6 % 12 , 5
8 36 46 48 58 241 288 303 304 347 348 349 , 12 14 16 24 6 % 12 , 5
22 114 138 143 145 154 168 284 321 329 334 348 , 1 17 27 29 31 % 12 , 5
138 141 156 205 259 276 289 321 332 334 342 344 , 1 19 23 27 33 % 12 , 5
8 36 46 58 119 241 288 303 304 341 347 348 , 12 16 18 24 6 % 12 , 5
12 16 36 46 48 58 107 303 304 321 347 348 , 10 14 16 22 8 % 12 , 5
12 16 36 46 48 58 303 304 319 321 347 348 , 12 14 16 22 8 % 12 , 5
12 16 36 46 48 54 58 141 270 303 304 347 348 , 10 12 14 22 6 % 13 , 5
22 114 138 143 145 152 154 156 168 211 284 334 344 , 1 25 27 29 31 % 13 , 5
8 12 16 36 44 46 54 58 270 303 304 347 348 , 10 12 14 18 6 % 13 , 5
8 36 46 48 58 195 203 205 303 304 321 347 348 , 10 12 14 24 8 % 13 , 5
8 36 46 58 127 149 195 303 304 321 341 347 348 , 10 12 18 24 8 % 13 , 5
8 12 16 36 46 58 241 270 288 303 304 347 348 , 12 14 16 18 6 % 13 , 5
8 12 16 20 36 46 58 270 303 304 341 347 348 , 10 12 16 18 6 % 13 , 5
114 129 138 143 145 154 155 160 168 284 289 334 342 , 1 17 19 25 27 % 13 , 5
12 16 36 46 54 58 199 270 303 304 329 347 348 , 12 14 18 22 6 % 13 , 5
12 16 36 46 54 58 126 270 303 304 321 347 348 , 10 12 14 18 22 % 13 , 5
36 54 56 58 66 70 127 149 197 302 303 347 348 , 10 12 28 6 8 % 13 , 5
8 12 16 36 46 58 303 304 319 321 330 347 348 , 12 14 16 18 8 % 13 , 5
114 121 138 143 145 154 155 168 284 321 329 334 348 , 1 17 19 21 27 % 13 , 5
8 12 16 20 36 46 58 303 304 321 341 347 348 , 10 12 16 18 8 % 13 , 5
12 16 36 46 48 58 126 270 303 304 321 347 348 , 10 12 14 16 22 % 13 , 5
12 16 36 46 48 58 302 303 304 321 333 347 348 , 10 12 16 22 8 % 13 , 5
8 12 16 36 46 58 126 270 303 304 321 347 348 , 10 12 14 16 18 % 13 , 5
12 16 36 46 54 58 199 303 304 319 321 329 347 348 , 12 14 18 22 8 % 14 , 5
22 114 129 138 143 145 154 160 168 273 284 289 321 334 , 1 17 23 27 29 % 14 , 5
12 16 36 46 48 54 58 141 199 303 304 329 347 348 , 12 14 22 6 8 % 14 , 5
114 138 143 145 154 155 168 205 237 284 321 329 334 348 , 1 17 19 27 31 % 14 , 5
8 12 16 36 44 46 54 58 195 303 304 321 347 348 , 10 12 14 18 8 % 14 , 5
12 16 36 46 48 58 270 302 303 304 313 333 347 348 , 10 12 16 22 6 % 14 , 5
114 138 143 145 154 155 156 168 211 259 284 332 334 344 , 1 19 25 27 31 % 14 , 5
12 16 36 46 58 126 243 270 303 304 319 321 347 348 , 12 14 16 18 22 % 14 , 5
8 12 16 36 44 46 54 58 199 303 304 329 347 348 , 12 14 18 6 8 % 14 , 5
138 155 156 259 287 318 321 322 331 332 334 341 344 347 , 1 19 21 31 33 % 14 , 5
12 16 36 46 48 54 58 141 205 303 304 321 347 348 , 10 12 14 22 8 % 14 , 5
102 114 138 143 145 154 168 224 230 246 248 284 334 349 , 1 17 21 23 25 % 14 , 5
114 138 143 145 152 154 155 156 168 259 284 332 334 344 , 1 21 25 27 31 % 14 , 5
102 114 138 143 145 154 168 224 230 246 248 252 284 334 , 1 17 21 25 29 % 14 , 5
12 16 26 38 46 48 54 60 141 195 203 321 347 348 , 10 12 14 20 8 % 14 , 5
22 114 138 143 145 152 154 156 168 259 284 332 334 344 , 1 23 25 27 31 % 14 , 5
8 10 12 16 36 38 46 48 58 74 303 304 321 347 348 , 10 12 14 16 8 % 15 , 5
102 114 138 143 145 154 155 168 230 246 248 252 284 334 347 , 1 17 21 25 31 % 15 , 5
22 114 138 143 145 146 152 154 156 168 256 284 321 334 344 , 1 23 27 29 31 % 15 , 5
9 114 115 138 143 145 152 154 156 168 197 276 284 334 344 , 1 21 25 27 29 % 15 , 5
8 10 12 16 36 38 46 48 58 74 270 303 304 347 348 , 10 12 14 16 6 % 15 , 5
114 129 138 143 145 154 160 168 284 289 305 321 329 334 348 , 1 17 19 27 29 % 15 , 5
9 114 138 143 145 152 154 156 168 256 276 284 321 334 344 , 1 21 23 27 29 % 15 , 5
12 16 36 46 48 54 58 78 141 302 303 304 333 347 348 , 10 12 22 6 8 % 15 , 5
22 102 114 138 143 145 154 168 212 230 246 248 284 321 334 , 1 17 23 29 31 % 15 , 5
102 114 138 143 145 154 156 168 211 230 246 248 284 334 344 , 1 19 25 29 31 % 15 , 5
22 114 129 138 143 145 154 160 168 270 284 289 334 342 349 , 1 17 23 25 27 % 15 , 5
114 138 143 145 152 154 156 168 238 256 259 284 321 332 334 344 , 1 21 23 27 31 % 16 , 5
114 138 143 145 147 152 154 156 168 256 284 321 329 334 344 348 , 1 21 27 29 31 % 16 , 5
22 102 114 138 143 145 154 168 208 230 246 248 250 252 284 334 , 1 17 25 29 31 % 16 , 5
114 138 143 145 154 156 168 205 237 256 259 284 321 332 334 344 , 1 19 23 27 31 % 16 , 5
88 102 114 138 143 145 154 155 168 224 230 246 248 284 334 347 , 1 17 19 21 25 % 16 , 5
114 138 143 145 147 154 156 168 211 256 284 321 329 334 344 348 , 1 19 27 29 31 % 16 , 5
8 12 16 20 36 44 46 54 58 127 149 303 304 341 347 348 , 10 12 18 6 8 % 16 , 5
114 121 129 138 143 145 154 160 168 205 237 284 289 321 334 342 , 1 17 19 23 27 % 16 , 5
102 114 138 143 145 154 168 205 212 230 237 246 248 284 321 334 , 1 17 19 23 31 % 16 , 5
114 115 138 143 145 154 155 156 168 259 276 284 332 334 344 346 , 1 19 21 25 27 % 16 , 5
114 121 138 143 145 154 156 168 256 259 276 284 321 332 334 344 , 1 19 21 23 27 % 16 , 5
15 102 114 138 143 145 149 154 168 224 230 246 248 284 321 334 , 1 17 21 23 29 % 16 , 5
8 28 36 46 48 58 70 127 129 149 231 303 304 341 347 348 , 10 12 24 6 8 % 16 , 5
114 115 138 143 145 147 154 156 168 256 276 284 321 329 334 344 348 , 1 19 21 27 29 % 17 , 5
102 114 121 138 143 145 149 154 168 178 224 230 246 248 284 321 334 , 1 17 19 21 23 % 17 , 5
102 114 129 138 143 145 154 160 168 224 230 246 248 284 289 334 342 , 1 17 19 23 25 % 17 , 5
9 114 138 143 145 152 154 156 161 168 259 276 284 332 334 344 349 , 1 21 23 25 27 % 17 , 5
22 102 114 129 138 143 145 154 160 168 224 230 246 248 284 289 334 , 1 17 23 25 29 % 17 , 5
5 102 106 114 138 143 145 152 154 156 168 230 246 248 252 284 334 344 , 1 21 25 29 31 % 18 , 5
102 114 137 138 143 145 154 156 168 212 230 246 248 256 284 321 334 344 , 1 19 23 29 31 % 18 , 5
102 114 129 138 143 145 154 160 168 218 224 230 232 246 248 284 289 334 , 1 17 19 25 29 % 18 , 5
102 114 138 143 145 154 156 168 224 230 246 248 259 276 284 332 334 344 , 1 19 21 23 25 % 18 , 5
114 115 129 138 141 143 145 154 156 160 168 211 247 276 284 289 334 344 , 1 19 25 27 29 % 18 , 5
