4 5 83 102 106 110 114 128 134 138 143 145 160 168 191 198 208 218 224 226 230 246 248 249 252 284 , 24 28 32 % 26 , 3
8 10 12 16 36 38 44 46 48 50 53 54 58 60 74 76 141 199 241 270 288 303 304 329 347 348 349 , 12 14 6 % 27 , 3
61 102 106 119 124 147 155 168 172 178 190 192 200 230 237 246 248 256 302 303 320 329 330 341 347 348 349 , 5 7 9 % 27 , 3
11 13 14 25 30 31 43 67 75 80 81 101 105 129 132 142 173 175 200 214 216 222 228 312 320 322 335 , 14 16 28 % 27 , 3
5 22 102 106 110 114 138 143 145 152 154 155 156 168 208 211 230 246 248 250 252 259 284 332 334 344 347 , 1 25 31 % 27 , 3
11 13 14 25 30 31 34 43 69 80 81 101 105 129 141 142 173 175 205 209 214 216 222 228 312 320 335 , 16 18 30 % 27 , 3
8 10 12 16 20 36 38 46 48 58 64 66 74 107 140 147 197 231 302 303 304 321 333 334 341 347 348 , 10 16 8 % 27 , 3
2 7 45 84 102 106 129 131 151 155 168 195 230 231 248 260 318 319 321 322 329 333 334 341 344 347 348 , 13 15 3 % 27 , 3
8 10 12 16 24 26 36 38 44 46 48 54 58 60 74 76 107 141 179 195 203 205 303 304 321 347 348 , 10 14 8 % 27 , 3
8 10 12 16 20 36 38 46 48 58 66 74 126 147 197 231 270 289 302 303 304 313 321 333 334 341 347 348 , 10 12 16 % 28 , 3
8 10 12 16 26 36 38 44 46 48 54 58 60 74 76 141 195 199 203 205 303 304 319 321 329 330 347 348 , 12 14 8 % 28 , 3
61 73 102 141 146 147 155 160 168 172 178 190 200 208 230 231 246 248 302 303 320 322 329 334 341 347 348 349 , 11 5 9 % 28 , 3
11 13 14 25 30 56 67 69 75 77 80 81 101 103 105 129 142 149 173 175 199 200 214 216 222 228 312 320 335 , 14 16 24 % 29 , 3
22 86 114 138 143 145 146 147 152 154 155 156 168 198 205 211 237 238 256 259 284 317 321 327 329 332 334 344 348 , 1 27 31 % 29 , 3
11 13 14 25 29 30 31 67 80 81 101 105 121 129 132 142 162 173 175 200 209 214 216 222 228 312 320 322 335 , 16 22 28 % 29 , 3
11 14 23 25 29 30 31 34 43 67 75 80 81 101 105 129 141 164 173 175 200 214 216 222 228 270 312 320 335 , 16 20 28 % 29 , 3
8 10 12 16 20 36 38 46 48 58 66 74 119 147 197 231 241 270 288 302 303 304 313 333 334 341 347 348 349 , 12 16 6 % 29 , 3
11 14 25 28 30 31 34 43 56 67 69 70 75 80 81 101 103 105 129 141 164 173 175 214 216 222 228 312 320 335 , 16 18 20 % 30 , 3
11 13 14 25 28 30 31 43 56 67 69 70 75 78 80 81 101 103 105 129 142 173 175 214 216 222 228 312 320 335 , 14 16 18 % 30 , 3
11 13 14 25 30 35 57 67 75 80 81 101 105 129 142 147 173 175 189 196 200 214 216 222 228 312 320 333 334 335 , 14 24 28 % 30 , 3
11 14 25 28 29 30 31 56 67 69 70 80 81 101 105 127 129 130 149 173 175 200 214 216 222 228 244 312 320 335 , 16 20 22 % 30 , 3
7 23 37 45 66 98 100 102 106 108 110 112 129 138 168 199 208 212 213 230 231 240 242 248 270 277 329 330 348 350 , 13 15 33 % 30 , 3
11 13 14 25 28 30 31 56 67 69 70 71 80 81 101 105 129 142 162 173 175 186 209 214 216 222 228 312 320 335 , 16 18 22 % 30 , 3
8 10 12 16 26 36 38 44 46 48 54 58 60 74 76 126 141 169 195 203 205 270 289 303 304 317 321 322 347 348 , 10 12 14 % 30 , 3
22 88 102 114 129 138 143 145 154 155 157 160 168 171 176 208 218 224 230 232 246 248 250 252 270 284 289 334 342 347 349 , 1 17 25 % 31 , 3
11 13 14 25 30 31 35 43 69 80 81 101 105 129 142 147 173 175 189 213 214 216 222 228 231 302 312 320 333 334 335 , 14 18 30 % 31 , 3
21 48 54 61 102 129 147 155 156 158 168 172 178 190 200 202 230 242 246 248 252 259 270 302 303 320 329 341 347 348 349 , 11 5 7 % 31 , 3
11 14 25 29 30 31 35 67 80 81 101 105 129 147 173 175 189 196 200 213 214 216 222 228 231 312 317 320 334 335 341 , 20 22 28 % 31 , 3
11 13 14 19 25 30 31 35 69 80 81 101 105 129 142 147 173 175 189 209 213 214 216 222 228 231 302 312 320 334 335 , 18 22 30 % 31 , 3
11 13 14 25 29 30 51 56 67 69 71 80 81 101 105 121 129 142 149 162 173 175 200 209 214 216 222 228 312 320 335 , 16 22 24 % 31 , 3
11 13 14 25 30 31 34 43 80 81 101 105 121 129 132 141 142 173 175 200 205 209 214 216 222 228 270 312 320 322 335 , 16 28 30 % 31 , 3
11 13 14 25 30 35 66 69 80 81 101 105 129 142 147 149 173 175 189 197 199 200 214 216 222 228 302 312 320 333 334 335 , 14 24 30 % 32 , 3
11 13 14 25 30 34 56 67 69 71 75 80 81 101 103 105 129 141 142 162 164 173 175 209 214 216 220 222 228 312 320 335 , 16 18 24 % 32 , 3
11 13 14 25 29 30 34 67 75 80 81 101 105 121 129 141 142 162 164 173 175 200 209 214 216 220 222 228 270 312 320 335 , 16 24 28 % 32 , 3
11 14 25 29 30 35 56 66 67 69 80 81 101 105 129 147 149 173 175 189 196 197 200 214 216 222 228 302 312 320 334 335 , 20 22 24 % 32 , 3
11 13 14 25 30 31 34 43 67 75 80 81 101 105 129 141 142 162 164 173 175 203 205 209 214 216 220 222 228 312 320 335 , 16 18 28 % 32 , 3
11 13 14 25 30 34 35 37 69 80 81 101 105 129 141 142 147 173 175 189 204 209 214 216 222 228 302 312 320 333 334 335 , 18 24 30 % 32 , 3
11 13 14 25 30 31 69 80 81 101 105 121 127 129 130 132 134 142 149 173 175 200 209 214 216 222 228 244 312 320 322 335 , 16 22 30 % 32 , 3
11 14 25 30 31 34 35 43 80 81 101 105 129 141 147 173 175 189 200 213 214 216 222 228 231 270 312 320 333 334 335 341 , 20 28 30 % 32 , 3
11 14 25 30 31 34 35 43 69 80 81 101 105 129 141 147 173 175 189 204 213 214 216 222 228 231 302 312 320 333 334 335 , 18 20 30 % 32 , 3
7 11 13 14 25 30 34 69 80 81 98 101 105 121 129 141 142 149 173 175 199 200 209 214 216 222 228 270 312 320 329 335 , 16 24 30 % 32 , 3
11 13 14 25 30 35 66 69 79 80 81 101 105 121 129 142 147 149 173 175 189 197 200 209 214 216 222 228 302 312 320 334 335 , 22 24 30 % 33 , 3
15 22 102 114 121 129 138 143 145 149 154 160 168 170 178 184 188 205 212 224 230 237 246 248 270 273 284 289 306 321 334 342 349 , 1 17 23 % 33 , 3
11 13 14 25 30 35 56 57 67 69 71 80 81 101 105 129 142 147 162 173 175 189 196 209 214 216 222 228 302 312 320 334 335 , 18 22 24 % 33 , 3
11 14 25 27 29 30 34 56 67 69 75 80 81 98 101 103 105 129 141 149 164 173 175 199 200 214 216 222 228 270 312 320 335 , 16 20 24 % 33 , 3
11 13 14 25 30 34 35 79 80 81 101 105 121 129 141 142 147 173 175 188 189 200 209 214 216 222 228 270 312 320 333 334 335 , 24 28 30 % 33 , 3
11 14 25 29 30 34 35 67 75 80 81 101 105 129 141 147 164 173 175 189 196 200 202 214 216 222 228 270 312 320 333 334 335 , 20 24 28 % 33 , 3
11 13 14 19 25 30 31 35 57 67 80 81 101 105 129 142 147 162 173 175 189 196 209 213 214 216 222 228 231 312 320 334 335 , 18 22 28 % 33 , 3
11 14 25 30 31 34 43 65 69 80 81 98 101 105 109 127 129 130 141 149 173 175 199 200 214 216 222 228 244 270 312 320 335 , 16 20 30 % 33 , 3
11 13 14 25 30 31 35 43 80 81 101 105 129 132 142 147 173 175 189 200 213 214 216 222 228 231 312 320 322 333 334 335 341 , 14 28 30 % 33 , 3
11 13 14 25 29 30 35 57 67 79 80 81 101 105 121 129 142 147 162 173 175 189 196 200 209 214 216 222 228 312 320 334 335 , 22 24 28 % 33 , 3
11 13 14 25 30 35 56 57 67 69 75 80 81 101 103 105 129 142 147 173 175 189 196 214 216 222 228 302 312 320 333 334 335 , 14 18 24 % 33 , 3
11 14 25 30 31 35 43 67 75 80 81 101 105 129 147 173 175 184 189 196 200 213 214 216 222 228 231 312 320 333 334 335 341 , 14 20 28 % 33 , 3
11 13 14 25 30 31 43 65 69 80 81 101 105 109 127 129 130 132 134 142 149 173 175 199 200 214 216 222 228 244 312 320 322 335 , 14 16 30 % 34 , 3
11 13 14 25 28 30 31 56 67 69 70 80 81 101 105 127 129 130 132 134 142 149 173 175 200 214 216 222 228 244 312 320 322 335 , 14 16 22 % 34 , 3
11 14 25 30 34 35 56 67 69 75 80 81 101 103 105 129 141 147 164 173 175 189 196 204 214 216 222 228 302 312 320 333 334 335 , 18 20 24 % 34 , 3
11 13 14 25 30 31 35 43 57 67 75 80 81 101 105 129 142 147 173 175 184 189 196 213 214 216 222 228 231 312 320 333 334 335 , 14 18 28 % 34 , 3
11 13 14 19 25 30 31 34 35 43 80 81 101 105 129 141 142 147 173 175 189 205 209 213 214 216 222 228 231 312 320 333 334 335 , 18 28 30 % 34 , 3
11 13 14 25 28 30 31 35 56 57 67 69 70 80 81 101 105 129 142 147 173 175 189 196 213 214 216 222 228 231 302 312 320 334 335 , 14 18 22 % 35 , 3
11 13 14 25 30 31 35 57 64 67 80 81 101 105 129 132 142 147 173 175 189 196 200 213 214 216 222 228 231 312 320 322 334 335 341 , 14 22 28 % 35 , 3
11 14 25 30 31 34 35 43 67 75 80 81 101 105 129 141 147 164 173 175 184 189 196 213 214 216 222 228 231 304 312 320 333 334 335 , 18 20 28 % 35 , 3
11 14 25 30 34 35 66 69 80 81 98 101 105 129 141 147 149 173 175 189 197 199 200 204 214 216 222 228 270 302 312 320 333 334 335 , 20 24 30 % 35 , 3
11 14 25 30 35 56 66 67 69 75 80 81 101 103 105 129 147 149 173 175 189 196 197 199 200 214 216 222 228 302 312 320 333 334 335 , 14 20 24 % 35 , 3
11 13 14 19 25 30 31 35 79 80 81 101 105 121 129 132 142 147 173 175 189 200 209 213 214 216 222 228 231 312 320 322 334 335 341 , 22 28 30 % 35 , 3
11 14 25 28 30 31 43 56 65 67 69 70 75 80 81 101 103 105 109 127 129 130 149 173 175 199 200 214 216 222 228 244 312 320 335 , 14 16 20 % 35 , 3
5 22 27 45 73 102 106 108 110 112 114 137 138 143 145 146 152 154 156 168 205 212 230 237 238 242 246 248 256 259 284 321 332 334 344 , 1 23 31 % 35 , 3
11 13 14 25 30 35 56 57 66 67 69 80 81 101 105 129 142 147 149 173 175 189 190 196 197 200 214 216 222 228 302 312 320 334 335 , 14 22 24 % 35 , 3
9 66 84 89 94 114 115 121 138 143 145 147 152 154 155 156 158 161 168 197 199 238 256 259 275 276 284 317 321 329 332 334 344 346 348 349 , 1 21 27 % 36 , 3
11 13 14 25 30 34 35 57 67 75 80 81 101 105 129 141 142 147 162 164 173 175 189 196 206 209 214 216 220 222 228 312 320 333 334 335 , 18 24 28 % 36 , 3
22 102 114 131 138 143 145 154 155 168 177 190 205 208 212 230 231 237 246 248 250 252 257 271 284 287 294 321 323 329 331 333 334 341 347 348 , 1 17 31 % 36 , 3
102 114 121 127 129 137 138 141 143 145 149 154 156 160 168 178 205 212 213 224 230 237 246 247 248 256 259 276 284 289 312 320 321 332 334 342 344 , 1 19 23 % 37 , 3
15 88 102 114 121 138 143 145 149 154 155 168 170 178 190 203 224 230 231 233 246 248 252 257 284 287 319 321 329 331 333 334 335 341 347 348 349 , 1 17 21 % 37 , 3
11 14 25 28 30 31 35 43 56 67 69 70 75 80 81 101 103 105 129 147 173 175 184 189 196 213 214 216 222 228 231 302 312 320 333 334 335 , 14 18 20 % 37 , 3
9 22 86 114 115 127 129 138 141 143 145 146 147 152 154 156 160 168 197 198 211 239 247 256 273 275 276 284 288 289 305 313 321 329 334 344 348 350 , 1 27 29 % 38 , 3
5 9 21 22 102 106 110 114 129 138 141 143 145 152 154 156 160 161 168 195 224 230 245 246 247 248 259 270 276 284 289 303 320 332 334 342 344 349 , 1 23 25 % 38 , 3
9 22 50 89 94 114 115 129 138 141 143 145 152 154 155 156 160 161 168 171 195 197 211 247 259 270 274 276 284 289 303 313 320 332 334 342 344 346 349 , 1 25 27 % 39 , 3
5 9 88 89 94 102 106 114 115 128 132 134 138 143 145 152 154 155 156 161 168 172 197 224 226 230 246 248 252 258 259 276 284 290 332 334 344 346 347 349 , 1 21 25 % 40 , 3
15 22 65 102 114 129 131 138 143 145 149 154 160 166 168 190 208 210 212 218 224 230 231 232 235 240 246 248 250 252 273 284 289 305 321 323 329 331 334 348 , 1 17 29 % 40 , 3
5 7 9 15 22 73 102 106 112 114 127 129 137 138 141 143 145 146 149 152 154 156 160 168 204 212 213 224 230 246 247 248 256 273 276 284 289 321 334 344 , 1 23 29 % 40 , 3
9 22 92 114 121 127 129 138 141 143 145 146 152 154 156 158 160 161 168 195 205 237 238 247 256 259 270 273 276 284 289 303 312 320 321 332 334 342 344 349 , 1 23 27 % 40 , 3
102 114 124 137 138 143 145 147 154 155 156 168 205 211 212 230 231 237 246 248 256 257 259 277 284 287 317 318 321 322 323 329 331 332 333 334 341 344 347 348 , 1 19 31 % 40 , 3
5 7 9 15 45 73 102 104 106 107 108 112 114 121 138 143 145 149 152 154 156 158 161 168 170 178 224 230 238 242 246 248 256 259 276 284 321 332 334 344 349 , 1 21 23 % 41 , 3
5 9 22 102 106 114 115 128 129 130 134 138 141 143 145 152 154 156 160 168 197 208 211 218 224 226 230 232 244 246 247 248 250 252 260 276 284 289 313 334 344 , 1 25 29 % 41 , 3
11 13 14 25 30 31 35 66 69 80 81 101 105 119 127 129 130 132 134 142 147 148 149 173 175 189 197 200 213 214 216 222 228 231 244 302 312 320 322 334 335 341 , 14 22 30 % 42 , 3
11 14 25 30 31 35 43 65 66 69 80 81 101 105 109 119 127 129 130 147 148 149 173 175 189 197 199 200 213 214 216 222 228 231 244 302 312 320 333 334 335 341 , 14 20 30 % 42 , 3
5 22 73 86 102 106 112 114 131 136 137 138 143 145 146 147 152 154 156 168 190 198 208 211 212 230 231 246 248 250 252 256 284 318 321 322 323 329 331 334 344 348 , 1 29 31 % 42 , 3
11 14 25 29 30 31 35 43 65 66 67 69 75 77 80 81 101 105 127 129 141 147 149 173 175 186 189 196 197 214 216 222 228 231 302 304 312 320 333 334 335 341 , 10 26 6 % 42 , 3
88 102 114 115 128 129 130 132 134 138 140 141 143 145 154 155 156 160 168 172 211 218 224 226 230 232 244 246 247 248 259 276 284 285 289 320 332 334 342 343 344 346 347 , 1 19 25 % 43 , 3
11 14 25 28 30 31 35 56 66 67 69 70 80 81 101 105 119 127 129 130 147 148 149 173 175 189 196 197 200 213 214 216 222 228 231 235 244 302 312 320 334 335 341 , 14 20 22 % 43 , 3
63 84 114 115 120 121 127 129 138 141 143 145 147 154 155 156 160 168 173 200 205 211 237 247 256 259 276 284 288 289 305 312 317 320 321 329 332 334 342 344 346 348 350 , 1 19 27 % 43 , 3
11 13 14 19 25 30 31 34 43 66 67 69 75 77 80 81 101 127 129 141 147 149 162 170 173 175 189 196 197 209 214 216 220 222 228 231 302 304 312 320 333 334 335 341 , 10 26 8 % 44 , 3
11 13 14 25 30 31 43 66 67 69 75 77 80 81 101 127 129 141 147 148 149 164 170 173 175 189 196 197 199 213 214 216 218 222 224 228 231 302 304 312 320 333 334 335 341 , 12 26 8 % 45 , 3
5 7 9 15 73 102 106 112 114 115 116 122 128 134 138 143 145 147 149 152 154 156 168 190 197 224 226 230 231 246 248 252 256 275 276 284 291 318 321 322 329 330 331 334 344 348 , 1 21 29 % 46 , 3
5 45 49 51 59 61 73 102 106 108 112 114 124 138 143 145 147 152 154 155 156 168 190 230 231 238 242 246 248 252 256 257 259 277 284 287 317 318 321 322 329 331 332 333 334 341 344 347 348 , 1 21 31 % 49 , 3
88 102 114 119 120 121 129 138 143 145 149 154 155 160 166 168 178 192 203 205 210 212 218 224 230 231 232 237 240 246 248 257 269 284 287 289 305 319 321 323 329 331 333 334 335 341 342 347 348 , 1 17 19 % 49 , 3
11 14 17 25 30 31 35 41 43 53 65 66 67 69 75 77 79 80 81 101 105 119 127 129 141 147 148 149 173 175 186 189 196 197 199 213 214 216 218 222 228 231 250 302 304 312 320 333 334 335 341 , 12 26 6 % 51 , 3
11 13 14 25 30 31 35 43 51 65 66 67 69 75 77 80 81 101 105 126 127 129 130 132 134 141 147 149 170 173 175 182 186 189 196 197 210 214 216 222 228 231 244 302 304 312 320 322 333 334 335 341 , 10 12 26 % 52 , 3
102 114 115 122 127 128 129 130 134 137 138 141 143 145 147 149 154 156 160 166 168 210 211 212 213 218 224 226 230 231 232 240 244 246 247 248 256 276 284 288 289 293 305 318 321 322 323 329 330 331 334 344 348 350 , 1 19 29 % 54 , 3
84 88 93 102 114 115 121 122 124 128 132 134 138 143 145 147 149 154 155 156 168 172 178 182 203 207 224 226 230 231 246 248 256 257 259 276 277 284 287 317 318 319 321 322 329 330 331 332 333 334 335 341 344 346 347 348 , 1 19 21 % 56 , 3
8 10 11 12 14 16 20 25 28 30 31 36 38 43 44 46 48 54 56 58 60 66 67 69 70 74 75 76 77 78 80 81 101 127 129 141 147 148 149 173 175 189 196 197 199 201 213 214 216 218 222 228 231 302 303 304 312 320 329 333 334 335 341 347 348 , 12 6 8 % 65 , 3
8 10 11 12 14 16 20 25 28 30 31 35 36 38 43 44 46 48 54 56 58 60 65 66 67 69 70 74 75 76 77 78 80 81 101 105 127 129 141 147 149 173 175 186 189 196 197 201 214 216 222 228 231 270 302 303 304 312 313 320 333 334 335 341 347 348 , 10 12 6 % 66 , 3
8 10 11 12 14 16 20 24 25 28 30 31 33 36 38 43 44 46 48 54 56 58 60 62 66 67 69 70 72 74 75 76 77 78 80 81 101 103 127 129 141 147 149 173 175 179 189 196 197 201 214 216 222 228 231 302 303 304 312 320 333 334 335 341 347 348 , 10 6 8 % 66 , 3
8 10 11 12 13 14 16 20 25 26 28 30 31 36 38 43 44 46 48 54 56 58 60 66 67 69 70 74 75 76 77 78 80 81 101 127 129 141 147 149 170 173 175 189 195 196 197 201 203 205 214 216 222 228 231 302 303 304 312 320 321 333 334 335 341 347 348 , 10 12 8 % 67 , 3
66 126 147 197 231 302 304 333 334 341 , 10 12 16 26 % 10 , 4
12 16 20 38 46 48 241 347 348 349 , 12 16 20 6 % 10 , 4
102 114 138 143 168 178 224 230 240 248 , 14 16 18 20 % 10 , 4
36 54 58 107 205 302 303 321 347 348 , 10 22 28 8 % 10 , 4
102 114 138 143 168 178 230 240 246 248 , 16 18 20 30 % 10 , 4
138 155 156 258 259 276 332 334 344 347 , 1 21 25 33 % 10 , 4
12 16 46 54 195 321 322 332 347 348 , 10 14 18 20 % 10 , 4
102 114 138 143 168 178 212 230 240 248 , 14 16 18 30 % 10 , 4
12 16 38 46 48 107 289 321 347 348 , 10 14 16 20 % 10 , 4
102 114 138 143 145 168 178 230 240 248 , 14 18 20 30 % 10 , 4
36 58 107 243 303 319 321 347 348 349 , 14 16 22 28 % 10 , 4
12 16 20 46 54 195 321 322 347 348 , 10 12 18 20 % 10 , 4
36 54 126 243 303 304 319 321 331 332 , 14 18 22 30 % 10 , 4
36 54 58 205 302 303 313 321 347 348 , 10 12 22 28 % 10 , 4
5 102 114 138 143 168 230 238 246 248 , 16 20 22 30 % 10 , 4
5 102 114 138 143 168 224 230 238 248 , 14 16 20 22 % 10 , 4
36 58 241 243 303 319 321 347 348 349 , 12 14 16 28 % 10 , 4
36 58 66 197 302 303 319 321 347 348 , 12 16 28 8 % 10 , 4
36 54 58 127 140 149 303 321 347 348 , 10 18 28 8 % 10 , 4
38 99 207 233 258 318 319 330 335 341 , 0 23 27 31 % 10 , 4
138 141 146 149 156 276 289 321 334 344 , 1 23 29 33 % 10 , 4
36 54 58 302 303 313 329 347 348 349 , 12 22 28 6 % 10 , 4
12 16 20 38 46 48 289 321 347 348 , 10 12 16 20 % 10 , 4
46 48 107 241 321 330 331 347 348 349 , 14 16 20 24 % 10 , 4
36 58 66 197 302 303 313 321 347 348 , 10 12 16 28 % 10 , 4
36 50 54 126 241 243 303 304 319 321 , 12 14 18 30 % 10 , 4
66 119 147 197 231 302 304 333 334 341 , 12 16 26 6 % 10 , 4
149 151 154 243 260 318 319 321 333 334 , 13 3 5 7 % 10 , 4
5 102 114 138 143 168 178 230 238 240 248 , 14 16 20 30 % 11 , 4
36 54 58 107 205 303 319 321 329 347 348 , 14 22 28 8 % 11 , 4
38 88 203 233 287 319 330 333 335 341 347 , 0 23 27 29 % 11 , 4
5 102 114 138 143 152 168 212 230 238 248 , 14 16 22 30 % 11 , 4
12 16 38 46 48 107 319 321 330 347 348 , 14 16 20 8 % 11 , 4
36 46 48 58 107 303 304 313 321 347 348 , 10 16 22 24 % 11 , 4
12 16 46 48 54 107 141 321 332 347 348 , 10 14 20 22 % 11 , 4
12 16 20 38 46 48 64 107 321 347 348 , 10 16 20 8 % 11 , 4
36 58 70 127 149 241 303 313 347 348 349 , 12 24 28 6 % 11 , 4
36 58 66 197 241 302 303 313 347 348 349 , 12 16 28 6 % 11 , 4
36 46 48 58 303 304 313 321 347 348 349 , 12 16 22 24 % 11 , 4
66 151 207 233 258 260 318 319 321 333 334 , 13 15 5 7 % 11 , 4
12 16 20 38 46 48 319 321 330 347 348 , 12 16 20 8 % 11 , 4
36 54 58 241 243 303 319 321 329 347 348 , 12 14 18 28 % 11 , 4
84 131 233 258 287 318 319 331 332 344 350 , 11 13 15 7 % 11 , 4
138 149 155 203 233 287 321 331 334 341 347 , 1 17 21 33 % 11 , 4
7 45 102 106 129 168 230 231 248 329 348 , 13 15 3 33 % 11 , 4
36 54 58 205 302 303 319 321 329 347 348 , 12 22 28 8 % 11 , 4
36 58 243 302 303 313 319 321 347 348 349 , 12 16 22 28 % 11 , 4
36 46 48 58 65 303 304 313 347 348 349 , 12 22 24 6 % 11 , 4
36 58 66 107 140 197 302 303 321 347 348 , 10 16 28 8 % 11 , 4
46 48 195 203 241 321 322 330 347 348 349 , 12 14 20 24 % 11 , 4
131 138 155 177 205 287 321 331 334 341 347 , 1 17 31 33 % 11 , 4
12 16 46 241 243 319 321 330 331 347 348 , 14 16 18 20 % 11 , 4
36 46 48 58 205 303 304 321 347 348 349 , 12 14 22 24 % 11 , 4
36 54 58 127 148 149 241 303 329 347 348 , 12 18 28 6 % 11 , 4
36 58 70 127 149 205 303 313 321 347 348 , 10 12 24 28 % 11 , 4
12 16 20 46 241 243 319 321 330 347 348 , 12 16 18 20 % 11 , 4
36 46 48 58 65 205 303 304 313 321 347 348 , 10 12 22 24 % 12 , 4
138 141 155 156 259 276 289 332 334 342 344 347 , 1 19 25 33 % 12 , 4
12 16 38 46 48 54 60 141 179 329 347 348 , 14 20 6 8 % 12 , 4
12 16 20 38 46 48 54 60 141 329 347 348 , 12 20 6 8 % 12 , 4
8 36 46 58 140 303 304 321 330 341 347 348 , 16 18 24 8 % 12 , 4
36 58 70 107 127 140 149 205 303 321 347 348 , 10 24 28 8 % 12 , 4
