5 22 102 106 114 138 143 145 152 154 156 168 230 246 248 284 334 344 , 1 23 25 29 31 % 18 , 5
102 114 138 143 145 154 155 156 168 230 246 248 259 284 332 334 344 347 , 1 19 21 25 31 % 18 , 5
102 114 138 143 145 154 156 168 230 246 248 256 259 284 321 332 334 344 , 1 19 21 23 31 % 18 , 5
8 10 12 16 36 38 44 46 48 54 58 60 74 76 141 303 304 347 348 , 10 12 14 6 8 % 19 , 5
5 102 106 114 138 143 145 152 154 156 168 230 246 248 259 284 332 334 344 , 1 21 23 25 31 % 19 , 5
102 114 138 143 145 149 154 168 224 230 231 246 248 284 321 329 331 334 348 , 1 17 19 21 29 % 19 , 5
102 114 138 143 145 149 154 156 168 224 230 246 248 256 276 284 321 334 344 , 1 19 21 23 29 % 19 , 5
102 114 138 143 145 154 168 212 230 231 246 248 284 321 323 329 331 334 348 , 1 17 19 29 31 % 19 , 5
114 138 143 145 147 154 155 156 168 256 259 284 317 321 329 332 334 344 348 , 1 19 21 27 31 % 19 , 5
9 22 114 129 138 141 143 145 152 154 156 160 168 247 276 284 289 334 344 , 1 23 25 27 29 % 19 , 5
102 114 129 138 143 145 149 154 160 168 212 224 230 246 248 284 289 321 334 , 1 17 19 23 29 % 19 , 5
102 114 138 143 145 154 168 190 230 231 246 248 252 284 321 329 331 334 348 , 1 17 21 29 31 % 19 , 5
114 127 129 138 141 143 145 154 156 160 168 247 256 276 284 289 321 334 344 , 1 19 23 27 29 % 19 , 5
102 114 115 128 134 138 143 145 154 156 168 224 226 230 246 248 276 284 334 344 , 1 19 21 25 29 % 20 , 5
114 129 138 141 143 145 154 156 160 168 247 259 276 284 289 320 332 334 342 344 , 1 19 23 25 27 % 20 , 5
5 9 102 106 114 138 143 145 152 154 156 168 224 230 246 248 276 284 334 344 , 1 21 23 25 29 % 20 , 5
11 14 25 30 67 75 80 81 101 105 129 173 175 200 214 216 222 228 312 320 335 , 14 16 20 24 28 % 21 , 5
5 73 102 106 112 114 138 143 145 152 154 156 168 230 246 248 256 284 321 334 344 , 1 21 23 29 31 % 21 , 5
11 14 25 30 31 67 80 81 101 105 129 173 175 200 214 216 222 228 312 320 335 , 14 16 20 22 28 % 21 , 5
11 14 25 30 34 69 80 81 101 105 129 141 173 175 214 216 222 228 312 320 335 , 16 18 20 24 30 % 21 , 5
11 14 25 30 31 43 69 80 81 101 105 129 173 175 214 216 222 228 312 320 335 , 14 16 18 20 30 % 21 , 5
11 14 25 30 31 43 80 81 101 105 129 173 175 200 214 216 222 228 312 320 335 , 14 16 20 28 30 % 21 , 5
11 14 25 29 30 67 80 81 101 105 129 173 175 200 214 216 222 228 312 320 335 , 16 20 22 24 28 % 21 , 5
102 114 129 138 141 143 145 154 156 160 168 224 230 246 247 248 276 284 289 334 344 , 1 19 23 25 29 % 21 , 5
11 14 25 30 34 80 81 101 105 129 141 173 175 200 214 216 222 228 270 312 320 335 , 16 20 24 28 30 % 22 , 5
11 13 14 25 30 67 80 81 101 105 129 142 173 175 200 214 216 222 228 312 320 335 , 14 16 22 24 28 % 22 , 5
11 14 25 30 69 80 81 101 105 129 149 173 175 199 200 214 216 222 228 312 320 335 , 14 16 20 24 30 % 22 , 5
11 13 14 25 30 31 69 80 81 101 105 129 142 173 175 214 216 222 228 312 320 335 , 14 16 18 22 30 % 22 , 5
11 13 14 25 30 67 75 80 81 101 105 129 142 173 175 214 216 222 228 312 320 335 , 14 16 18 24 28 % 22 , 5
11 13 14 25 30 69 80 81 101 105 129 142 173 175 209 214 216 222 228 312 320 335 , 16 18 22 24 30 % 22 , 5
11 13 14 25 30 31 80 81 101 105 129 142 173 175 209 214 216 222 228 312 320 335 , 16 18 22 28 30 % 22 , 5
11 14 25 30 31 34 43 80 81 101 105 129 141 173 175 214 216 222 228 312 320 335 , 16 18 20 28 30 % 22 , 5
11 13 14 25 30 31 67 80 81 101 105 129 142 173 175 214 216 222 228 312 320 335 , 14 16 18 22 28 % 22 , 5
11 14 25 30 31 43 67 75 80 81 101 105 129 173 175 214 216 222 228 312 320 335 , 14 16 18 20 28 % 22 , 5
11 13 14 25 30 31 43 80 81 101 105 129 142 173 175 214 216 222 228 312 320 335 , 14 16 18 28 30 % 22 , 5
11 13 14 25 30 67 80 81 101 105 129 142 162 173 175 209 214 216 222 228 312 320 335 , 16 18 22 24 28 % 23 , 5
102 114 138 143 145 154 155 168 230 231 246 248 257 284 287 321 329 331 333 334 341 347 348 , 1 17 19 21 31 % 23 , 5
102 114 138 143 145 147 154 156 168 230 231 246 248 256 284 318 321 322 329 331 334 344 348 , 1 19 21 29 31 % 23 , 5
11 13 14 25 30 34 80 81 101 105 129 141 142 173 175 209 214 216 222 228 312 320 335 , 16 18 24 28 30 % 23 , 5
11 14 25 30 34 67 75 80 81 101 105 129 141 164 173 175 214 216 222 228 312 320 335 , 16 18 20 24 28 % 23 , 5
11 14 25 30 56 67 69 80 81 101 105 129 149 173 175 200 214 216 222 228 312 320 335 , 14 16 20 22 24 % 23 , 5
11 13 14 25 30 56 67 69 80 81 101 105 129 142 173 175 214 216 222 228 312 320 335 , 14 16 18 22 24 % 23 , 5
11 13 14 25 30 80 81 101 105 121 129 142 173 175 200 209 214 216 222 228 312 320 335 , 16 22 24 28 30 % 23 , 5
11 13 14 25 30 69 80 81 101 105 129 142 149 173 175 200 214 216 222 228 312 320 335 , 14 16 22 24 30 % 23 , 5
8 10 12 16 20 36 38 46 48 58 66 74 147 197 231 302 303 304 333 334 341 347 348 , 10 12 16 6 8 % 23 , 5
11 14 25 30 56 67 69 75 80 81 101 103 105 129 173 175 214 216 222 228 312 320 335 , 14 16 18 20 24 % 23 , 5
11 13 14 25 30 31 80 81 101 105 129 132 142 173 175 200 214 216 222 228 312 320 322 335 , 14 16 22 28 30 % 24 , 5
11 14 25 28 30 31 56 67 69 70 80 81 101 105 129 173 175 214 216 222 228 312 320 335 , 14 16 18 20 22 % 24 , 5
11 14 25 30 35 80 81 101 105 129 147 173 175 189 200 214 216 222 228 312 320 333 334 335 , 14 20 24 28 30 % 24 , 5
11 14 25 30 35 67 80 81 101 105 129 147 173 175 189 196 200 214 216 222 228 312 320 334 335 , 14 20 22 24 28 % 25 , 5
11 13 14 25 30 35 80 81 101 105 129 142 147 173 175 189 214 216 222 228 312 320 333 334 335 , 14 18 24 28 30 % 25 , 5
11 13 14 25 30 35 80 81 101 105 129 142 147 173 175 189 200 214 216 222 228 312 320 334 335 , 14 22 24 28 30 % 25 , 5
11 14 25 30 35 69 80 81 101 105 129 147 173 175 189 214 216 222 228 302 312 320 333 334 335 , 14 18 20 24 30 % 25 , 5
11 14 25 30 31 69 80 81 101 105 127 129 130 149 173 175 200 214 216 222 228 244 312 320 335 , 14 16 20 22 30 % 25 , 5
11 14 25 30 34 35 80 81 101 105 129 141 147 173 175 189 214 216 222 228 312 320 333 334 335 , 18 20 24 28 30 % 25 , 5
11 13 14 25 30 35 80 81 101 105 129 142 147 173 175 189 209 214 216 222 228 312 320 334 335 , 18 22 24 28 30 % 25 , 5
11 13 14 25 30 35 69 80 81 101 105 129 142 147 173 175 189 214 216 222 228 302 312 320 334 335 , 14 18 22 24 30 % 26 , 5
11 14 25 30 35 67 75 80 81 101 105 129 147 173 175 189 196 214 216 222 228 312 320 333 334 335 , 14 18 20 24 28 % 26 , 5
11 14 25 30 31 35 69 80 81 101 105 129 147 173 175 189 213 214 216 222 228 231 302 312 320 334 335 , 14 18 20 22 30 % 27 , 5
11 13 14 25 30 35 57 67 80 81 101 105 129 142 147 173 175 189 196 214 216 222 228 312 320 334 335 , 14 18 22 24 28 % 27 , 5
11 14 25 30 31 35 67 80 81 101 105 129 147 173 175 189 196 213 214 216 222 228 231 312 320 334 335 , 14 18 20 22 28 % 27 , 5
11 14 25 30 31 35 80 81 101 105 129 147 173 175 189 200 213 214 216 222 228 231 312 320 334 335 341 , 14 20 22 28 30 % 27 , 5
11 14 25 30 31 35 43 80 81 101 105 129 147 173 175 189 213 214 216 222 228 231 312 320 333 334 335 , 14 18 20 28 30 % 27 , 5
11 13 14 25 30 31 35 80 81 101 105 129 142 147 173 175 189 213 214 216 222 228 231 312 320 334 335 , 14 18 22 28 30 % 27 , 5
11 14 25 30 35 56 67 69 80 81 101 105 129 147 173 175 189 196 214 216 222 228 302 312 320 334 335 , 14 18 20 22 24 % 27 , 5
11 14 25 30 35 66 69 80 81 101 105 129 147 149 173 175 189 197 200 214 216 222 228 302 312 320 334 335 , 14 20 22 24 30 % 28 , 5
11 14 25 30 31 43 66 67 69 75 77 80 81 101 127 129 141 147 149 173 175 189 196 197 214 216 222 228 231 302 304 312 320 333 334 335 341 , 10 12 26 6 8 % 37 , 5
8 36 46 58 303 304 321 341 347 348 , 10 12 16 18 24 8 % 10 , 6
22 114 138 143 145 154 168 284 321 334 , 1 17 23 27 29 31 % 10 , 6
8 36 46 58 195 303 304 321 347 348 , 10 12 14 18 24 8 % 10 , 6
138 141 156 259 276 289 332 334 342 344 , 1 19 23 25 27 33 % 10 , 6
12 16 38 46 48 54 60 141 347 348 , 10 12 14 20 6 8 % 10 , 6
36 46 48 58 107 303 304 321 347 348 , 10 14 16 22 24 8 % 10 , 6
36 46 48 58 205 303 304 321 347 348 , 10 12 14 22 24 8 % 10 , 6
8 36 46 58 303 304 321 330 347 348 , 12 14 16 18 24 8 % 10 , 6
114 121 138 143 145 154 168 284 321 334 , 1 17 19 21 23 27 % 10 , 6
8 36 46 58 241 288 303 304 347 348 , 12 14 16 18 24 6 % 10 , 6
8 36 46 48 58 303 304 321 347 348 , 10 12 14 16 24 8 % 10 , 6
12 16 36 46 54 58 270 303 304 347 348 , 10 12 14 18 22 6 % 11 , 6
12 16 36 46 48 58 303 304 321 347 348 , 10 12 14 16 22 8 % 11 , 6
12 16 36 46 58 303 304 319 321 347 348 , 12 14 16 18 22 8 % 11 , 6
8 12 16 36 46 58 303 304 321 347 348 , 10 12 14 16 18 8 % 11 , 6
114 138 143 145 154 168 205 237 284 321 334 , 1 17 19 23 27 31 % 11 , 6
8 36 46 48 58 231 303 304 341 347 348 , 10 12 16 24 6 8 % 11 , 6
12 16 36 46 48 58 270 303 304 347 348 , 10 12 14 16 22 6 % 11 , 6
8 12 16 36 46 58 270 303 304 347 348 , 10 12 14 16 18 6 % 11 , 6
8 36 46 58 127 149 303 304 341 347 348 , 10 12 18 24 6 8 % 11 , 6
12 16 36 46 54 58 303 304 321 347 348 , 10 12 14 18 22 8 % 11 , 6
114 138 143 145 154 156 168 211 284 334 344 , 1 19 25 27 29 31 % 11 , 6
22 114 138 143 145 152 154 156 168 284 334 344 , 1 23 25 27 29 31 % 12 , 6
12 16 36 46 54 58 199 303 304 329 347 348 , 12 14 18 22 6 8 % 12 , 6
12 16 36 46 48 54 58 141 303 304 347 348 , 10 12 14 22 6 8 % 12 , 6
8 12 16 36 44 46 54 58 303 304 347 348 , 10 12 14 18 6 8 % 12 , 6
22 114 129 138 143 145 154 160 168 284 289 334 , 1 17 23 25 27 29 % 12 , 6
114 129 138 143 145 154 160 168 284 289 334 342 , 1 17 19 23 25 27 % 12 , 6
12 16 36 46 48 58 302 303 304 333 347 348 , 10 12 16 22 6 8 % 12 , 6
114 138 143 145 154 155 168 284 321 329 334 348 , 1 17 19 21 27 31 % 12 , 6
114 115 138 143 145 154 156 168 276 284 334 344 , 1 19 21 25 27 29 % 12 , 6
12 16 36 46 58 126 270 303 304 321 347 348 , 10 12 14 16 18 22 % 12 , 6
8 12 16 20 36 46 58 303 304 341 347 348 , 10 12 16 18 6 8 % 12 , 6
114 129 138 143 145 154 160 168 284 289 321 334 , 1 17 19 23 27 29 % 12 , 6
114 138 143 145 154 156 168 256 276 284 321 334 344 , 1 19 21 23 27 29 % 13 , 6
22 102 114 138 143 145 154 168 230 246 248 284 334 , 1 17 23 25 29 31 % 13 , 6
114 138 143 145 154 155 156 168 259 284 332 334 344 , 1 19 21 25 27 31 % 13 , 6
9 114 138 143 145 152 154 156 168 276 284 334 344 , 1 21 23 25 27 29 % 13 , 6
114 138 143 145 154 156 168 259 276 284 332 334 344 , 1 19 21 23 25 27 % 13 , 6
114 138 143 145 152 154 156 168 256 284 321 334 344 , 1 21 23 27 29 31 % 13 , 6
114 138 143 145 152 154 156 168 259 284 332 334 344 , 1 21 23 25 27 31 % 13 , 6
102 114 138 143 145 154 168 230 246 248 252 284 334 , 1 17 21 25 29 31 % 13 , 6
114 138 143 145 154 156 168 256 259 284 321 332 334 344 , 1 19 21 23 27 31 % 14 , 6
102 114 138 143 145 154 168 212 230 246 248 284 321 334 , 1 17 19 23 29 31 % 14 , 6
8 10 12 16 36 38 46 48 58 74 303 304 347 348 , 10 12 14 16 6 8 % 14 , 6
102 114 138 143 145 154 155 168 230 246 248 284 334 347 , 1 17 19 21 25 31 % 14 , 6
102 114 138 143 145 149 154 168 224 230 246 248 284 321 334 , 1 17 19 21 23 29 % 15 , 6
114 138 143 145 147 154 156 168 256 284 321 329 334 344 348 , 1 19 21 27 29 31 % 15 , 6
102 114 138 143 145 154 156 168 230 246 248 256 284 321 334 344 , 1 19 21 23 29 31 % 16 , 6
102 114 129 138 143 145 154 160 168 224 230 246 248 284 289 334 , 1 17 19 23 25 29 % 16 , 6
102 114 138 143 145 154 156 168 224 230 246 248 276 284 334 344 , 1 19 21 23 25 29 % 16 , 6
114 129 138 141 143 145 154 156 160 168 247 276 284 289 334 344 , 1 19 23 25 27 29 % 16 , 6
102 114 138 143 145 154 156 168 230 246 248 259 284 332 334 344 , 1 19 21 23 25 31 % 16 , 6
102 114 138 143 145 154 168 230 231 246 248 284 321 329 331 334 348 , 1 17 19 21 29 31 % 17 , 6
5 102 106 114 138 143 145 152 154 156 168 230 246 248 284 334 344 , 1 21 23 25 29 31 % 17 , 6
11 14 25 30 31 80 81 101 105 129 173 175 200 214 216 222 228 312 320 335 , 14 16 20 22 28 30 % 20 , 6
11 14 25 30 31 43 80 81 101 105 129 173 175 214 216 222 228 312 320 335 , 14 16 18 20 28 30 % 20 , 6
11 14 25 30 67 80 81 101 105 129 173 175 200 214 216 222 228 312 320 335 , 14 16 20 22 24 28 % 20 , 6
11 14 25 30 31 69 80 81 101 105 129 173 175 214 216 222 228 312 320 335 , 14 16 18 20 22 30 % 20 , 6
11 14 25 30 31 67 80 81 101 105 129 173 175 214 216 222 228 312 320 335 , 14 16 18 20 22 28 % 20 , 6
11 14 25 30 67 75 80 81 101 105 129 173 175 214 216 222 228 312 320 335 , 14 16 18 20 24 28 % 20 , 6
11 14 25 30 34 80 81 101 105 129 141 173 175 214 216 222 228 312 320 335 , 16 18 20 24 28 30 % 20 , 6
11 13 14 25 30 67 80 81 101 105 129 142 173 175 214 216 222 228 312 320 335 , 14 16 18 22 24 28 % 21 , 6
11 13 14 25 30 80 81 101 105 129 142 173 175 200 214 216 222 228 312 320 335 , 14 16 22 24 28 30 % 21 , 6
11 14 25 30 69 80 81 101 105 129 149 173 175 200 214 216 222 228 312 320 335 , 14 16 20 22 24 30 % 21 , 6
11 13 14 25 30 31 80 81 101 105 129 142 173 175 214 216 222 228 312 320 335 , 14 16 18 22 28 30 % 21 , 6
11 14 25 30 56 67 69 80 81 101 105 129 173 175 214 216 222 228 312 320 335 , 14 16 18 20 22 24 % 21 , 6
11 13 14 25 30 80 81 101 105 129 142 173 175 209 214 216 222 228 312 320 335 , 16 18 22 24 28 30 % 21 , 6
11 13 14 25 30 69 80 81 101 105 129 142 173 175 214 216 222 228 312 320 335 , 14 16 18 22 24 30 % 21 , 6
11 14 25 30 35 80 81 101 105 129 147 173 175 189 214 216 222 228 312 320 333 334 335 , 14 18 20 24 28 30 % 23 , 6
11 14 25 30 35 80 81 101 105 129 147 173 175 189 200 214 216 222 228 312 320 334 335 , 14 20 22 24 28 30 % 23 , 6
11 13 14 25 30 35 80 81 101 105 129 142 147 173 175 189 214 216 222 228 312 320 334 335 , 14 18 22 24 28 30 % 24 , 6
11 14 25 30 35 69 80 81 101 105 129 147 173 175 189 214 216 222 228 302 312 320 334 335 , 14 18 20 22 24 30 % 24 , 6
11 14 25 30 35 67 80 81 101 105 129 147 173 175 189 196 214 216 222 228 312 320 334 335 , 14 18 20 22 24 28 % 24 , 6
11 14 25 30 31 35 80 81 101 105 129 147 173 175 189 213 214 216 222 228 231 312 320 334 335 , 14 18 20 22 28 30 % 25 , 6
12 16 36 46 48 58 303 304 347 348 , 10 12 14 16 22 6 8 % 10 , 7
8 12 16 36 46 58 303 304 347 348 , 10 12 14 16 18 6 8 % 10 , 7
12 16 36 46 54 58 303 304 347 348 , 10 12 14 18 22 6 8 % 10 , 7
12 16 36 46 58 270 303 304 347 348 , 10 12 14 16 18 22 6 % 10 , 7
12 16 36 46 58 303 304 321 347 348 , 10 12 14 16 18 22 8 % 10 , 7
114 138 143 145 152 154 156 168 284 334 344 , 1 21 23 25 27 29 31 % 11 , 7
114 129 138 143 145 154 160 168 284 289 334 , 1 17 19 23 25 27 29 % 11 , 7
114 138 143 145 154 168 284 321 329 334 348 , 1 17 19 21 27 29 31 % 11 , 7
114 138 143 145 154 156 168 276 284 334 344 , 1 19 21 23 25 27 29 % 11 , 7
114 138 143 145 154 156 168 256 284 321 334 344 , 1 19 21 23 27 29 31 % 12 , 7
114 138 143 145 154 156 168 259 284 332 334 344 , 1 19 21 23 25 27 31 % 12 , 7
102 114 138 143 145 154 168 230 246 248 284 321 334 , 1 17 19 21 23 29 31 % 13 , 7
102 114 138 143 145 154 168 224 230 246 248 284 334 , 1 17 19 21 23 25 29 % 13 , 7
102 114 138 143 145 154 156 168 230 246 248 284 334 344 , 1 19 21 23 25 29 31 % 14 , 7
11 14 25 30 69 80 81 101 105 129 173 175 214 216 222 228 312 320 335 , 14 16 18 20 22 24 30 % 19 , 7
11 14 25 30 67 80 81 101 105 129 173 175 214 216 222 228 312 320 335 , 14 16 18 20 22 24 28 % 19 , 7
11 14 25 30 80 81 101 105 129 173 175 200 214 216 222 228 312 320 335 , 14 16 20 22 24 28 30 % 19 , 7
11 14 25 30 31 80 81 101 105 129 173 175 214 216 222 228 312 320 335 , 14 16 18 20 22 28 30 % 19 , 7
11 13 14 25 30 80 81 101 105 129 142 173 175 214 216 222 228 312 320 335 , 14 16 18 22 24 28 30 % 20 , 7
11 14 25 30 35 80 81 101 105 129 147 173 175 189 214 216 222 228 312 320 334 335 , 14 18 20 22 24 28 30 % 22 , 7
114 138 143 145 154 156 168 284 334 344 , 1 19 21 23 25 27 29 31 % 10 , 8
102 114 138 143 145 154 168 230 246 248 284 334 , 1 17 19 21 23 25 29 31 % 12 , 8
11 14 25 30 80 81 101 105 129 173 175 214 216 222 228 312 320 335 , 14 16 18 20 22 24 28 30 % 18 , 8
