16 20 24 28 46 48 90 109 119 169 234 235 289 332 , 28 4 % 14 , 2
102 114 124 128 138 143 145 168 178 212 230 240 246 248 , 18 30 % 14 , 2
0 2 22 26 39 44 60 62 72 76 169 171 195 287 , 16 2 % 14 , 2
0 116 139 144 177 181 229 233 256 257 267 273 274 285 , 14 20 % 14 , 2
2 8 10 44 74 76 78 117 169 171 194 201 268 287 , 2 20 % 14 , 2
2 5 101 107 161 171 176 243 273 274 292 302 303 349 , 19 3 % 14 , 2
19 51 53 67 69 75 77 78 79 164 196 206 222 307 , 13 19 % 14 , 2
2 8 32 38 74 76 155 169 245 259 287 291 318 344 , 18 20 % 14 , 2
2 32 90 99 117 151 155 207 245 259 287 294 318 344 , 12 20 % 14 , 2
1 158 161 237 245 249 269 270 274 285 303 320 342 343 , 29 31 % 14 , 2
0 6 22 39 40 116 125 169 171 194 213 217 223 287 , 10 2 % 14 , 2
0 6 32 50 125 217 223 243 287 319 321 330 344 346 , 10 6 % 14 , 2
24 84 99 117 151 233 234 237 239 256 257 268 273 294 , 18 32 % 14 , 2
116 144 181 229 233 234 239 256 257 258 273 274 285 305 , 12 20 % 14 , 2
24 72 90 99 117 151 179 193 201 233 237 256 258 294 , 16 18 % 14 , 2
2 6 22 100 105 125 139 181 217 223 262 270 313 317 , 2 8 % 14 , 2
20 33 36 54 103 107 126 203 289 303 304 313 321 332 , 10 30 % 14 , 2
3 29 31 41 53 81 162 165 167 196 216 220 224 226 228 , 31 5 % 15 , 2
2 6 22 24 32 39 40 62 72 90 125 179 193 209 332 , 12 4 % 15 , 2
2 12 60 84 99 117 151 207 237 256 259 315 318 325 344 , 30 32 % 15 , 2
40 60 70 72 82 89 133 145 150 177 189 223 236 261 288 , 0 7 % 15 , 2
3 19 21 28 31 77 78 79 162 184 189 196 214 222 250 , 21 33 % 15 , 2
84 86 99 116 229 233 234 239 256 257 258 268 269 273 292 , 12 18 % 15 , 2
127 129 141 156 158 161 227 245 247 274 303 304 320 346 350 , 17 31 % 15 , 2
36 54 103 107 126 243 245 303 304 305 313 319 321 331 332 , 22 30 % 15 , 2
2 32 44 76 84 86 155 169 171 207 245 259 287 292 344 , 16 20 % 15 , 2
36 54 58 107 205 241 243 245 303 319 321 329 347 348 349 , 14 28 % 15 , 2
14 60 90 148 150 185 192 193 215 234 244 254 255 290 338 , 0 13 % 15 , 2
12 16 20 38 46 48 54 60 141 179 241 329 347 348 349 , 20 6 % 15 , 2
17 23 45 52 69 77 78 81 95 187 214 220 228 300 310 , 11 9 % 15 , 2
83 102 114 138 143 145 156 160 168 212 224 230 236 246 248 , 18 22 % 15 , 2
23 25 27 41 45 51 57 63 71 77 108 186 204 206 214 222 , 17 25 % 16 , 2
5 102 114 138 143 152 168 170 184 188 212 224 230 238 246 248 , 16 22 % 16 , 2
36 46 48 58 65 107 205 292 303 304 313 321 331 347 348 349 , 22 24 % 16 , 2
62 70 76 80 92 94 139 145 180 195 238 266 267 284 285 304 , 1 9 % 16 , 2
36 58 70 107 127 140 149 205 241 293 303 313 321 347 348 349 , 24 28 % 16 , 2
21 23 37 57 63 75 77 79 124 132 164 170 182 186 214 327 , 29 3 % 16 , 2
48 115 121 127 137 147 156 203 252 290 295 302 303 312 320 349 , 11 15 % 16 , 2
129 141 156 158 160 161 171 195 237 247 274 276 303 313 320 349 , 3 31 % 16 , 2
6 32 34 107 117 125 217 259 287 293 331 332 342 344 346 350 , 12 6 % 16 , 2
2 8 22 48 60 64 66 74 76 100 109 139 169 197 287 313 , 18 2 % 16 , 2
36 54 58 125 127 140 148 149 241 243 303 319 321 329 347 348 , 18 28 % 16 , 2
2 22 32 91 100 112 139 161 259 285 288 291 313 318 342 349 , 18 8 % 16 , 2
5 99 129 158 180 241 243 258 277 303 312 322 332 344 346 350 , 13 17 % 16 , 2
20 36 50 54 126 171 203 235 241 243 289 303 304 313 319 321 , 12 30 % 16 , 2
2 22 32 39 62 72 155 161 207 245 259 287 332 342 344 350 , 12 16 % 16 , 2
42 96 111 161 177 217 225 241 263 265 269 288 292 293 321 332 , 2 4 % 16 , 2
2 6 22 32 90 125 161 177 217 259 318 331 332 342 346 350 , 12 8 % 16 , 2
11 18 40 63 72 74 76 82 98 114 150 174 194 217 223 284 , 0 9 % 16 , 2
6 42 63 82 94 122 123 137 165 183 211 223 260 277 286 340 , 1 20 % 16 , 2
2 22 26 32 39 44 60 62 72 76 148 169 171 243 332 345 , 16 4 % 16 , 2
129 141 143 146 151 160 171 177 211 237 245 260 270 293 320 350 , 15 21 % 16 , 2
16 38 39 84 117 131 233 258 275 287 318 319 331 332 344 350 , 11 7 % 16 , 2
42 94 96 108 111 229 237 247 265 267 273 276 277 280 281 343 , 1 8 % 16 , 2
6 22 32 50 90 91 119 125 161 217 223 241 243 288 329 346 349 , 10 8 % 17 , 2
5 102 114 138 143 168 170 178 190 221 224 230 238 240 246 248 252 , 16 20 % 17 , 2
5 21 83 102 106 110 114 138 145 146 152 154 168 208 230 248 284 , 12 24 % 17 , 2
92 106 108 118 123 131 181 183 194 198 213 219 235 269 271 277 343 , 1 16 % 17 , 2
3 19 21 23 28 31 37 78 81 162 164 176 188 189 196 214 216 , 21 31 % 17 , 2
88 93 94 121 139 211 225 260 263 264 265 267 271 279 286 290 345 , 1 12 % 17 , 2
22 66 95 127 154 160 171 231 239 273 275 290 293 294 295 312 350 , 33 7 % 17 , 2
3 7 19 28 31 37 78 81 162 164 186 188 189 214 216 226 228 , 27 31 % 17 , 2
36 50 54 107 126 155 203 241 243 245 289 303 304 319 321 331 332 , 14 30 % 17 , 2
46 48 64 107 195 203 241 293 321 322 330 331 346 347 348 349 350 , 20 24 % 17 , 2
19 21 23 28 37 67 69 77 78 79 162 164 184 196 216 222 250 , 19 21 % 17 , 2
3 19 28 31 37 77 78 79 81 162 164 188 189 210 214 216 218 , 21 27 % 17 , 2
102 114 138 143 166 168 178 192 210 212 218 224 230 232 240 246 248 , 16 18 % 17 , 2
129 140 141 156 161 238 245 258 268 274 277 304 320 322 332 344 350 , 15 17 % 17 , 2
36 58 66 107 140 197 241 243 293 302 303 313 319 321 347 348 349 , 16 28 % 17 , 2
36 54 58 107 161 205 243 245 302 303 313 319 321 329 347 348 349 , 22 28 % 17 , 2
12 16 46 48 54 107 141 161 243 319 321 329 331 332 347 348 349 , 20 22 % 17 , 2
66 151 207 211 233 238 258 260 273 277 293 318 319 321 323 333 334 , 15 5 % 17 , 2
2 22 32 33 60 76 91 155 161 169 245 259 275 287 342 344 345 , 16 18 % 17 , 2
22 127 129 143 160 171 211 237 239 247 249 270 293 303 312 320 343 350 , 21 33 % 18 , 2
5 48 129 130 140 141 156 158 161 241 243 247 274 302 303 320 322 344 , 17 3 % 18 , 2
2 6 22 24 34 39 40 62 72 103 107 117 125 179 193 209 217 287 , 12 2 % 18 , 2
20 33 36 46 93 101 107 120 144 152 171 243 260 269 292 293 342 343 , 11 9 % 18 , 2
32 33 39 62 72 84 86 155 161 171 207 239 259 287 292 342 344 350 , 14 16 % 18 , 2
36 54 56 58 66 70 107 127 140 149 197 205 302 303 313 321 347 348 , 10 28 % 18 , 2
127 129 141 160 171 237 239 245 247 249 269 270 293 303 320 342 343 350 , 21 31 % 18 , 2
5 102 114 138 143 152 168 178 190 208 212 230 238 240 246 248 250 252 , 16 30 % 18 , 2
6 32 50 82 125 183 217 223 243 259 291 317 322 331 332 342 346 350 , 6 8 % 18 , 2
36 48 101 119 127 141 156 160 161 237 245 250 269 302 303 304 320 343 , 13 5 % 18 , 2
32 84 86 90 99 117 151 155 171 201 207 259 287 291 292 294 318 344 , 14 20 % 18 , 2
18 95 116 144 164 221 237 256 272 273 274 276 282 290 295 296 297 308 , 1 6 % 18 , 2
94 129 141 156 160 161 171 178 195 237 245 270 274 293 304 313 320 350 , 15 31 % 18 , 2
22 48 115 127 141 143 156 160 238 245 250 273 291 293 302 303 304 320 , 11 13 % 18 , 2
82 86 116 137 144 181 183 223 229 233 256 257 268 269 273 274 285 295 , 12 14 % 18 , 2
6 22 32 39 40 90 116 119 125 148 169 171 213 223 234 243 319 329 349 , 10 4 % 19 , 2
2 8 22 32 38 48 49 60 64 66 74 76 109 169 197 235 285 345 349 , 18 4 % 19 , 2
12 16 20 46 54 195 241 243 319 321 322 329 330 331 332 346 347 348 350 , 18 20 % 19 , 2
4 6 73 85 92 93 94 98 104 120 123 137 146 181 211 260 274 277 290 , 1 18 % 19 , 2
0 4 6 13 26 34 52 64 107 109 117 125 195 217 219 223 264 278 287 317 , 2 6 % 20 , 2
36 48 88 127 137 144 147 152 156 252 256 269 295 302 303 312 320 342 343 349 , 15 5 % 20 , 2
0 4 18 33 85 92 109 139 237 247 257 261 262 267 275 276 278 306 323 343 , 0 12 % 20 , 2
2 18 39 84 88 117 130 131 161 169 195 237 247 272 274 313 318 319 335 344 , 11 3 % 20 , 2
13 15 34 40 47 72 83 133 145 175 219 221 223 249 254 261 262 306 338 340 , 0 5 % 20 , 2
36 54 56 58 66 70 107 127 140 148 149 197 205 302 303 319 321 329 347 348 , 28 8 % 20 , 2
12 16 20 38 46 48 64 107 241 243 289 293 319 321 330 331 347 348 349 350 , 16 20 % 20 , 2
24 36 48 94 101 119 143 156 161 197 237 238 247 269 276 292 302 303 320 343 , 13 7 % 20 , 2
5 79 102 114 138 143 152 168 178 192 208 210 212 218 224 230 232 238 240 248 250 , 14 16 % 21 , 2
12 16 36 46 48 58 107 126 243 270 302 303 304 313 319 321 331 333 347 348 349 , 16 22 % 21 , 2
2 84 88 122 131 180 195 233 258 275 287 317 318 319 330 331 332 335 344 346 350 , 11 13 % 21 , 2
3 61 73 102 145 152 156 157 160 168 172 178 190 200 208 226 230 232 246 248 298 , 10 8 % 21 , 2
18 33 35 63 73 83 86 87 92 110 131 144 155 191 234 259 272 274 275 339 345 , 1 2 % 21 , 2
2 16 84 104 131 161 177 195 233 237 258 274 287 313 318 319 330 331 332 344 350 , 11 15 % 21 , 2
4 6 13 26 32 52 64 82 109 125 183 219 223 243 244 264 278 317 319 322 332 , 4 6 % 21 , 2
83 102 114 138 143 145 156 160 168 172 178 182 192 210 212 218 224 226 230 232 240 248 , 14 18 % 22 , 2
24 36 48 121 144 147 152 156 203 244 247 252 256 269 302 303 317 320 342 343 346 349 , 15 7 % 22 , 2
28 36 54 56 58 64 70 103 107 121 165 171 195 203 270 303 304 313 317 327 347 348 , 2 26 % 22 , 2
4 66 99 116 149 151 154 207 233 243 257 258 260 275 277 289 318 319 321 333 334 335 , 13 5 % 22 , 2
12 16 20 26 38 46 48 54 60 64 107 141 179 195 203 209 289 321 322 332 347 348 , 10 20 % 22 , 2
5 27 61 73 102 106 108 110 112 114 138 143 145 152 158 168 212 230 238 242 246 248 , 22 30 % 22 , 2
39 84 117 131 141 149 151 154 155 160 171 231 243 260 273 318 319 321 322 333 334 344 , 3 7 % 22 , 2
83 102 114 124 128 132 134 138 143 145 156 160 168 172 178 182 224 226 230 240 246 248 , 18 20 % 22 , 2
8 24 36 46 48 50 58 107 195 203 205 241 288 303 304 321 322 330 331 347 348 349 , 14 24 % 22 , 2
18 42 58 64 74 76 88 90 115 125 133 171 189 193 211 217 221 229 257 268 289 306 , 1 7 % 22 , 2
2 6 22 32 35 82 90 105 119 125 181 183 223 243 262 270 285 317 322 329 332 349 , 4 8 % 22 , 2
2 42 85 87 88 92 93 94 123 211 219 247 260 261 262 268 271 276 277 286 306 343 , 0 14 % 22 , 2
5 16 38 85 88 92 99 117 146 151 178 193 207 227 251 260 268 283 286 319 333 335 , 0 33 % 22 , 2
8 32 74 76 85 88 94 121 123 137 150 227 253 267 269 277 283 285 290 299 314 323 324 , 1 32 % 23 , 2
1 4 85 87 88 92 94 123 124 137 180 225 235 263 265 268 277 285 290 291 295 305 306 , 1 10 % 23 , 2
12 16 20 26 38 46 48 54 60 64 107 141 179 195 203 209 319 321 329 330 346 347 348 , 20 8 % 23 , 2
22 28 44 60 64 90 92 93 116 121 139 144 153 184 233 251 258 260 271 275 276 285 309 , 0 32 % 23 , 2
12 16 34 36 46 48 54 58 78 103 107 141 199 205 302 303 304 319 321 329 333 347 348 , 22 8 % 23 , 2
36 54 56 58 66 70 127 148 149 161 197 205 241 243 302 303 313 319 321 329 347 348 349 , 12 28 % 23 , 2
4 18 39 87 117 149 151 154 243 257 260 272 273 276 289 305 318 319 321 333 334 335 345 , 3 5 % 23 , 2
12 16 36 46 48 54 58 65 78 85 103 141 199 270 302 303 304 313 329 333 347 348 349 , 22 6 % 23 , 2
8 36 46 50 58 119 127 140 149 195 241 288 303 304 321 322 330 331 341 346 347 348 350 , 18 24 % 23 , 2
18 62 68 72 85 88 123 125 144 169 193 201 207 260 269 273 290 295 305 306 323 337 343 , 1 24 % 23 , 2
24 38 44 60 86 90 91 99 117 151 163 207 215 239 253 259 272 275 305 318 326 328 344 345 , 0 26 % 24 , 2
3 96 97 104 111 135 139 151 171 177 221 225 233 239 257 261 265 271 274 275 286 294 307 343 , 0 6 % 24 , 2
1 89 94 115 127 129 158 160 171 237 239 247 249 270 274 275 293 295 303 313 320 343 346 350 , 31 33 % 24 , 2
8 36 46 48 58 64 107 119 140 231 241 288 293 303 304 313 321 330 331 341 347 348 349 350 , 16 24 % 24 , 2
8 12 16 20 36 44 46 54 58 126 127 140 149 195 270 303 304 317 321 322 332 341 347 348 , 10 18 % 24 , 2
8 12 16 20 36 46 58 119 126 140 241 243 270 288 303 304 319 321 330 331 341 347 348 350 , 16 18 % 24 , 2
84 87 95 99 122 155 199 221 229 235 245 257 261 266 289 294 301 308 314 318 330 331 342 344 , 0 2 % 24 , 2
12 16 20 26 38 46 48 54 60 141 161 195 203 241 243 289 319 321 322 329 330 347 348 349 , 12 20 % 24 , 2
0 2 10 22 26 32 39 43 87 88 90 94 109 169 237 247 253 258 267 268 274 276 291 345 , 0 24 % 24 , 2
22 38 39 66 99 117 149 151 154 207 233 243 258 260 273 275 286 293 318 319 321 323 333 334 , 5 7 % 24 , 2
5 27 102 106 108 110 112 114 138 143 145 152 168 178 202 208 212 230 238 240 242 248 250 284 , 14 30 % 24 , 2
16 38 42 58 59 87 89 117 131 148 151 152 158 177 199 258 260 267 268 286 290 342 345 346 , 0 19 % 24 , 2
28 36 54 56 58 64 70 121 171 203 205 234 235 243 270 303 304 317 319 322 329 347 348 349 , 26 4 % 24 , 2
8 24 28 36 46 48 50 58 65 70 119 127 129 149 231 241 288 303 304 313 341 347 348 349 , 24 6 % 24 , 2
8 12 16 20 36 44 46 54 58 127 140 148 149 195 199 303 304 319 321 329 330 341 346 347 348 , 18 8 % 25 , 2
12 16 36 46 48 54 58 107 126 141 199 205 243 245 270 303 304 319 321 329 331 332 347 348 349 , 14 22 % 25 , 2
6 32 34 39 40 62 72 90 99 117 125 151 155 161 193 207 259 272 287 294 318 342 344 346 350 , 12 14 % 25 , 2
22 32 74 76 84 92 108 118 139 144 167 207 215 251 256 258 269 273 276 285 290 291 295 311 325 , 0 28 % 25 , 2
8 10 12 16 36 38 46 48 58 74 107 126 241 243 270 288 289 303 304 319 321 330 331 347 348 349 , 14 16 % 26 , 2
28 42 60 62 70 72 74 76 82 89 94 118 125 136 138 189 205 206 217 223 229 244 260 284 288 294 , 1 5 % 26 , 2
12 16 34 36 46 48 54 58 65 78 103 107 121 126 141 205 270 302 303 304 313 321 332 333 347 348 , 10 22 % 26 , 2
18 40 62 72 88 93 121 122 125 159 193 217 223 237 247 269 271 273 275 276 290 295 306 328 343 345 , 0 20 % 26 , 2
0 40 59 65 82 85 88 106 118 121 144 167 193 217 223 242 247 267 271 274 276 286 295 305 323 343 , 0 18 % 26 , 2
12 16 26 38 46 48 54 60 107 141 179 195 203 241 243 289 319 321 322 329 330 331 332 347 348 349 , 14 20 % 26 , 2
13 16 26 38 39 58 85 92 99 117 131 137 140 205 236 256 266 271 273 274 282 285 286 296 304 323 , 0 21 % 26 , 2
8 24 28 36 46 48 58 64 70 107 127 129 140 149 195 203 205 231 303 304 321 330 341 346 347 348 , 24 8 % 26 , 2
2 10 18 26 39 62 65 87 88 92 123 137 153 159 163 174 179 227 233 247 260 267 273 277 315 336 339 , 1 28 % 27 , 2
18 33 49 50 62 72 88 92 125 179 181 185 201 215 229 237 247 255 256 257 269 273 290 295 306 328 339 , 0 22 % 27 , 2
9 14 16 18 38 39 43 86 118 128 147 151 152 154 173 229 249 256 272 276 283 290 311 314 315 318 324 , 0 17 % 27 , 2
18 84 86 99 104 106 117 144 151 193 207 225 237 242 256 261 264 269 272 273 274 277 279 294 318 343 345 , 0 10 % 27 , 2
12 16 36 46 48 54 58 65 78 126 141 161 199 205 243 270 302 303 304 313 319 321 329 333 347 348 349 , 12 22 % 27 , 2
3 4 6 18 42 82 87 88 104 110 137 144 198 217 223 229 235 247 268 272 273 274 290 291 295 305 306 323 , 0 16 % 28 , 2
5 7 23 27 45 83 102 104 106 108 110 112 114 138 143 145 146 152 156 160 168 191 212 224 230 238 242 248 , 14 22 % 28 , 2
5 49 51 59 61 73 102 106 108 112 114 124 128 138 143 145 154 168 178 190 230 238 240 242 246 248 252 284 , 20 30 % 28 , 2
8 24 28 36 46 48 58 64 65 70 107 127 129 140 149 195 203 205 229 231 303 304 313 321 322 341 347 348 , 10 24 % 28 , 2
