102 114 138 143 168 178 212 230 240 246 248 , 16 18 30 % 11 , 3
36 58 107 241 243 303 319 321 347 348 349 , 14 16 28 % 11 , 3
2 84 131 161 195 237 274 313 318 319 344 , 11 15 3 % 11 , 3
46 195 241 321 322 330 331 346 347 348 350 , 18 20 24 % 11 , 3
20 36 50 54 126 241 243 303 304 319 321 , 12 18 30 % 11 , 3
99 155 233 237 239 258 268 275 291 330 346 350 , 0 23 4 % 12 , 3
12 16 20 38 46 48 64 107 289 321 347 348 , 10 16 20 % 12 , 3
48 127 137 147 156 252 295 302 303 312 320 349 , 11 15 5 % 12 , 3
36 58 107 243 302 303 313 319 321 347 348 349 , 16 22 28 % 12 , 3
5 102 114 138 143 168 178 224 230 238 240 248 , 14 16 20 % 12 , 3
36 54 58 107 205 302 303 319 321 329 347 348 , 22 28 8 % 12 , 3
38 99 117 207 233 258 268 318 319 330 335 341 , 0 23 31 % 12 , 3
36 54 107 126 243 245 303 304 319 321 331 332 , 14 22 30 % 12 , 3
32 39 62 72 155 161 207 259 287 342 344 350 , 12 14 16 % 12 , 3
5 102 114 138 143 168 170 224 230 238 246 248 , 16 20 22 % 12 , 3
36 50 54 126 203 241 243 289 303 304 319 321 , 12 14 30 % 12 , 3
16 84 131 233 258 287 318 319 331 332 344 350 , 11 15 7 % 12 , 3
36 48 101 119 156 161 237 269 302 303 320 343 , 13 5 7 % 12 , 3
38 88 203 233 287 319 330 333 335 341 346 347 , 0 23 29 % 12 , 3
84 131 233 258 275 287 318 319 331 332 344 350 , 11 13 7 % 12 , 3
36 58 66 107 140 197 302 303 313 321 347 348 , 10 16 28 % 12 , 3
5 102 114 138 143 152 168 212 224 230 238 248 , 14 16 22 % 12 , 3
66 151 207 233 258 260 277 318 319 321 333 334 , 13 15 5 % 12 , 3
5 102 114 138 143 152 168 212 230 238 246 248 , 16 22 30 % 12 , 3
36 58 66 107 140 197 302 303 319 321 347 348 , 16 28 8 % 12 , 3
16 38 85 99 117 151 207 260 268 286 319 335 , 0 31 33 % 12 , 3
36 58 107 140 241 293 303 313 321 347 348 349 , 16 24 28 % 12 , 3
22 117 130 145 149 160 197 239 275 276 284 289 , 1 15 29 % 12 , 3
2 6 22 24 39 40 62 72 125 179 193 209 , 12 2 4 % 12 , 3
36 50 54 126 241 243 303 304 319 321 331 332 , 14 18 30 % 12 , 3
32 90 99 117 151 155 207 259 287 294 318 344 , 12 14 20 % 12 , 3
2 8 22 48 60 64 66 74 76 109 169 197 , 18 2 4 % 12 , 3
12 16 20 46 241 243 319 321 330 331 347 348 350 , 16 18 20 % 13 , 3
3 19 28 31 37 78 81 162 164 188 189 214 216 , 21 27 31 % 13 , 3
102 114 124 128 138 143 145 168 178 230 240 246 248 , 18 20 30 % 13 , 3
12 16 20 46 54 195 319 321 329 330 346 347 348 , 18 20 8 % 13 , 3
36 58 70 107 127 140 149 205 303 313 321 347 348 , 10 24 28 % 13 , 3
4 6 13 26 52 64 109 125 219 223 264 278 317 , 2 4 6 % 13 , 3
12 16 20 38 46 48 64 107 319 321 330 347 348 , 16 20 8 % 13 , 3
36 54 58 205 241 243 303 319 321 329 347 348 349 , 12 14 28 % 13 , 3
36 46 48 58 107 303 304 313 321 331 347 348 349 , 16 22 24 % 13 , 3
46 48 64 107 241 293 321 330 331 347 348 349 350 , 16 20 24 % 13 , 3
83 102 114 138 143 145 156 160 168 212 224 230 248 , 14 18 22 % 13 , 3
36 58 70 127 149 205 241 303 313 321 347 348 349 , 12 24 28 % 13 , 3
36 46 48 58 65 107 205 303 304 313 321 347 348 , 10 22 24 % 13 , 3
36 54 58 127 140 148 149 303 319 321 329 347 348 , 18 28 8 % 13 , 3
12 16 20 38 46 48 54 60 141 179 329 347 348 , 20 6 8 % 13 , 3
46 48 107 195 203 241 321 322 330 331 347 348 349 , 14 20 24 % 13 , 3
22 86 89 127 211 239 259 270 275 284 288 332 346 , 1 27 3 % 13 , 3
83 102 114 138 143 145 156 160 168 224 230 246 248 , 18 20 22 % 13 , 3
36 46 48 58 107 205 303 304 321 331 347 348 349 , 14 22 24 % 13 , 3
18 62 72 88 125 237 247 269 273 290 295 306 328 , 0 20 22 % 13 , 3
39 117 149 151 154 243 260 273 318 319 321 333 334 , 3 5 7 % 13 , 3
36 46 48 58 65 205 303 304 313 321 347 348 349 , 12 22 24 % 13 , 3
12 16 20 38 46 48 54 60 141 241 329 347 348 349 , 12 20 6 % 14 , 3
12 16 46 48 54 141 161 243 319 321 329 347 348 349 , 12 20 22 % 14 , 3
22 65 86 127 175 211 239 275 284 288 295 330 331 338 , 1 29 3 % 14 , 3
16 38 88 151 203 233 257 287 319 330 333 335 341 347 , 0 27 29 % 14 , 3
28 42 60 70 72 74 76 82 89 125 189 217 284 288 , 1 3 5 % 14 , 3
8 24 36 46 48 50 58 241 288 303 304 347 348 349 , 14 24 6 % 14 , 3
127 129 160 171 237 239 247 249 270 293 303 320 343 350 , 21 31 33 % 14 , 3
138 141 155 156 157 258 259 276 289 332 334 342 344 347 , 1 25 33 % 14 , 3
89 108 123 203 259 268 275 277 284 287 330 331 332 346 , 1 21 3 % 14 , 3
66 151 207 233 258 260 273 293 318 319 321 323 333 334 , 15 5 7 % 14 , 3
12 16 38 46 48 54 60 141 179 241 329 347 348 349 , 14 20 6 % 14 , 3
36 54 58 107 205 243 245 303 319 321 329 347 348 349 , 14 22 28 % 14 , 3
36 54 58 127 148 149 241 243 303 319 321 329 347 348 , 12 18 28 % 14 , 3
36 58 66 197 241 243 302 303 313 319 321 347 348 349 , 12 16 28 % 14 , 3
138 141 146 149 156 205 259 276 289 321 332 334 342 344 , 1 23 33 % 14 , 3
5 102 114 138 143 168 178 190 230 238 240 246 248 252 , 16 20 30 % 14 , 3
2 84 131 195 233 258 287 318 319 330 331 332 344 350 , 11 13 15 % 14 , 3
4 149 151 154 243 257 260 289 318 319 321 333 334 335 , 13 3 5 % 14 , 3
36 48 144 147 152 156 252 256 269 302 303 320 342 343 349 , 15 5 7 % 15 , 3
12 16 20 46 54 195 241 243 319 321 322 329 330 347 348 , 12 18 20 % 15 , 3
16 38 99 149 151 207 233 258 260 289 318 319 330 335 341 , 0 27 31 % 15 , 3
5 83 102 106 110 114 138 145 146 154 168 208 230 248 284 , 12 24 32 % 15 , 3
12 16 36 46 48 58 107 302 303 304 319 321 333 347 348 , 16 22 8 % 15 , 3
38 131 149 203 205 231 287 318 319 322 323 331 333 335 341 , 0 25 27 % 15 , 3
99 127 189 203 211 259 269 277 284 287 288 330 331 332 346 , 1 19 3 % 15 , 3
12 16 20 38 46 48 241 243 289 319 321 330 347 348 349 , 12 16 20 % 15 , 3
5 102 114 138 143 152 168 178 208 212 230 238 240 248 250 , 14 16 30 % 15 , 3
102 114 138 143 168 178 192 210 212 218 224 230 232 240 248 , 14 16 18 % 15 , 3
36 54 58 161 205 243 302 303 313 319 321 329 347 348 349 , 12 22 28 % 15 , 3
8 36 46 58 127 140 149 195 303 304 321 322 341 347 348 , 10 18 24 % 15 , 3
8 36 46 48 58 64 107 140 231 303 304 313 321 341 347 348 , 10 16 24 % 16 , 3
12 16 38 46 48 107 241 243 289 319 321 330 331 347 348 349 , 14 16 20 % 16 , 3
36 54 56 58 66 70 127 149 197 205 302 303 313 321 347 348 , 10 12 28 % 16 , 3
66 99 149 151 154 207 233 243 258 260 275 318 319 321 333 334 , 13 5 7 % 16 , 3
8 24 36 46 48 58 107 195 203 205 303 304 321 322 347 348 , 10 14 24 % 16 , 3
84 131 149 151 154 155 231 243 260 318 319 321 322 333 334 344 , 13 3 7 % 16 , 3
8 24 36 46 48 58 107 195 203 205 303 304 321 330 347 348 , 14 24 8 % 16 , 3
12 16 46 54 195 241 243 319 321 322 329 330 331 332 347 348 , 14 18 20 % 16 , 3
8 36 46 48 58 107 241 288 303 304 321 330 331 347 348 349 , 14 16 24 % 16 , 3
8 36 46 58 127 140 149 195 303 304 321 330 341 346 347 348 , 18 24 8 % 16 , 3
12 16 46 48 54 107 141 243 319 321 329 331 332 347 348 349 , 14 20 22 % 16 , 3
8 36 46 50 58 195 241 288 303 304 321 322 330 331 347 348 , 14 18 24 % 16 , 3
8 12 16 20 36 46 58 126 140 270 303 304 321 341 347 348 , 10 16 18 % 16 , 3
8 12 16 20 36 46 58 140 303 304 319 321 330 341 347 348 , 16 18 8 % 16 , 3
8 36 46 48 58 64 107 140 231 303 304 321 330 341 347 348 , 16 24 8 % 16 , 3
28 36 54 56 58 64 70 121 171 203 270 303 304 317 347 348 , 2 26 4 % 16 , 3
84 131 141 151 155 160 171 231 260 273 318 319 321 322 333 334 344 , 15 3 7 % 17 , 3
38 131 147 198 203 231 237 287 318 319 322 329 331 333 335 341 348 , 0 23 25 % 17 , 3
7 45 49 102 106 129 152 154 158 168 230 231 248 256 303 329 348 , 13 3 33 % 17 , 3
12 16 20 26 38 46 48 54 60 141 195 203 289 321 322 347 348 , 10 12 20 % 17 , 3
36 54 56 58 66 70 107 127 140 149 197 205 302 303 321 347 348 , 10 28 8 % 17 , 3
5 61 73 102 106 108 112 114 138 143 145 168 230 238 242 246 248 , 20 22 30 % 17 , 3
8 36 46 58 119 140 241 288 303 304 321 330 331 341 347 348 350 , 16 18 24 % 17 , 3
83 102 114 138 143 145 156 160 168 172 178 182 224 226 230 240 248 , 14 18 20 % 17 , 3
5 102 106 108 112 114 138 143 145 168 178 230 238 240 242 248 284 , 14 20 30 % 17 , 3
12 16 36 46 48 58 107 126 270 302 303 304 313 321 333 347 348 , 10 16 22 % 17 , 3
12 16 36 46 48 54 58 107 141 199 205 303 304 319 321 329 347 348 , 14 22 8 % 18 , 3
8 36 46 48 58 119 231 241 288 303 304 313 321 330 341 347 348 349 , 12 16 24 % 18 , 3
12 16 20 26 38 46 48 54 60 141 195 203 319 321 329 330 347 348 , 12 20 8 % 18 , 3
12 16 36 46 48 54 58 78 103 141 199 302 303 304 329 333 347 348 , 22 6 8 % 18 , 3
131 138 149 155 157 177 203 205 233 287 289 321 331 334 336 341 342 347 , 1 17 33 % 18 , 3
86 122 131 138 141 146 149 156 198 276 288 289 318 321 322 331 334 344 , 1 29 33 % 18 , 3
84 86 138 141 146 155 156 198 205 259 276 288 289 321 332 334 342 344 , 1 27 33 % 18 , 3
36 54 56 58 66 70 127 148 149 197 205 302 303 319 321 329 347 348 , 12 28 8 % 18 , 3
12 16 36 46 48 54 58 107 126 141 205 270 303 304 321 332 347 348 , 10 14 22 % 18 , 3
8 10 12 16 36 38 46 48 58 74 107 303 304 319 321 330 347 348 , 14 16 8 % 18 , 3
5 27 102 106 108 110 112 114 138 143 145 152 168 212 230 238 242 248 , 14 22 30 % 18 , 3
12 16 36 46 48 58 107 126 243 270 303 304 319 321 331 347 348 349 , 14 16 22 % 18 , 3
36 54 56 58 66 70 127 148 149 197 241 302 303 313 329 347 348 349 , 12 28 6 % 18 , 3
12 16 36 46 54 58 126 199 243 270 303 304 319 321 329 331 332 347 348 , 14 18 22 % 19 , 3
8 10 12 16 36 38 46 48 58 74 107 126 270 289 303 304 321 347 348 , 10 14 16 % 19 , 3
8 12 16 36 44 46 54 58 126 195 270 303 304 317 321 322 332 347 348 , 10 14 18 % 19 , 3
8 36 46 48 50 58 195 203 205 241 288 303 304 321 322 330 347 348 349 , 12 14 24 % 19 , 3
12 16 20 26 38 46 48 54 60 64 107 141 179 195 203 209 321 347 348 , 10 20 8 % 19 , 3
12 16 36 46 48 58 126 243 270 302 303 304 313 319 321 333 347 348 349 , 12 16 22 % 19 , 3
8 36 46 50 58 119 127 149 195 241 288 303 304 321 322 330 341 347 348 , 12 18 24 % 19 , 3
8 12 16 20 36 44 46 54 58 127 140 149 195 303 304 321 341 347 348 , 10 18 8 % 19 , 3
8 24 28 36 46 48 58 65 70 127 129 149 231 303 304 313 341 347 348 , 10 24 6 % 19 , 3
12 16 26 38 46 48 54 60 107 141 179 195 203 289 321 322 332 347 348 , 10 14 20 % 19 , 3
12 16 26 38 46 48 54 60 107 141 179 195 203 319 321 329 330 347 348 , 14 20 8 % 19 , 3
12 16 36 46 48 54 58 65 78 103 141 270 302 303 304 313 333 347 348 , 10 22 6 % 19 , 3
8 12 16 36 46 58 126 241 243 270 288 303 304 319 321 330 331 347 348 , 14 16 18 % 19 , 3
12 16 36 46 48 54 58 78 141 199 205 302 303 304 319 321 329 333 347 348 , 12 22 8 % 20 , 3
12 16 34 36 46 48 54 58 78 103 107 141 205 302 303 304 321 333 347 348 , 10 22 8 % 20 , 3
38 88 99 131 203 207 209 231 233 258 287 318 319 322 330 331 333 335 341 347 , 0 23 27 % 20 , 3
12 16 36 46 48 54 58 126 141 199 205 243 270 303 304 319 321 329 347 348 349 , 12 14 22 % 21 , 3
12 16 36 46 48 54 58 65 78 141 199 270 302 303 304 313 329 333 347 348 349 , 12 22 6 % 21 , 3
83 86 131 138 146 155 156 177 198 205 259 287 318 321 322 331 332 334 341 344 347 , 1 31 33 % 21 , 3
8 12 16 20 36 46 58 119 126 241 243 270 288 303 304 319 321 330 341 347 348 , 12 16 18 % 21 , 3
8 28 36 46 48 58 70 127 129 149 195 203 205 231 303 304 321 330 341 347 348 , 12 24 8 % 21 , 3
12 16 36 46 48 54 58 65 78 126 141 205 270 302 303 304 313 321 333 347 348 , 10 12 22 % 21 , 3
7 45 102 106 129 160 168 171 172 202 224 226 230 231 237 248 273 274 313 320 329 348 , 15 3 33 % 22 , 3
5 7 45 83 102 104 106 108 112 114 138 143 145 146 156 160 168 224 230 238 242 248 , 14 20 22 % 22 , 3
66 84 131 151 155 207 231 233 258 259 260 287 318 319 321 322 331 332 333 334 344 350 , 13 15 7 % 22 , 3
12 16 26 38 46 48 54 60 141 195 203 241 243 289 319 321 322 329 330 347 348 349 , 12 14 20 % 22 , 3
5 7 9 15 73 83 102 106 110 112 114 138 145 156 168 190 208 212 230 240 248 284 , 12 28 32 % 22 , 3
8 10 12 16 24 36 38 44 46 48 54 58 60 74 76 141 179 270 303 304 347 348 , 10 14 6 % 22 , 3
8 12 16 20 36 44 46 54 58 126 127 149 195 270 303 304 317 321 322 341 347 348 , 10 12 18 % 22 , 3
84 122 138 149 155 156 180 203 207 233 258 259 276 287 318 321 322 331 332 334 341 344 347 , 1 21 33 % 23 , 3
8 28 36 46 48 50 58 65 70 119 127 129 149 231 241 288 303 304 313 341 347 348 349 , 12 24 6 % 23 , 3
8 10 12 16 24 36 38 44 46 48 54 58 60 74 76 141 179 199 303 304 329 347 348 , 14 6 8 % 23 , 3
8 28 36 46 48 58 65 70 127 129 149 195 203 205 231 303 304 313 321 322 341 347 348 , 10 12 24 % 23 , 3
8 12 16 20 36 44 46 54 58 127 148 149 195 199 303 304 319 321 329 330 341 347 348 , 12 18 8 % 23 , 3
8 10 12 16 36 38 46 48 58 74 126 241 243 270 288 289 303 304 319 321 330 347 348 349 , 12 14 16 % 24 , 3
8 12 16 20 36 44 46 50 54 58 119 127 148 149 199 241 270 288 303 304 329 341 347 348 , 12 18 6 % 24 , 3
8 24 28 36 46 48 58 64 70 107 127 129 140 149 195 203 205 231 303 304 321 341 347 348 , 10 24 8 % 24 , 3
84 122 138 141 149 155 156 203 205 207 259 276 287 288 289 318 321 322 331 332 334 341 342 344 347 , 1 19 33 % 25 , 3
8 10 12 16 20 36 38 46 48 58 66 74 147 197 231 302 303 304 319 321 330 333 334 341 347 348 , 12 16 8 % 26 , 3
61 102 116 121 140 147 155 168 172 178 190 200 203 230 246 248 277 302 303 320 329 335 341 347 348 349 , 11 7 9 % 26 , 3
22 114 120 121 129 138 143 145 154 155 160 168 171 205 237 270 273 284 289 305 321 329 334 342 348 349 , 1 17 27 % 26 , 3
8 12 16 36 44 46 50 54 58 126 195 199 241 243 270 288 303 304 317 319 321 322 329 330 347 348 , 12 14 18 % 26 , 3
