437
306
156
106
98
912
1370
354
304
602
958
471
342
1156
750
1106
619
221
1077
213
192
1048
163
977
490
927
1275
696
565
994
973
965
457
1352
357
1192
684
126
97
382
1238
374
303
630
93
551
530
1336
422
728
10
1332
926
745
318
208
637
595
566
58
29
8
204
1149
285
154
125
583
562
75
252
731
1108
223
710
1058
681
1139
1008
144
319
756
1185
677
1135
598
90
367
623
1102
544
434
1169
613
482
961
55
301
1217
201
659
1007
986
72
22
1365
1315
299
1134
445
416
1251
1230
1180
316
295
337
593
216
464
1270
385
254
610
1047
560
52
1018
531
481
1316
918
381
1216
679
906
1364
675
625
596
198
1033
17
1281
1260
1231
346
215
1181
673
13
442
790
769
392
363
1148
153
132
988
590
561
888
24
3
1346
330
1034
607
586
1065
557
905
805
1132
1003
626
293
1209
722
672
164
143
135
491
572
85
462
1328
312
262
1118
81
31
1193
329
766
606
1064
1035
527
19
1362
1262
225
1031
502
15
981
1358
96
444
423
881
1258
1208
344
323
1158
1129
244
134
113
592
63
411
261
30
509
1273
1244
686
534
26
1369
1013
455
405
753
376
1190
632
1111
37
393
1330
649
112
520
978
868
847
1334
1326
310
747
739
1095
639