992
1360
1322
793
1344
317
1078
1062
1031
626
912
360
1341
1320
1210
812
593
783
1241
385
929
23
850
36
1237
686
1127
1056
1027
649
1006
536
1297
1289
1123
1042
209
536
637
973
991
524
75
1271
153
9
1352
888
844
1190
833
30
672
97
1281
861
312
141
868
1236
926
555
168
799
502
856
749
241
1055
1332
1362
164
335
222
156
327
1204
475
537
914
1351
864
1191
1149
860
416
1332
935
659
152
856
958
338
797
52
1328
1185
1062
639
111
975
610
602
326
318
1192
317
795
86
1108
65
1200
565
499
728
1135
299
990
407
280
1234
738
1217
709
578
180
1036
986
1018
621
1284
399
1234
828
234
597
932
84
792
1361
1230
1370
1199
803
1122
634
216
1051
972
331
877
1350
790
257
782
632
939
1167
1080
770
789
1243
933
657
1137
1116
562
1087
558
136
217
1231
1060
1112
1104
1054
379
1033
93
446
1302
1252
1153
1258
126
1000
1298
1227
1067
28
1028
106
631
623
380
817
722
636
1129
607
285
934
905
884
507
870
975
1327
545
283
687
29
1265
125
642
813
805
1107
1278
1168
1097
589
916
422
1346
731
1043
577
964
95
344
50
507
1058
490
661
175
771
1229
132
1369
802
294
754
1079
909
738
767
1260
667
3
363
355
1344
438
1273
1223
707
598
464
522
1261
248
682
757
710
394
503
236
322
1107
1113
803
1057
978
868
996
1185
329
1348
111
1226
675
1148
995