2644
437
1957
1470
3190
3271
3627
3221
2734
3171
2684
833
2584
1089
602
421
858
321
2122
2072
1585
3386
3255
3692
998
3205
948
3155
898
1254
1123
1073
1023
536
2337
486
2774
2287
3601
386
3551
336
286
3370
1519
1419
3139
3039
1188
2502
1138
651
1088
2889
551
501
2302
1815
2252
1765
401
2121
1715
2071
2377
120
1353
3641
1790
3104
3054
1203
2567
666
1930
79
2286
566
516
1880
641
235
1955
1468
1418
1855
2682
831
781
2582
2045
2401
2482
1343
856
500
937
2657
806
319
2070
300
2020
3740
3334
119
1483
1970
3771
3284
1433
3153
3234
1383
2747
2697
846
3134
3003
2516
1021
1102
1458
971
2822
1052
2772
871
334
3499
284
2135
3805
3399
184
3705
3655
1217
2937
3374
2887
1036
1523
2837
499
2787
936
2250
886
1713
299
2100
3333
1788
1869
18
1738
3539
1688
3052
3002
614
2902
2415
2365
464
1828
2084
2440
1953
133
2
3654
3167
3554
1703
1216
3017
1166
679
2480
1066
579
217
2018
248
198
3282
1431
1381
3669
3182
2645
3001
1231
2545
2495
3207
869
463
413
2133
282
2620
2083
719
2520
2033
3347
132
1983
3297
1446
3734
1883
3603
3247
3197
3553
1346
3503
1165
3322
934
2198
3462
247
1611
2048
1998
3718
3362
974
3181
1767
2123
1099
2900
2800
2313
2750
899
2213
362
2113
2288
81
1801
3652
1882
31
1832
1214
3502
3452
1601
2965
2865
1014
527
2378
2328
477
2147
2228
377
2940
2534
683
1916
2353
502
3717
96
1816
3130
1279
3567
1716
1229
3080
3517
2493
1129
2799
592
2393
2749
2618
361
717
2518
1981
130
211
567
80
3782
30
3682
1831
3632
1781
1294
1244
2964
3045
707
1013
2733
882
476
426
1269
2583
326
2533
2483
1996
3666
45
3697
1846
3385
1534
1615
1971
1078
1028
2748
847
2648
697
2061
3375
2011
3325
110
466
1961
1699
3681
2136
3500
2086
1599
1680
2913
3350
2863
1499
3300
2813
425
862
2226
2126
275
2788
94
2301
1895
3615
1764
2201
1714
3515
1664
3465
1614
3415
3365
977
2341
440
2597
259
2466
2547
696
2416
2903
209
646
1879
28
515
2316
465
2266
415
9
3530
3043
1192
2993
1142
2456
2812
2893
2406
1042
911
3118
2581
730
374
324
680
2531
3745
530
2331
3514
3545
3058
1694
1076
1432
1513
1382
3183
1332
976
876
1232
826
2546
208
158
595
3760
1859
3579
1191
3348
3785
1091
1447
3248
2761
991
2711
3148
760
710
223
2511
2024
173
1974
2686
2280
429
2149
1743
1612
1693
3413
3363
1512
2876
3263
925
875
2676
2364
2445
594
2264
2214
7
1727
2164
1090
3328
1477
2791
940
2304
1246
709
2429
172
528
3693
478
1842
72
2229
22
1742
3543
3006
2956
3131
874
1230
3081
1180
2544
2981
774
643
2494
724
2444
1907
56
2344
493
6
443
3527
1807
3477
3558
1576
1526
3733
3683
989
1345
2659
808
2509
171
3773
3642
71
3236
1872
2097
2047
3361
1104
1947
3311
1054
1897
2724
873
2624
773
186
2212
442
2649
1625
2062
3376
2012
1375
838
2864
2458
607
2327
70
507
2714
3541
2127
3491
1640
2077
3391
2854
3291
1309
3029
3516
2673
772
3060
672
185
541
2342
491
572
85
441
391
3456
2969
60
3631
1293
3225
3581
887
3175
3531
837
1193
2994
787
2944
1093
2894
556
506
1820
3621
406
1770
3490
3571
1539
3259
3696
1489
1845
1002
1795
3159
1389
902
1258
852
1208
721
1158
671
752
2472
2372
1885
2110
340
1704
1654
2010
240
1604
1554
1373
1273
1223
2050
199
686
2662
1819
2256
1769
2206
3439
3389
1538
2025
1488
1438
3239
851
2521
3364
1107
3314
2908
570
2371
520
33
2240
2677
339
420
2140
289
1653
2090
3354
3304
3173
3123
2992
1222
3023
685
2405
554
635
504
2792
2305
454
3619
404
3569
2205
354
1668
304
3469
1618
1131
1487
3694
2982
3288
1387
1256
3057
1206
1287
3007
1156
3494
1237
1106
2420
213
2857
600
2320
469
1833
2270
1602
1958
238
1989
3709
965
1808
3172
3609
1758
1271
2435
403
2073
2510
2460
1973
3774
3287
3237
1873
3674
3187
1336
1823
1417
1286
1236
2906
1055
2369
2725
468
2188
418
1782
2625
2138
2219
318
3402
1988
2715
864
1351
3508
1657
2921
2871
2384
533
2740
402
2203
352
383
252
1566
1516
3186
3542
1822
1772
3005
1235
3392
698
2986
2855
517
2805
598
2318
548
3582
1731
1681
2118
136
86
1887
36
3557
3070
1219
3507
813
3457
763
2970
1200
713
663
1019
2383
2820
969
2333
3647
788
2589
2052
201
2002
151
1465
1821
3622
1771
878
1234
1315
1184
778
2985
2935
2448
853
2217
2167
316
803
2117
2067
1580
3250
1480
1349
3637
3150
1249
2613
531
968
2769
2282
431
2638
2232
281
2001
3802
1951
3265
1414
3215
3084
3440
1670
3390
3340
2934
2447
596
3290
2884
1033
2834
2166
315
396
2116
265
346
3430
215
2066
165
34
1835
1198
3355
2868
1017
1148
2949
611
2231
2668
2487
3670
3751
49
3570
1313
1182
1619
2983
1213
1082
676
2833
2346
626
2652
2165
314
2602
2115
164
3735
1478
1834
3635
1784
1378
891
1734
1684
3048
1147
2948
2817
2767
2667
816
766
279
2486
1999
2080
1949
2030
179
3750
1543
1493
3213
3700
3600
1749
1262
3419
1568
3369
1518
1031
3238
494
2701
444
2651
3088
881
2195
2551
344
2064
2095
244
2451
3765
3278
1427
3584
2220
3534
1146
3353
2947
3303
2816
2897
3253
2847
996
509
2797
328
2616
2129
2566
228
3393
534
47
2335
1848
1798
3518
3599
3112
1261
1748
1698
3368
2881
1030
674
1111
3318
624
574
930
830
343
162
549
3633
1863
12
1376
1813
3533
1326
1682
2946
2896
639
2359
2846
508
2128
277
2565
2515
2028
664
177
127
1847
1491
3698
1928
3598
1747
3548
1647
1160
1597
3317
2830
1416
2730
879
2599
292
2499
2093
242
2043
2349
3713
1943
92
1325
1762
2945
3301
3382
2895
3251
3332
2845
3201
2664
2745
3101
2614
407
2258
3051
2158
307
2108
207
2414
76
3778
3597
382
2233
3547
3447
2779
2860
1009
2810
2760
909
422
2629
372
728
3762
547
1911
3712
1861
2348
447
1811
3612
3481
3562
1711
3431
3512
1661
3381
1124
2844
3331
3281
587
3231
893
2563
3000
1149
612
1976
3777
3727
1745
1826
1776
1645
3446
2959
1108
2859
1008
1314
827
777
727
2478
1941
90
1810
3611
1760
40
1354
1710
3330
115
1379
2643
305
2512
2593
2106
742
205
2412
2006
2362
3726
1825
1906
3626
3495
3445
1594
230
2081
2031
3264
3295
2627
2577
3014
2527
807
757
1990
139
220
3791
526
395
345
1709
3510
3460
2973
3410
1559
3766
3279
3360
2873
3229
2742
3179
922
3129
791
435
2592
1047
560
1824
2261
360
3525
3475
1624
3344
1087
2807
956
1037
550
1212
675
2963
1112
625
2476
3790
1839
1252
1689
1202
1558
2922
2872
665
1864
3665
3128
1277
790
2641
1227
2591
3028
1177
2410
2491
2441
1954
103
1904
2260
3624
3524
2160
1492
905
3193
1342
855
1292
3012
2962
2556
705
2912
655
1888
1969
3689
1838
780
3458
2044
3358
143
3177
3258
1407
920
2721
3077
2590
2671
820
2540
3027
2977
2571
720
2796
945
2259
358
2159
3523
2936
3292
2886
3242
3323
2836
3192
2786
3142
2655
398
2605
1110
754
2911
1060
573
2861
523
960
3638
2274
1787
1737
3407
3357
1100
1456
2770
1406
3076
1712
1175
688
2926
2439
588
2389
51
488
1
438
1265
1215
1652
26
1390
1340
3628
2604
2554
1140
653
2504
603
1967
2404
1917
503
3587
1736
2173
1330
2042
191
3356
1505
3793
3306
1455
3206
2719
3075
2669
3025
768
2975
2488
2519
1982
131
1851