764
387
1222
227
177
156
106
585
98
27
1370
375
1341
304
1089
1287
750
242
221
1077
1006
440
419
746
1204
209
138
28
415
407
844
634
257
126
1113
97
1042
1288
353
324
761
274
1109
224
580
93
43
522
501
799
401
291
1236
728
39
1005
120
468
439
389
716
318
1103
993
1074
79
8
1351
864
1191
1141
235
125
612
562
75
54
512
991
1368
860
1339
1318
831
433
1297
1289
1108
710
223
702
173
652
479
806
1185
975
111
61
896
1333
338
317
775
136
921
384
1350
1329
305
1019
280
1136
230
578
1167
180
659
528
609
72
399
1365
378
1234
22
370
299
757
526
1251
874
345
824
316
287
266
1101
216
1072
166
385
364
254
233
52
1018
531
133
2
968
381
360
121
1066
71
906
327
675
1154
1104
596
1054
525
38
1260
265
236
215
694
1000
513
1348
819
442
1298
790
392
740
711
313
669
690
1017
153
590
103
1367
1346
1296
636
149
128
1015
507
397
1313
1182
1263
755
655
168
982
118
974
953
751
243
701
572
949
391
1328
333
31
1243
358
1214
308
1143
656
577
1043
506
1312
448
935
50
754
1081
1031
1010
523
146
15
1002
494
46
902
1229
721
294
1129
1079
84
877
369
848
688
667
1
438
707
686
1369
992
484
476
1290
863
1190
1161
653
624
116
1061
66
524
880
393
343
322
620
1078
1057
947
549
1028
520
12
818
289
1226
718
189