2554
3498
3202
212
2346
842
13
2509
1031
3340
3799
2072
1824
513
2017
1379
3688
3641
2610
3804
698
2068
1754
280
3215
443
1383
3692
3225
3571
235
2540
2369
1054
1684
2095
3155
2841
3318
383
2003
2252
3293
674
1147
703
3085
1656
2771
1285
3594
258
1448
888
59
3386
767
3178
512
2646
63
188
2809
141
3390
2275
304
3803
3098
1123
489
2794
442
2109
605
2739
452
2586
3733
961
2331
1846
3307
3154
2906
1008
3317
1475
86
164
1354
2298
327
1984
1517
3663
2261
1146
586
1309
2140
1939
628
3247
475
2562
2344
1313
1076
2507
1239
2354
3501
1869
1822
558
6
1498
2645
187
2492
1377
2655
150
1340
2284
1970
488
2793
822
604
2738
1707
233
2367
3015
1099
3361
2330
2093
1062
3783
2668
1571
2048
2001
2631
173
1363
1993
1526
3454
1308
748
3083
2598
627
1901
886
2724
1238
2353
20
1868
1085
3176
1201
2862
3339
1831
1594
2024
2654
1539
71
3551
3714
16
1798
1751
487
1914
2792
1131
3222
279
1640
2584
3232
2747
242
3807
2376
43
751
3199
2885
1224
2418
2121
3315
1636
792
325
3574
2459
2422
3616
3082
3245
3408
1729
3037
265
2570
428
3546
1867
1496
2144
3338
1200
348
2653
3597
978
2816
1167
311
1501
941
3639
1130
1760
3602
1923
278
2583
2116
2528
1843
1060
816
2167
1482
1015
3791
171
334
964
1153
843
1783
1316
3625
3036
2722
1866
1083
3458
1028
3337
3184
1038
2699
3129
2815
3759
1384
357
310
987
722
2073
398
102
1922
3230
3059
611
3805
403
699
3022
2537
3197
1222
3531
1852
3160
3790
3323
704
1644
1014
3105
2541
3735
170
3364
745
592
908
2096
755
2259
2212
1727
2138
1574
2768
893
3391
2360
3554
1875
2772
430
3128
1620
3387
1412
1175
2606
23
3429
2865
1597
3058
2591
2907
449
3021
661
1851
2328
290
2911
1013
999
91
1643
2837
453
1806
332
2466
3581
3114
1435
3744
2800
591
2258
754
1944
2888
2221
1106
1736
1365
2512
837
1244
684
800
2304
1819
2934
2151
2030
355
2489
1174
3483
147
1337
3646
777
2615
1749
3057
2493
2026
3020
1504
1679
823
2327
2957
1012
2053
378
1805
3113
1197
3743
45
590
123
1063
753
1943
2887
2220
2049
1735
2558
3206
1527
1406
846
2150
1035
2313
3507
58
68
929
146
776
2080
1128
1758
1387
2818
3696
410
1896
2544
869
2707
451
2118
1804
2748
960
3112
243
3742
2627
2886
3534
2419
915
1225
2266
3413
3089
1581
3205
270
3617
215
1155
2312
637
1827
2942
1293
266
3135
1456
3765
2450
308
1965
1248
938
2242
567
1757
2405
979
3302
2817
3477
2380
2446
3440
2325
821
2955
3603
1687
3778
2681
3158
1479
3111
3741
168
798
1988
2636
131
380
543
1733
2677
3204
2640
681
3463
2348
2978
2195
2311
2941
1043
1673
3764
362
1618
2515
2278
2241
3185
566
1756
729
237
3019
200
2334
659
1849
1066
241
3740
89
42
3569
2884
3532
130
2264
589
3324
2209
705
1112
2839
552
3050
431
1371
2565
1534
223
472
2310
9
264
894
1409
2287
2870
2403
3347
2079
1765
3226
291
454
1394
2607
320
1969
495
2170
1477
88
1811
250
1440
2634
959
51
1899
588
2893
3541
2426
1778
1232
2838
333
2685
2467
3115
180
1370
1199
3461
2430
3624
1315
1162
2356
2986
634
3416
3179
8
2148
644
1834
990
3142
2494
2657
3717
3183
2402
727
1037
1667
3509
2031
2661
986
1000
1709
3017
2453
3647
1338
1968
3494
657
3276
3610
1694
667
2124
1639
2754
2383
2262
587
2892
550
379
1740
2217
713
1903
1161
3470
3299
3003
2355
1087
851
262
2100
425
3553
1407
3716
573
3508
1392
2040
244
2081
656
110
1300
2961
1930
285
2590
448
2753
295
2916
3576
3109
1277
1230
2424
3368
749
1156
596
1786
712
2846
1531
2475
2008
2638
850
3298
1790
2984
1323
916
1953
133
2929
642
271
434
72
780
3715
1253
1883
1416
1045
2488
3136
3766
364
309
1966
2614
3492
2377
3808
939
1692
2169
1855
294
3163
3793
2132
457
1600
1276
966
2173
202
2336
2682
2215
3330
1651
2845
711
387
340
2007
132
3001
3297
3631
641
3260
2145
2775
3186
2938
3598
433
3052
1252
1882
26
3506
104
2238
2868
1390
363
993
2497
526
3654
1975
664
3065
2751
3228
1720
1549
1483
238
2543
2706
1275
248
2390
201
1438
49
2098
594
3700
1067
757
3376
710
2844
895
3047
178
1368
2265
3459
640
3088
469
1580
2937
1298
2729
1251
3560
224
1881
2292
3399
2237
733
3515
580
1836
992
2659
2612
1181
154
3490
1344
3719
317
784
900
1766
2130
2760
1808
2923
1274
3583
3116
1437
2552
48
1284
3375
2126
385
1812
3787
2472
3120
2482
1950
923
1330
1159
3421
2936
478
1905
2783
3097
2946
3213
1297
441
3139
1880
853
24
3351
2320
2149
1835
361
2495
2028
524
2658
75
1343
3652
2621
946
1353
825
2176
1928
3018
1273
3582
246
1436
1065
3374
2889
3319
1737
2852
3329
3675
2014
969
2523
848
1158
1111
3249
1741
2055
551
3096
714
2564
3212
1533
1296
269
2574
778
2082
1051
741
3189
2875
3305
199
1389
2037
1505
2620
945
3280
1134
107
1764
2958
3072
616
1556
2921
245
2550
3027
408
2713
1074
3383
2898
175
2480
1995
2643
921
2272
3466
301
597
2435
1157
3095
1750
2944
1458
2106
602
1421
2365
2147
3512
1833
2777
198
1388
2448
161
3563
1351
2295
1981
670
2174
3234
1652
2596
407
1347
666
1856
2504
3164
3794
2679
3327
1648
2133
2012
337
1374
2805
300
129
930
759
2780
1329
1578
3039
2572
3395
2364
860
2994
2527
1879
3187
1212
197
3150
1471
1004
3313
2828
1179
3488
1980
1513
1762
2239
3233
2202
2595
1280
2711
253
1509
2387
1072
762
3381
2896
3326
554
1744
2688
3118
3748
2270
2099
1785
758
1948
2062
3256
2692
721
3419
1911
2225
3048
2734
3678
2363
3011
2526
2289
3520
1888
1841
359
1470
1003
81
2293
322
3450
581
1771
460
3242
623
3751
2386
2720
1071
827
2502
2178
2131
1016
2761
1493
182
127
1947
3473
3539
2988
1910
1119
2733
3677
2362
687
1877
3640
2992
2525
1210
2154
479
3348
650
813
1002
3311
80
1632
2663
321
951
2618
1187
3278
3612
1562
3653
1725
2548
1233
3608
1863
836
2686
3334
2219
1655
2849
2478
919
2060
2690
2223
1575
3167
1738
2070
274
3209
1701
3056
219
2371
3802
229
1256
812
575
3194
2880
738
3310
1678
3769
3398
1890
779
3102
1423
1598
2246
1932
1561
3403
534
1724
2918
880
3032
413
2547
260
1516
2394
1279
890
1862
835
598
617
1807
2922
1024
464
1654
1491
3745
343
1283
3755
57
135
2440
2269
1955
2899
3500
1584
1117
3426
1376
3685
2904
2162
3768
3101
1185
2616
158
2463
111
1978
1931
2408
121
2972
1941
2667
3031
1982
3606
834
2968
1490
1023
3332
463
2597
1816
2476
3124
505
3591
1954
1171
2602
927
709
1583
556
1528
1538
2198
227
1884
694
3476
3355
2791
1209
1839
2670
1468
3777
79
32
569
2874
903
2091
532
2036
1514
2392
203
2555
833
1069
3378
3615
1699
213
388
3123
763
2267
3382
1236
926
392
3708
1745
2860
718
3053
3683
3216
347
226
856
3008
3475
3638
2943
1912
2790
601
3220
2105
2735
3776
78
3558
786
2090
3521
2253
2762
2045
1731
2925
1142
1305
3614
1698
3243
624
471
1661
3752
416
179
1999
925
142
1332
2276
772
2439
935
3099
1907
183
1373
2804
346
3682
2651
509
3627
692
2530
1165
3007
855
484
1674
2322
3145
1466
610
3308
3775
2460
785
1192
165
2470
2299
2318
530
2882
3075
1396
1730
2553
878
3497
1522
2182
211
1697
2345
3460
2975
2508
3168
1489
1823
924
207
1864
3172
2057
553
716
1906
2067
563
1382
1545
3006
3636
234
2368
864
2998
1053
3362
493
2113
3774
76
2372
1887
1220
910
739
1929
2043
368
2673
702
1558
3200
210
669
2756
298
632
99
414
3760
62
3542
140
3705
303
1243
1122
562
1752
1915
1381
3690
1163
3005
1793
136
766
1326
3264
3427
1682
1748
2159
2789
2742
284
400
163
1419
3728
1983
1266
1011
3495
3028
159
1349
3658
3611
1196
3287
2973
2506
1487
2135
631
1821
2765
3079
5
1450
423
186
1613
1242
3170
3333
561
1817
190
506
1380
2811
353
2858
2487
3634
3481
862
1335
2996
491
3273
1844
817
283
1255
695
1418
858
29
2088
700
3148
1719
3620
3449
630
459
1399
3587
60
2556
2185
214
15
1033
3342
2694
1913
723
3505
1589
1542
1705
1964
2157
3272
2787
282
1472
2120
2750
2579
1264
954
1427
38
3518
116
2087
1056
3365
746
2421
1773
2050
3244
2680
157
2462
1977
1194
167
3285
750
2254
2417
3295
458
2763
1102
2926
2773
1611
3203
977
3596
14
940
1079
2226
2856
351
1541
514
3133
3679
1704
3012
3642
773
2277
1180
652
3271
2156
1125
1634
607
2912
1481
236
1208
3517
582
1838
1685
1218
3146
2832
374
3309
537
3156
2624
3035
1356
3665
3294
208
838