843
466
793
764
1012
839
708
912
281
404
1116
629
608
1037
1162
1154
604
850
1287
1237
619
823
1027
469
1071
267
746
1356
950
413
769
282
1227
465
1177
844
859
351
584
1063
911
636
840
607
811
1109
834
203
530
776
626
749
728
974
314
751
845
795
745
826
716
318
1357
849
1024
770
720
1220
966
712
589
662
641
633
125
837
562
787
606
352
477
1058
631
1285
1002
981
960
1185
931
1135
1229
721
1158
671
548
752
642
621
498
113
825
84
775
717
1196
130
842
821
559
763
996
509
692
582
1069
1265
969
482
961
963
1290
659
245
478
145
1111
603
951
930
778
1155
503
699
924
670
395
549
797
564
718
1176
160
872
762
741
618