2207
356
5709
9099
3627
14421
12114
2634
13915
14271
11577
10082
14090
6280
17561
18875
7494
7007
16874
11452
18238
3205
18625
18138
14923
14105
17757
17139
6295
3957
7609
1650
3807
5171
5608
18253
6841
1775
5427
16171
10618
10699
10518
14170
9981
19005
9881
13533
3204
10914
18493
10633
2517
1103
4187
11797
9946
7252
13286
11079
11385
15037
16757
13186
5070
5913
3169
1318
4839
14350
6540
6278
17640
13351
9293
3821
17309
14615
15052
3590
1333
4854
10713
18061
6374
6730
2672
821
1648
9358
15036
14630
14986
9564
6870
7176
2987
17970
18326
11184
6995
18176
13631
6845
13581
5771
1713
15688
3564
15282
11580
249
13200
3489
18828
7010
4266
8274
2365
10075
8124
11208
1728
10150
1903
16886
6042
13315
13621
13215
10877
7662
16249
10827
8976
12547
16199
10290
6588
2530
11960
6001
14198
13711
10090
11810
9959
5770
6126
15687
14323
10265
654
2455
16951
13249
11885
5620
7340
3769
7290
18571
19008
6703
14413
5289
10611
3207
16339
1356
9943
4521
4471
3984
17472
5785
17422
6091
5604
9256
1496
3297
15065
17272
3197
13991
2660
14428
6893
4686
7330
18024
9758
12842
13329
3362
147
3312
1636
7008
1099
7445
4751
18320
12361
6808
13544
13444
6171
16965
15114
1932
5940
17221
18941
18404
5222
14683
10138
10088
377
4254
13815
5924
11427
17286
7238
1816
16262
9476
13047
3080
12947
6551
18319
16468
2980
6451
1029
16368
2749
17601
2618
4906
6220
17501
2468
3832
11005
17351
18534
9541
10805
14451
5798
17566
2046
5517
15078
12690
10789
8938
3385
14666
12815
6550
12459
17781
14516
9821
9771
11441
1961
17169
7152
7458
12474
18102
15845
13994
9936
10292
6234
13457
16978
6003
1945
17234
11812
9474
2201
3515
13076
18804
9324
18348
8737
2778
8150
13747
8225
2316
19019
5837
5300
1729
3093
9439
3530
11109
3480
14761
16075
605
2893
1117
13762
6133
1944
11505
5596
174
3745
13662
530
3695
1794
14926
16646
5446
18497
3108
16596
14389
10818
17910
6935
3720
6804
10456
6754
976
4497
12563
3083
17579
876
17885
6017
13240
11389
14910
3885
1678
12909
6869
7306
3248
18231
6769
3198
18537
12141
941
12091
9884
13892
13405
17900
5595
16876
9734
9472
479
1662
8008
17082
11173
5751
18396
2876
15131
10586
1412
18602
388
11388
7767
9924
2114
18330
3428
10651
12371
8800
2841
15973
2304
2966
13791
3693
1842
4080
22
5444
8915
16625
14287
7014
14724
1361
874
6652
3031
1180
14443
10254
13775
16890
17096
14889
10700
1707
15195
17402
6898
18179
1295
808
10856
6667
12526
13840
9782
17848
1872
15229
327
18750
7063
12791
7269
18194
873
18063
3111
17607
1260
6195
17557
3938
9666
13318
15344
13137
5327
18409
16558
18846
14657
18796
18259
351
6210
10137
17747
9937
5698
14772
5779
10614
1490
10564
953
4880
4830
6631
3060
17912
13854
14160
13623
17762
15424
3606
17094
3556
11135
1168
10679
16663
2994
6646
2944
6515
4258
687
16853
15002
9580
456
9043
1770
3746
18729
14490
3059
2522
17861
13753
8331
6480
2422
13216
1885
13391
2191
1704
9901
17480
7432
5662
7382
1960
1910
1423
1860
13141
18157
12117
6776
9860
15719
4257
9985
13637
1819
19009
18959
15744
7578
1975
3289
14520
10462
4909
18528
8561
14208
2240
8099
17173
11214
18924
18793
13371
5742
9032
1272
3023
2842
504
15924
15437
17725
15387
14850
16601
9553
10917
16776
3594
13155
11304
10817
10280
14369
2470
13751
6478
1056
2857
6428
3684
10030
5972
13064
7511
10982
11419
7230
8981
8494
10295
17874
2485
3799
2741
5775
1617
18807
11534
3724
14518
12748
7195
6708
18476
16269
10360
18020
6477
17758
2675
6327
2138
18822
1988
11062
6823
16384
10962
3021
4741
8880
14171
10600
6979
5128
1070
14071
8649
1020
2740
11227
9376
2103
9813
5755
13284
3673
17161
13103
11202
3442
18425
13830
8664
17201
11
367
5739
11242
18690
18640
9647
13168
12450
18440
10680
14251
2920
17772
11813
17441
18755
1921
7374
9581
3185
3622
3572
1234
18018
3035
14266
17431
17556
8076
12084
6175
216
18770
18720
15018
3200
18133
1299
1786
4464
14687
12836
12786
17721
10579
16357
15951
14100
481
2332
6340
10398
17621
15770
2232
18935
9811
17521
3852
15620
13769
13282
5166
13363
16397
14983
18423
9430
8943
17059
18860
18373
11150
11100
7579
10513
11877
18223
215
15198
16868
9595
11315
7257
9414
1785
13066
10728
5306
12529
7107
711
661
17801
14586
6470
2281
9941
17651
2668
15313
13462
11255
5521
3701
7141
3520
16652
7172
3420
14214
4247
4684
6485
17504
7437
17354
1965
18668
17254
3635
18081
16180
17981
2998
10708
1634
5105
4618
10477
14048
2667
13948
2130
13411
18733
1899
19039
10873
11048
18271
16420
16857
6890
10461
931
444
6790
10361
3088
7617
13476
10261
9237
16947
18748
9137
7642
16716
14815
14328
11113
6518
1096
3253
13691
996
13947
17549
5731
2385
9608
5856
1798
9508
9327
18888
10641
18351
16500
14599
8690
8640
10441
17664
6071
9723
17302
2400
7104
14945
15251
16284
17954
7987
6136
13359
13746
10044
3648
17267
7556
10540
7325
15912
2730
2193
292
5664
2399
10986
14994
5514
11192
5233
1044
18234
6903
4415
2564
15696
8067
2027
13795
17447
5629
11226
17572
11176
5754
15315
9406
3366
7505
3447
18299
18736
6918
18199
8719
9952
9852
2579
11878
8307
11909
17200
447
9390
9827
1711
17050
16563
15199
8753
3331
18264
14075
5082
6265
10142
4314
15901
75
13694
9505
17215
18529
9405
3496
14858
2959
14727
7017
8281
14627
10388
6686
14396
8000
6149
10288
10238
4198
13272
1941
1810
11321
10784
14792
1479
11040
10909
18082
14461
12610
6651
2462
6114
9585
4990
18834
5652
9254
12725
12238
18097
10824
2708
10287
3014
270
14064
5948
9519
17585
6444
18699
14510
6831
8551
17625
2898
17881
2361
17650
13592
2261
13492
5682
8716
3294
3013
10105
1939
10005
17715
4177
2326
9549
9418
17128
3459
18261
665
3228
14509
2641
790
16260
18467
2410
15623
10020
1854
13797
1979
128
1929
18582
5044
14424
268
15607
13756
4763
218
1888
1969
11886
11268
18847
16996
17433
7416
7366
2821
18160
14102
10350
14489
13952
15622
6142
6011
17598
7631
358
8068
18862
17092
18812
13390
3342
5143
12853
5580
2836
12753
2705
14960
448
4943
18300
12035
10184
6482
2424
4631
6332
14919
17563
17026
5695
9266
15125
11067
14719
14538
13043
4927
18365
4340
17959
15927
13670
15390
4190
2339
1852
3959
9462
9331
1571
7299
16373
10951
10820
13058
13885
7099
14272
11934
2323
17743
7695
16719
17025
2042
11116
11472
6050
15024
3125
18008
4289
8428
17858
7404