992
1360
1322
785
1344
317
227
1078
1031
585
626
360
593
1241
123
385
421
36
686
1127
649
536
490
1297
1289
1042
565
1371
637
991
524
75
153
9
1352
888
844
1190
833
30
672
911
1281
312
141
868
1236
926
1117
555
1307
168
502
856
241
1076
976
1362
164
335
418
222
156
327
1204
475
537
914
1191
1041
416
1239
1108
1332
1058
935
659
1139
958
338
1285
797
727
52
1328
1062
1025
627
639
954
111
90
610
602
326
318
825
1192
795
86
1108
65
1200
565
499
728
1135
299
940
407
1246
1234
230
1018
621
936
234
1105
84
903
792
1370
1199
1180
1151
634
564
1349
331
877
1350
790
257
782
233
632
410
1245
1167
1216
1080
770
789
1243
933
657
1137
629
562
1066
1037
136
1231
1060
604
379
546
1033
93
1252
1153
1258
126
186
719
28
1028
106
1098
631
623
561
722
1034
1129
285
1015
905
870
975
1327
283
293
687
29
1265
125
642
813
805
1107
895
422
1346
731
577
1043
964
95
344
50
507
1058
246
490
661
502
373
132
1369
1179
754
592
909
738
1260
311
3
363
355
1273
1194
598
464
522
863
248
674
757
710
394
930
236
322
620
1113
803
947
1057
1028
12
996
1185
329
1348
111
675
1095
1148
110