843
437
306
387
585
933
535
883
354
304
783
1089
471
73
908
421
858
371
850
321
1287
800
1156
213
650
519
469
898
536
486
436
915
865
734
336
815
286
765
1121
634
1063
303
651
14
799
401
749
568
418
368
318
1153
1103
79
516
29
1170
285
1120
54
533
4
433
781
202
681
194
500
856
937
806
1285
1235
350
698
1135
517
119
598
548
904
417
498
1333
846
796
1102
971
86
1052
921
434
36
384
813
1169
763
582
1011
961
432
788
301
738
1167
151
499
449
928
349
828
1134
249
597
903
853
1201
803
316
1051
564
166
414
762
233
102
531
968
679
1116
629
1066
579
529
42
217
298
248
117
596
67
496
446
265
346
215
1181
34
1000
513
950
819
413
232
1198
1148
263
1098
917
430
511
859
461
1065
934
49
884
834
784
297
1132
726
1082
626
974
801
751
264
1099
1049
891
362
262
966
916
379
816
329
766
1114
229
179
964
477
377
246
683
196
15
931
394
294
63
1029
369
848
717
667
1096
211
161
328
1194
707
534
47
1013
484
832
913
426
682
276
95
37
393
830
343
1078
897
12
978
1334
797
1145
747
739
1095
1126
639
508
277
714
1012
127
962
912
425
27
862
812
325
581
829
779
292
1077
1027
92
927
440
1094
209
565
646
515
28
994
457
407
357
1142
257
126
1092
76
911
382
332
324
680
1159
274
630
580
530
1009
480
422
372
547
497
845
926
795
389
745
1232
637
58
1024
537
893
487
712
1149
662
612
512
860
941
810
702
173
1008
479
827
429
677
975
90
925
388
825
338
107
942
892
842
305
742
692
155
990
105
940
759
578
659
122
428
378
857
370
320
1155
757
932
526
395
345
643
1122
543
1022
493
6
485
841
443
922
435
872
385
254
560
997
510
939
808
410
889
708
171
1137
558
1037
550
327
675
525
38
873
475
823
773
723
236
186
492
5
442
740
690
988
938
838
128
557
70
905
507
20
805
755
705
218
168
118
822
293
772
193
135
491
970
572
441
920
35
341
820
333
1168
589
539
408
887
489
837
308
787
258
606
456
406
398
1060
573
1002
960
473
952
423
852
323
802
1158
671
752
571
84
1050
390
340
240
1075
538
836
555
26
455
753
116
951
66
901
678
670
91
570
41
33
868
339
818
1255
768
668