249
4863
6171
16474
10427
14328
3169
6126
3799
2855
8217
8064
15114
2027
17598
17302
5070
5779
15623
18409
12829
17561
16075
17506
11143
18796
15390
18959
3734
6769
13036
6149
2095
5617
11236
14489
2841
1009
383
3318
9864
18440
6870
5918
7693
14743
15687
2207
3248
11959
6704
3594
9957
12953
15358
5695
22
15951
7786
14683
6918
12786
18082
8008
16719
15622
6893
1961
934
15251
4539
5370
605
11935
11315
17861
15344
8076
13665
10088
3317
18888
10834
14451
327
10713
2261
15437
1939
5709
13637
15229
6550
7494
13600
1447
2344
9585
3622
13058
2191
8099
16894
6754
18736
558
18365
14627
8225
9886
11221
13359
17050
14983
4909
6054
13952
1799
8526
17351
11934
15835
1707
8567
17926
13405
14520
10295
7299
1099
4839
2367
5670
6147
14858
15973
7141
17444
13390
1571
11874
14613
3108
1775
11448
13757
3083
6823
15065
7767
15695
18271
2561
8390
5300
17912
9376
14214
6133
5648
11220
17096
8854
6708
1168
1798
18828
17179
3852
14719
15834
17772
9723
3807
17651
13043
1636
12303
5416
117
2422
14404
10350
6869
13919
3616
18804
9608
14033
11173
10142
1729
5346
1292
10651
2399
6340
9909
18571
14116
12371
4
1496
1029
3338
8690
11503
12534
16563
6099
941
7330
6845
18827
12474
9431
13621
16874
10044
10456
13662
17563
7890
6775
3198
14102
4258
11242
18720
2046
3314
17234
1361
14287
16596
10549
2468
9032
18020
1316
1728
15018
12862
3666
8551
14170
17910
18733
2069
17094
9959
12051
18414
14208
16146
9430
16776
3059
5368
14509
8737
4683
14986
3197
6154
1852
6784
3160
2675
14657
17025
908
4521
2138
3253
19005
3883
10933
13272
263
11909
5191
3828
15017
18320
17585
7445
13064
10441
11385
15373
6177
218
16804
6130
11548
8851
15901
4080
12791
976
15577
1412
23
12909
17557
3600
9476
1921
4544
6853
15878
6482
1713
3021
15470
3651
14518
18755
4845
5742
6686
13670
661
13499
9559
14100
16293
8528
5905
15924
16868
13462
4266
18176
14285
1272
12102
3623
1944
18811
7306
14586
17747
12815
11547
6588
2304
11176
9327
1819
4289
18199
15576
6551
1295
13994
2660
7374
14424
4751
3720
14271
147
12842
4131
4914
17422
7578
8693
16937
8572
18245
18875
15002
16663
3650
10700
15298
17723
4473
3442
16084
1860
15770
18709
378
9943
8045
6366
11453
13762
18476
13391
382
12610
17954
18602
3043
3673
18231
6175
7290
216
12661
4830
17472
12369
1035
14678
16853
12114
3385
146
17839
9474
11268
9419
6480
9266
18625
447
16662
15001
17139
14516
11740
18133
239
5750
10254
17981
13623
16876
8664
6518
17306
15561
18300
11452
16384
10184
16500
17607
18018
16339
707
9405
15024
3205
270
4866
18860
13691
215
10514
16269
19008
15737
10699
18160
2821
15700
5856
7382
1965
13947
12753
18832
17801
16199
2872
18253
312
12836
17721
7257
821
18554
9358
7850
1020
9941
3111
1650
1479
8673
16917
5879
2006
1988
1854
4193
11243
15927
15861
14029
14538
5980
2469
3834
15282
10513
15324
3255
13492
12377
9964
11062
2103
10280
13066
16806
3556
7956
3185
729
6804
18299
358
9686
5948
6280
11567
2705
18924
11577
9728
4643
16625
7631
9940
4684
3023
16174
7932
2894
10137
6293
7104
3833
12238
13899
5771
15607
6831
12450
6594
5563
7024
4077
7817
15745
10030
1617
2732
16805
14259
7609
4749
2240
7172
17475
11428
4712
17354
3693
7127
5401
149
1969
2170
5739
9477
3601
17521
14727
9519
1477
13630
7010
1811
3949
18974
4063
11113
2634
1899
7195
15439
2893
7941
1523
3832
8000
9824
5770
2193
1945
18812
16896
7404
481
1671
10229
17173
15744
13282
5233
17215
18330
13791
8649
8820
11427
12705
3976
10789
356
4340
5284
4762
12690
18205
2332
14314
17567
10089
9985
1810
12361
4692
11742
9110
4007
16965
18807
12194
14666
1903
16757
15030
13351
6617
16720
5942
425
2730
7662
3207
11135
4497
2522
18
15164
14850
7333
6477
5446
1392
5609
10914
9226
8912
874
18834
15257
17348
6014
12263
13457
14105
448
8953
13086
8115
13249
4854
2424
14090
4733
1156
10982
15696
5010
16344
3331
7148
15859
17579
8554
14410
7152
14748
6667
8976
11505
18528
17097
10820
4247
18157
17843
14266
8494
15544
18750
15890
5816
354
9099
8068
10579
11227
5608
13155
13318
11810
6898
13948
3808
665
5375
10680
6903
2132
18351
16672
7476
2641
12563
5913
16180
377
711
5421
11040
18281
340
6091
8716
3297
5940
11388
18582
5102
12382
13442
5143
13854
18319
5306
10611
9390
5652
16440
10287
9553
1044
14687
734
7123
8067
5444
11693
11226
2201
6485
16111
4339
11073
18086
12049
12679
1975
3695
3228
6652
18179
9937
5166
7008
15719
7638
1275
3366
6790
13840
12725
15195
17286
4990
9455
3885
4315
10564
11624
6665
17703
3088
10138
14919
16694
3214
16857
11925
5698
12748
17480
3399
3515
1770
17272
3927
7544
10540
5082
663
10962
292
6651
2130
7007
10633
3746
17110
5837
14413
9987
6114
13631
15769
5629
11878
4314
16763
13186
18234
8561
2361
923
12664
18493
7238
10518
478
15912
4407
4254
11304
14510
24
2987
16601
2320
1835
13533
15125
75
9852
4300
11580
17572
12640
18220
13747
2959
2176
16420
16249
18261
5327
17309
3648
11576
11109
876
13885
10261
14945
13047
5749
17447
384
16179
11877
17410
4943
15494
18863
15620
3420
551
16225
17169
2564
17970
12084
18793
8719
18326
12200
14064
11441
18748
9505
17433
4966
10585
6808
1560
18668
13746
15684
9064
18423
10641
5682
17664
2898
6371
14615
18862
17201
9666
16716
7987
597
6042
18024
13769
8981
2944
10938
268
10817
16016
16646
13240
8281
2365
17640
10075
18529
12500
13444
10868
16947
3563
9689
4757
3489
15424
16368
15053
2920
18348
9790
18051
7263
7426
14160
17900
17729
14323
1648
174
3957
9156
14461
17200
4580
7366
4906
17501
10937
504
267
9595
2517
9758
15377
2994
4618
17431
1842
15799
13369
3313
10909
790
953
2410
10404
7124
15052
4177
3080
15845
5171
18097
4686
6995
6278
873
253
7643
11116
9734
14359
18977
9581
5126
16260
18102
3956
9901
8003
5209
13137
9827
1785
128
1318
13767
3093
17621
6050
14761
10306
11184
17959
4880
12874
12091
10728
9211
7458
2289
7411
9549
3520
1888
4464
10083
9178
18537
1299
9924
14428
12920
8493
3724
2609
952
5662
16996
13753
18467
10176
12897
5333
7642
18259
6374
882
9580
18138
5755
8331
7063
456
17082
8669
16597
9947
8002
14251
9043
4741
10360
2988
14923
1910
16515
17709
14599
8150
9094
12035
687
10290
13696
13229
7410
8354
5731
7869
479
18373
1669
2784
16791
12336
17221
12966
18328
2455
4927
6017
2200
18095
13544
17781
17314
251
4931
7099
1070
7433
5754
13215
16468
18396
181
6540
17874
7017
15662
6703
17254
3909
6332
11
4198
10934
12526
1585
6470
6003
9256
18081
8724
16652
11100
696
8450
2316
17267
1678
14644
17601
11067
7757
1260
11813
1423
8283
6071
13751
1932
2876
6646
7432
10475
6327
2339
18558
1807
10679
12988
4059
3745
10805
8640
16004
16397
10150
13719
2232
1117
2778
5517
14389
15037
2741
9418
11766
17128
15078
1121
18534
13496
10873
8307
9185
13612
4883
10818
14272
996
17058
15550
11812
13797
16373
13913
3523
15898
2667
9231
3814
3031
3606
11534
3453
1490
1816
17252
505
16767
18238
14421
16730
9462
11627
6419
11886
11419
6001
6631
9254
1746
11048
3684
7738
5775
6890
7617
17757
4744
1884
16489
5785
17549
14926
4415
13287
10827
16372
7176
2244
17650
12547
9601
5289
4192
9860
10594
1398
14994
5798
2708
11751
2337
833
17743
15434
12574
5924
8384
15313
13634
9541
388
3590
13893
1073
11255
16187
11885
7107
10103
6010
7737
11927
12088
14350
16070
19019
13286
10663
10292
6515
13795
1096
15387
10618
8453
9647
16381
902
3447
10181
9276
17441
9439
14744
15688
18264
8124
7505
16886
9952
18194
12995
10219
179
1606
4859
8800
11472
11005
5645
1591
5427
10398
18069
3627
10361
8559
2530
4122
16450
4631
9508
2114
3938
17848
9137
15386
13411
2470
14071
530
17440
3312
4190
7930
5621
540
7759
6444
3821
8753
9813
18935
3289
7230
14910
12364
2483
10477
5222
1234
10986
16978
9881
17092
16311
11208
14395
1891
2998
17556
7416
3428
3362
13284
5986
7883
8943
1094
13076
6142
18124
6935
1049
5667
1929
5620
16171
7128
11286
13711
1558
10917
18425
2836
8752
8915
3200
3496
16538
18847
7058
17161
99
7814
15361
770
1960
16357
16310
17971
3060
1381
13363
8938
13775
3635
7373
11629
6841
7252
11975
11192
808
437
6730
14724
1474
12141
10462
2042
367
2672
17059
4763
13168
11660
9811
6234
10708
1979
8543
18846
9821
14792
18063
12483
19039
16471
4718
3959
4073
10856
12947
2807
1872
15315
8895
8428
14630
3125
8057
17762
3014
5105
6220
11354
654
7836
17758
7618
3564
10614
1885
18169
10461
13200
4471
10090
14490
4350
12562
13538
7766
6451
12853
9237
4305
9019
9820
5595
5128
7437
14171
17577
16262
2134
11960
1103
1399
16054
16684
4235
2556
15198
931
10600
6682
17470
8274
3342
2857
13991
12093
3480
3013
18497
9472
490
15036
6011
9981
2740
8149
12260
2579
9143
17137
6979
9936
5664
116
5044
1056
18640
8880
14815
1565
5085
6279
13329
18214
18061
1940
7065
7695
8125
1611
9796
16846
14883
4026
2281
139
12117
18729
1662
12529
17881
12996
351
15735
11214
4164
1704
16558
1333
13315
6265
1180
16284
7325
17715
5580
12630
12459
10951
13107
10877
17507
444
4257
1634
12301
3572
3984
9564
2323
14772
1838
4187
2842
14443
7556
3035
14369
1356
166
18690
18223
3294
16707
2980
16890
13476
15785
11797