30502
6171
14328
3799
32904
34259
5070
29855
17343
37210
32671
31010
18796
31803
35249
29664
6149
14489
21948
6870
37070
34657
15687
36748
3248
26555
15951
12786
14628
28697
16719
24339
1961
28910
28739
15251
22539
28702
36571
36613
30163
29729
10088
18888
14451
327
28599
2261
1939
13637
15229
34164
21251
8099
6754
35646
18736
20146
14627
17050
37473
13952
11934
32461
7299
10295
1099
25328
4839
36404
37857
1571
25100
5300
20938
17096
20979
1798
18828
22250
25753
3852
14719
32299
25053
35001
1636
11818
22644
10350
23801
10142
1729
30555
27200
37912
10651
2399
7400
1496
1029
32401
21389
34047
941
6845
22546
19497
10044
33900
3198
11242
2046
36671
1361
14287
33210
16596
18687
36962
14796
35389
1728
15018
8551
34746
26353
35903
17094
29897
14208
36851
22129
8737
14986
3197
22638
34102
1852
25061
16336
21994
17025
37401
2138
3253
37910
11909
27037
7445
36271
10441
31798
218
33811
31502
12791
976
22818
30438
12909
27342
24645
14518
33737
5742
6686
24789
1944
19125
26625
31288
22734
36336
33560
6588
24835
35651
11176
9327
1819
4289
6551
1295
13994
2660
14424
4751
22044
12842
7578
18875
3442
32097
1860
36497
30001
9943
5834
29826
13391
5626
28187
30627
18231
216
30862
30928
3385
17209
11268
32796
18625
21725
18133
32801
31152
17981
13623
16876
21025
6518
22219
18184
22478
36251
10184
27993
18018
36599
15024
13691
215
35696
30927
21886
16269
23977
25819
19008
31597
35997
37843
23240
25378
821
36950
1650
1479
33044
1988
26628
34279
36551
15282
17907
10513
26424
29927
35996
22041
10280
32819
26191
13066
3185
25377
358
34895
27478
18924
11577
29750
21241
22435
7631
4684
3023
35418
32187
21791
25225
20686
28987
15607
6831
33140
37587
10030
1617
7609
2240
20079
24716
32336
3693
27714
22392
1969
37188
17521
9519
26117
28426
2634
7195
2893
35936
3832
2193
31085
18812
481
17173
13282
5233
17215
19991
13791
30234
23521
356
28082
22416
4340
28591
16114
12690
25177
2332
9985
37943
21031
26375
28684
21290
37517
27324
21907
16757
30150
28569
21892
17172
2730
3207
20806
29192
23308
2522
32542
32334
22882
6477
13374
27930
32126
10914
874
25176
35907
13457
14105
448
24283
31524
13249
2424
14090
10982
21331
16181
3331
26467
14410
21382
28558
36178
25315
21891
6667
8976
36924
20230
11505
24630
10820
23307
32825
14266
8494
22622
30242
25092
36483
8068
5608
11810
20406
36317
25968
11365
30584
665
10680
36109
32218
29330
2641
12563
14872
5913
21614
24820
30630
711
30469
26466
34086
6091
8716
5940
18582
31134
13854
32290
21474
5306
36223
9390
29491
35585
8067
32591
6485
36808
21567
1975
33540
27275
33322
5166
23959
33114
7008
35423
3366
6790
4990
19711
3885
27331
18606
10564
33716
22603
22158
38069
3214
16857
12748
33493
17480
37426
3515
30032
36807
21010
27766
5082
10962
25758
2130
7007
21871
6114
4314
31624
7530
36931
35608
11304
19061
30305
14510
26349
16601
20149
37009
17572
18220
37985
2959
16420
18261
3648
32474
10261
14945
13047
5749
35769
17447
37314
11247
11210
15620
3420
33973
20848
18437
24702
26057
2564
17970
30522
25881
14064
17804
23364
9505
20904
20667
6808
34440
37475
15262
13746
5381
31576
33121
5682
17664
28480
22606
18862
29211
9666
17201
17710
8981
24748
30012
33774
29304
8281
2365
31191
29563
18529
22248
26149
12500
16947
32130
29081
22470
36322
24821
26413
2920
18348
14160
20971
17900
35221
27611
29749
21411
34365
22071
1648
3957
14461
17200
7366
4906
17501
25199
9758
26356
28902
20949
32413
14637
21780
20902
22257
21572
29080
1980
953
2410
15052
3080
15845
5171
22303
18097
37020
9581
34115
5472
16260
37321
9901
13137
33471
128
14761
21970
4880
10728
7458
9549
3520
4464
36812
35447
18537
1299
19197
33865
14428
26448
5662
13753
37783
28512
6374
9580
26712
18138
5755
34363
7063
23547
31903
33258
23339
25601
30264
33221
14251
21710
24963
37621
10360
35312
31421
33559
36765
1910
14599
35613
12035
687
479
28455
18328
2455
32712
37273
30959
13544
26202
7099
1070
5754
37111
6703
22871
30055
28645
29839
4198
12526
6470
6003
9256
16652
19438
11100
17601
1260
29870
6071
21153
6646
31865
2339
20835
10679
3745
13418
36472
34672
30847
10150
14389
17128
25702
15078
18534
26154
36648
10818
996
20529
36611
37805
32720
32549
29661
37281
32512
26288
31164
33539
22698
28861
18238
9462
26060
29629
11886
22235
11419
6001
9254
25701
32455
33570
14926
19737
29448
36657
10827
19529
16535
17650
5289
36911
9860
27699
14994
5798
388
33264
31997
36771
14350
6098
6389
36100
10292
13795
1096
15387
10618
36401
9647
25051
26245
3447
21943
17441
37854
9439
15688
29035
24496
9952
30098
21828
8800
28651
5427
3627
36146
37770
37303
18333
3938
9137
17695
7555
17228
2470
530
25843
6444
36701
8753
21460
36960
18935
3289
32861
10477
1234
14877
10986
24825
17092
28951
22543
3428
3362
13284
27850
6142
33499
15894
6935
1929
37862
10917
18425
2836
38055
26045
3200
3496
37370
24494
33337
34951
19924
1960
31500
20696
13734
3060
8938
22033
36352
23227
3635
6841
17708
7252
36144
11192
808
17184
14724
12141
2042
367
28093
34437
17059
6234
10708
1979
14792
25141
36797
24040
15315
33419
28440
36060
8428
14630
3125
27117
36635
18076
30435
25535
34052
24679
17758
10614
1885
24216
29778
37897
10090
14490
36028
31660
22685
6451
37652
9237
5595
5128
7437
32687
29342
931
33636
22286
30860
32998
3342
27126
36189
36142
30226
29009
2740
2579
6979
9936
5044
11293
14815
22009
7695
36629
12117
32997
17881
35518
11214
16558
18867
24178
1333
13315
16284
7325
12459
1634
29527
30318
3984
2323
14772
29568
32093
4187
21568
2842
3035
33588
19417
3294
13476
20935
249
29340
35434
32440
3169
6126
15114
2027
5779
21717
18409
35319
606
6769
26087
37229
2841
18440
36793
23668
20892
28716
15057
25940
2207
20684
15020
3594
19430
5695
28026
22
13568
14683
6918
34332
18082
8008
6893
29691
24477
33995
605
11315
8076
20906
10713
9492
33378
26416
5709
24616
32236
34794
6550
7494
9585
3622
2191
29923
25814
33434
8225
13359
4909
20869
28377
22130
1707
13405
14858
28631
7141
13390
32935
12304
3108
1775
25221
29668
3083
6823
15065
7767
18271
37579
24874
30185
32494
38009
20983
17912
26508
28283
6133
36219
2024
20567
6708
1168
31892
24759
37884
25590
32332
17980
25382
32841
37718
9723
3807
25891
28630
36250
26113
36607
21366
2422
6869
18804
9608
37578
6340
18571
25780
12371
35807
8690
30277
32368
7330
12474
13621
27690
16874
10456
37183
13662
21282
17563
20167
32891
14102
4258
17605
18720
2468
9032
34033
27149
34074
37031
25520
28306
14170
17910
29967
35231
37369
33478
35023
9959
30276
21722
37415
9430
37207
3059
33316
36522
34769
35926
2675
29624
23465
32983
4521
24906
19005
26681
33969
13272
18320
13064
28031
37113
15901
4080
13898
24974
37632
1412
17557
1921
6482
1713
3021
18755
37974
9559
13670
661
26157
14100
35675
36822
32681
4266
23956
19704
1272
21373
37284
22530
7306
36132
23007
28522
28304
2304
18199
29512
34175
7374
24506
3720
14271
147
17010
37423
15002
16663
36530
36359
10700
30159
20411
29906
15770
36831
13762
21164
12610
18602
37584
3673
6175
7290
37376
31959
4830
17472
21257
30491
28863
29511
36265
37380
9474
22247
447
17139
10254
8664
33665
22849
36622
18300
11452
35766
16500
24120
37074
16339
9405
33976
3205
5514
29506
270
24670
36690
36015
18160
2821
5856
22672
33021
21011
7382
1965
13947
21520
34474
25920
18253
27803
7257
33373
22339
19498
1020
20757
3111
1854
15927
25638
14538
36714
31411
25939
25873
36481
11062
2103
28871
14097
3556
6804
21311
18299
37004
5948
6280
2705
30166
42
25270
19761
10137
7104
18438
12238
28320
28149
5771
12450
33511
13228
7172
17354
5739
14727
22347
7010
28055
1899
30258
25854
5770
22902
35310
35073
1945
17544
7404
11344
15744
8649
21096
11427
10789
25501
13829
32265
1810
12361
32803
33463
1903
13351
23571
33301
29345
7662
34962
11135
30354
4497
28489
24598
30863
14850
33649
5446
20462
15628
21188
18834
27601
35470
35299
26745
4854
33680
15696
29002
36211
17579
37446
26096
34670
7152
20860
10019
4247
21354
9099
35702
10579
13318
29400
6898
22344
37311
29701
5538
6903
25851
377
21243
11040
3297
11388
5143
17125
18319
5652
10287
1044
33439
5444
11226
2201
36371
3695
3228
6652
37398
32847
15719
12725
13840
27988
20345
17286
24745
13395
23889
34248
3088
14919
9589
5698
37547
9552
29653
10328
1770
10540
2288
292
6651
36700
35098
10633
3746
26544
5837
33002
37152
13631
5629
11878
18234
8561
2361
17378
7238
18493
10518
4254
36898
24841
30935
2987
28287
13533
33400
15125
75
9852
37800
37147
26817
33960
14523
5327
11109
876
13885
34738
36046
11877
32938
4943
22745
37244
28986
17169
11140
12084
17915
18793
8719
24887
24929
11441
20788
17433
37846
32761
26029
18668
25919
36745
22935
10641
34737
25696
2898
27787
14615
34245
24793
7987
6042
13769
2944
31836
27050
268
29188
10817
13240
34301
10075
32797
21684
23993
36651
26495
29234
3489
21518
37896
38089
37938
33501
6232
19092
14323
21077
174
29094
34036
37798
36386
504
34087
29187
22109
9595
37543
2517
20994
2994
32250
4618
17431
1842
10909
790
4177
873
4686
6995
6278
11116
9734
33842
20183
22492
9827
37288
1785
1318
3093
6050
11184
28993
28526
25532
12091
33152
34128
1888
37126
23316
9924
3724
32379
29609
7642
8331
31740
456
37779
17082
31579
9043
4741
34044
30936
8150
28784
5731
21691
28877
20368
22677
4927
20094
6017
25717
25183
36088
26340
13215
6540
17874
7017
25494
27118
6332
11
28991
28524
26692
25530
33150
28316
24892
18081
2316
35826
17267
1678
11067
21015
35334
23791
24221
1423
31509
1932
2876
19580
7432
25192
6327
29125
29384
7483
37740
29959
22815
35940
10805
8640
25067
32526
26432
2232
1117
2778
31841
5517
9418
2741
31141
34394
10873
8307
3768
32594
28408
14272
16373
18682
29031
35125
25424
35918
34487
37226
2667
26659
25181
3031
28931
3606
37309
1490
37786
1816
9324
24377
19506
25284
7534
28781
6631
30984
11048
26482
3684
5775
6890
7617
17757
25330
5785
33733
29730
19858
37350
37132
4415
35550
37925
27769
7176
12547
25205
24567
2708
14374
29590
37526
23390
5924
32441
9541
3590
22030
29683
25858
31886
11255
26222
33194
37878
22081
7107
32108
33769
24473
25121
37131
32409
34977
6515
35407
25681
21790
8124
33908
7505
16048
32741
17205
19981
11472
11005
22614
6209
10398
17038
10361
2530
35869
22381
4631
9508
30292
2114
36284
33041
14071
37690
3312
23880
22048
3821
34068
9813
7230
14910
21415
15103
33466
5222
30223
31167
19554
9881
27174
24714
32116
33777
21720
10199
19072
17556
7416
36491
29311
29867
23904
36075
35924
5620
16171
13711
22307
8915
18847
17161
29964
27381
16357
29015
16310
31420
33012
34673
20070
18660
37459
25948
26280
6730
34974
24272
33822
10462
24781
21367
2672
4763
37490
9811
21371
18846
9821
22565
19039
33707
3959
23514
12947
33474
1872
13399
32322
28603
18447
24712
27965
13362
32114
17762
24971
3014
5105
6220
13900
654
19655
30365
3564
10461
13200
4471
33613
12853
20473
17948
14171
11960
22138
1103
15198
22657
10600
21505
8274
2857
20820
22412
7122
37675
3480
3013
33566
18497
9472
37249
15036
6011
21064
9981
32673
33321
36606
30090
5664
37276
1056
32507
27357
8880
35713
37068
13329
26454
29411
18061
24155
34820
38058
32812
22656
22110
2281
20310
18729
1662
12529
26302
351
1704
6265
36304
1180
14138
5580
10951
32890
31775
444
4257
32205
3572
9564
14443
22063
7556
1356
31613
29202
35230
2980
11797