1322
997
918
758
1370
956
1037
1241
1364
327
1256
365
700
1077
1302
1006
490
236
215
513
1073
819
565
1298
413
515
28
740
719
1321
690
1177
1017
1098
988
967
1121
634
126
1346
1042
890
607
586
1138
884
20
1182
784
297
124
1163
1032
168
147
1076
801
1005
845
447
143
1232
135
999
1328
283
1097
1199
1243
816
562
1347
556
129
731
448
1343
246
1060
1031
777
748
219
952
771
140
954
896
875
1354
84
877
136
57
1329
1075
334
509
1344
1323
836
1040
961
199
1369
738
122
1211
22
1365
980
1205
830
1330
699
1178
599
1201
570
1180
62
1101
593
797
1145
768
210
189
872
1016
364