0
356
843
793
306
387
743
256
156
106
933
883
833
783
1089
958
471
552
858
321
271
1048
998
898
1123
1204
1073
1023
536
486
923
436
386
336
286
1113
1063
1138
651
1088
1038
551
501
451
401
1228
39
120
716
1153
666
1103
616
566
79
516
335
691
285
641
154
235
104
54
4
1368
831
781
1218
731
681
194
631
144
1343
856
500
937
450
319
400
756
269
350
706
300
169
896
1333
846
796
1021
1102
971
1052
921
434
384
821
334
284
234
184
1011
961
1217
1086
1167
986
936
399
349
299
68
1201
1151
1101
614
1051
564
514
414
364
233
102
183
52
133
1216
1166
1116
629
1066
579
529
42
835
348
704
217
298
654
604
117
794
744
694
513
869
950
463
819
900
413
769
282
363
719
232
313
669
182
263
132
82
32
859
809
1165
1115
984
1065
934
1015
884
834
347
784
297
147
974
1099
999
949
462
412
849
362
312
262
1214
1164
1114
1064
577
1014
527
964
477
427
377
733
683
196
146
452
46
1229
1179
642
1079
592
1029
542
411
767
848
361
717
798
311
667
261
617
211
567
80
707
1013
882
476
832
913
782
376
732
245
682
195
276
632
1178
1128
1078
947
978
1334
847
797
310
747
260
697
110
466
1062
962
912
425
862
812
325
275
581
94
44
1127
1077
977
490
927
440
746
259
615
696
209
565
646
159
515
28
109
415
9
1192
1142
1092
605
1042
911
861
374
811
324
761
1117
630
274
224
174
530
43
124
480
1207
1026
976
845
926
795
876
389
826
695
208
645
158
595
108
8
1191
1141
1091
1041
910
991
941
810
760
273
223
660
173
479
429
1025
975
925
875
388
825
338
775
644
157
594
107
544
57
1090
1040
990
940
453
1246
759
628
222
578
659
172
528
609
122
478
72
428
378
1205
1105
924
1230
824
337
693
1180
774
287
643
1130
724
237
593
1080
187
543
56
137
493
87
443
212
989
939
808
889
1245
758
839
1195
708
658
608
121
558
327
1104
1054
1310
823
1260
773
723
236
673
186
492
442
988
938
838
1144
657
607
70
507
20
226
1053
1003
953
822
772
1209
722
672
185
541
622
135
491
441
391
341
1168
1118
887
837
787
656
737
1093
606
687
200
556
506
456
50
406
225
175
1002
902
1258
771
852
721
1158
671
752
621
134
571
84
521
390
340
290
240
1323
836
1273
786
736
686
992
505
405
355
951
901
670
620
1057
570
520
33
470
339
289
239
189
1016
1222
735
1172
685
554
635
148
504
98
454
535
48
354
304
1131
123
73
1256
850
1206
1287
800
1156
1237
750
1106
619
700
569
650
1006
519
600
469
419
238
138
965
915
1352
865
1221
734
815
1171
684
765
1121
634
715
584
97
890
403
840
353
303
253
799
1236
749
1055
1005
518
955
468
418
368
318
914
864
1220
1170
1120
1070
583
1020
533
483
352
433
302
383
202
1285
1235
748
1185
698
1135
648
1004
598
111
467
548
904
61
498
317
623
86
36
1219
1300
813
1169
1250
763
1119
713
582
663
1019
532
613
969
482
563
432
788
301
738
251
201
151
928
878
828
1184
778
1134
647
1084
597
903
853
366
316
266
216
166
1299
1249
762
1018
531
968
481
918
431
381
331
281
1183
1133
1083
596
1033
546
983
496
365
446
315
265
346
215
165
1298
1198
711
1148
661
1017
611
967
561
917
74
430
511
867
461
817
330
636
149
586
99
1182
776
1132
1213
726
1082
1163
676
545
982
495
576
801
314
751
264
164
64
1328
1197
1097
966
916
866
379
816
329
766
279
229
179
129
1312
1262
1031
981
494
931
444
881
394
344
294
244
63
369
1196
1146
1096
1046
559
509
946
459
328
409
278
359
228
309
1211
1161
674
1030
1111
624
980
1061
574
930
524
880
37
474
830
343
699
649
162
599
112
549
62
12
1276
1145
1226
739
1095
689
1126
639
995
508
814
764
277
714
227
664
127
27
1210
1160
1241
929
879
829
342
779
729
242
1044
994
457
407
844
357
307
176
257
126
207
76
382
332
1159
1109
1059
1009
522
959
472
909
422
291
372
728
241
497
1124
637
993
587
893
487
1199
712
1149
662
612
125
562
512
1339
1239
1108
1189
702
1058
1139
652
1008
827
777
727
677
190
627
140
40
1173
115
942
892
842
792
305
742
692
205
155
105
55
280
180
957
857
370
807
320
757
270
139
220
932
445
526
395
295
1122
1022
972
485
841
435
872
385
741
254
610
1047
560
997
510
460
410
360
1187
1137
1087
956
1037
550
906
987
725
1162
675
1112
625
575
88
525
38
475
1202
1071
1152
13
1227
740
690
640
153
590
3
1317
128
78
905
805
268
705
655
168
118
424
780
293
243
193
970
920
1357
870
820
770
720
589
945
458
408
489
358
308
258
1085
1035
985
854
935
448
885
398
754
1110
573
1010
523
960
473
423
373
323
1100
1050
919
1225
688
638
588
538
488
1
438
1215
753
1190
703
1140
653
603
116
553
66
503
1330
191
272
91
41
1355
868
1305
818
1255
768
718
231
668
181
618
131