9948
2346
14328
12019
17297
3799
7903
7120
11060
10738
18246
17302
11398
9003
698
1754
12087
443
6802
11936
4048
10297
18588
9355
11236
14660
14489
16798
2252
14234
6699
1147
12434
10135
1656
18152
13897
888
16636
5065
15951
16362
12786
16719
6263
3803
9002
17560
6801
9770
10037
452
11152
16200
4047
18338
8665
961
15344
1846
11519
14488
6360
7554
5245
8498
17227
2261
13128
4399
1146
5764
10898
9447
11328
12443
628
8762
9956
12952
13896
2344
4653
14326
9701
1239
15950
6
12536
187
10995
17388
14928
15260
10740
12878
4046
11518
9353
14487
8248
1571
12188
2001
6448
9872
10388
12442
2598
627
1238
2353
9710
10226
13650
2862
7910
18527
3551
14418
16727
7998
17842
3889
3899
6638
11943
7298
18336
15342
18595
43
3199
7053
12187
6197
17235
7929
6202
4402
11595
3546
15777
16892
7229
1496
16217
8853
12793
978
6270
6099
1501
1760
12627
14936
3898
11942
2528
15625
16285
1843
9351
816
7052
9361
10841
7561
18178
12979
16040
15718
4147
8001
13918
13135
1153
6450
8598
12024
4660
6798
18525
3129
4244
7747
8862
10743
18251
987
14426
5697
13741
16309
18618
9889
4053
17150
13041
3197
1852
9360
19033
11251
3735
13408
6988
14068
17492
12723
11608
908
15692
7144
9453
6029
12278
6288
8597
11593
893
17585
2360
17330
4243
6552
18079
15540
15369
3387
12909
13740
5960
4845
14767
16293
15178
8528
10409
1851
290
6728
18176
5089
1435
3744
2800
15442
16386
11617
2888
1944
16895
15809
12022
17584
1244
10232
12541
18533
8689
17418
13994
14424
12125
3646
4761
16307
7578
9887
18092
5788
3988
11078
12193
378
16126
17241
10393
14859
123
14076
7142
9451
1943
11616
5626
17608
10931
16130
18268
3826
4941
3836
16478
10490
58
5694
15367
5019
7328
13577
16316
7587
4060
2544
8785
11781
12975
10676
5087
3742
14609
2627
15190
14075
8619
2886
6036
10930
6829
15024
17333
9798
12813
14168
15283
8178
13483
11967
8687
7493
14706
3135
4079
2450
13317
8442
7327
567
10333
2817
15459
17768
1687
9195
4426
5541
9988
3741
14608
6994
17078
13923
14084
380
11873
11090
4519
10768
3834
15282
16476
10513
12822
2978
6128
11183
13492
7752
18369
8696
17425
11692
13849
15375
6132
10606
11266
12381
18882
12215
13159
18182
3740
5878
18975
2884
6318
10508
12283
3324
5633
6827
17331
18275
3833
3050
15032
5716
6831
8969
16230
5192
9125
7609
2287
13574
5809
13584
3226
15208
14014
291
16323
320
1969
10164
13667
7677
10673
18181
14107
4434
5094
17076
1440
2634
15731
2893
7941
2467
14449
4776
12820
2986
17707
990
15907
3142
9134
12130
5808
18905
10863
9892
3509
14013
7593
6478
18880
1709
8023
13157
1968
3494
14781
657
1694
9985
667
2124
16415
17075
11112
14081
6316
8091
5631
6575
2217
15813
16757
5186
11714
1087
17706
5190
16057
15372
12912
8277
3508
5817
573
18630
6477
14805
4178
5792
14531
656
15220
2916
13249
14364
18982
17867
7430
8624
1277
12564
6325
1786
9294
11459
8208
9822
1531
6408
1790
2984
8976
17964
6393
3933
4877
17690
10612
8276
5282
17264
3766
15464
11810
13165
3492
2377
18213
7425
1692
5909
2132
15557
18981
7009
9318
11120
1276
15302
17611
2215
3330
11203
6407
10073
16065
5306
10611
7081
1882
6930
16603
14020
8030
4969
15473
7708
1975
9483
18212
11364
5908
14103
7683
1720
1549
8113
238
18980
1275
13257
10263
12572
757
15311
17620
6582
13511
5193
13521
1368
14964
17703
3931
14548
13604
13070
1881
3515
5824
10958
13163
154
4713
6068
18470
9991
7682
14112
4268
7007
2923
1808
3583
15565
6322
9575
1284
14880
4023
13001
5466
18563
1812
2472
10355
2991
3421
15403
17712
8983
16063
10864
1880
11553
853
2320
6767
16156
16949
17780
8821
12057
946
5123
5916
16420
7691
4267
15055
8904
1273
3582
246
12061
4012
11739
9574
15138
16762
8214
11039
3675
5984
12663
14972
848
1111
3249
4364
5558
16346
7103
2564
4873
18400
15999
17011
5822
17804
18748
16439
12501
14639
6849
10960
5381
14198
8913
16003
8468
4814
14203
15147
7783
2480
14462
5048
6163
10353
11297
15401
17710
17539
6672
11302
1458
9930
13699
2147
14300
9504
13444
15753
16947
13953
13170
161
11654
670
4549
10798
7014
10543
7273
10098
13801
19000
8212
15939
3957
337
12945
9665
4113
6422
10362
4372
5566
15488
9758
11389
17802
18746
16437
1471
12338
5404
10538
1980
13536
15845
6602
1280
253
18310
18139
762
7781
18398
3956
15938
10635
12944
8470
11295
2062
4371
6680
15238
1911
14553
7448
13697
3011
18745
3520
15502
1470
10028
5662
7971
18838
10796
15844
15061
12601
3872
13261
18138
10096
15144
16088
2761
13628
9947
11828
4111
6170
9673
16352
18661
1910
18999
1998
13696
17550
11397
2154
3348
7711
8655
18328
13960
951
18837
6072
13799
10546
4556
1562
11235
6610
8748
4810
15427
1655
8048
3964
6703
7363
5847
2060
14042
4198
16351
18489
1738
2070
12252
11137
7456
8571
11396
4462
15329
9510
17897
10819
9598
11479
779
3102
6071
7798
2246
1561
13543
14737
534
9862
10129
5504
10638
18146
18929
8473
598
14741
15935
4897
343
5063
13719
15245
13729
16698
10735
18243
9764
17128
9000
6599
17387
7200
14927
2162
8653
3101
5410
6354
11488
16536
6863
9602
15851
7552
18419
6437
9861
10896
2597
15944
14295
12779
5062
17044
6256
17827
2602
709
11419
9254
13194
5600
6260
17127
10734
11394
14143
3355
4299
17895
7038
9347
14652
10293
11487
5497
8236
15850
17988
8745
18418
5502
18428
11751
13889
14319
15943
14045
7644
8838
11584
13893
17826
5061
1236
1745
2860
14387
13986
5154
10288
3638
2943
13286
15595
4043
10826
16025
13795
18843
9439
10126
5501
10919
18427
17732
8754
7810
10385
1142
13124
14318
16093
9443
624
15942
1661
8054
11334
11843
1999
17835
16186
16979
183
10732
11676
13985
3627
5936
6097
14924
16450
17394
7036
19018
13285
10825
785
4052
5246
17228
3901
8244
7129
11240
1396
4135
6444
18426
10918
5250
878
2345
12018
10218
1489
13642
13216
6796
13725
716
16978
8850
13984
12086
17917
18078
3636
15618
5945
16278
18587
1053
3362
14150
15593
5519
8943
10824
4834
4560
17486
6698
7128
13377
368
4144
6453
5338
11587
9441
16884
6027
8336
14585
632
18518
11591
3542
15524
1243
16977
11425
9260
18077
4750
7318
9627
11508
13817
19016
18615
7044
2789
13293
284
10833
18341
11493
4843
4398
6726
17059
18424
3028
4143
15430
17568
3287
5596
15269
18008
9700
12809
631
5
8061
186
6545
16218
10485
1242
14677
190
15107
4319
7743
6094
13992
11683
3634
14422
17925
1335
14931
1844
7043
817
283
17509
6187
18169
1418
9719
11521
12715
7136
8251
10132
13385
10925
4935
5595
630
4509
6818
15013
18516
13223
214
2185
11423
16985
10577
18085
11007
14930
15874
7042
2787
12631
282
9718
2087
116
8250
13384
5085
17067
3819
3285
14073
17576
16382
11613
13922
12807
16891
6817
458
6543
7487
5178
977
15531
1079
14675
15790
15105
7741
18358
17414
6885
18867
18084
11006
3642
7325
9634
12630
19023
14768
13824
7834
17507
8778
12968
12185
17482
7408
8523
7418
1685
8078
374
6733
5618
7393
14606
3035
5877
4150
18690
12806
6033
18015
4233
10482
212
15530
14674
10066
7579
18083
13314
5950
5779
18876
15623
3641
12209
15882
280
17506
7833
11773
3225
18959
2540
2369
9726
10413
1684
3993
2095
5617
6732
7143
11083
3318
383
16914
5093
3293
10506
8341
11166
13475
14590
6825
7485
9794
16473
18782
3386
9378
13568
15877
4075
15113
63
8008
3390
2275
304
9632
15881
6218
17505
2109
15206
17515
10667
3733
15715
6986
9191
3307
2906
3317
6286
17074
1517
14614
9818
10505
18013
13758
6031
11620
12814
475
4241
18781
8707
1076
1869
11258
558
15112
5268
9886
18874
2284
12207
16291
19030
822
2793
17763
1707
18174
13405
16658
10411
2093
15973
8868
11864
11081
17073
2631
4769
16922
1526
13757
4514
7767
18271
4240
2724
14172
11712
18105
9376
8432
6123
5018
11267
9885
1594
2024
7586
71
13570
17004
7331
13580
2792
12465
15204
16148
7669
3232
5115
9733
10420
1691
2885
12558
11080
4259
5090
17855
9307
3574
2459
6822
11173
3408
5717
7492
9909
8181
19048
5721
18363
5276
16563
2816
13320
1167
7330
11804
17512
8783
15213
7678
16656
18710
13672
16411
17605
17071
9032
1783
18020
8176
11201
13510
6405
11710
1866
9374
12654
1083
17702
9384
6924
7584
2815
3759
310
4590
18881
7158
398
3230
3059
16939
6483
17770
4957
5368
13412
403
14356
10247
8875
11871
1014
3323
5632
8620
5206
755
2212
4521
5465
7774
10770
4076
9124
13064
10604
6130
16062
12746
9466
1175
9476
10946
3058
16155
8791
17349
2907
18973
6056
11361
5905
17353
18547
1013
999
5880
9314
2466
14448
3581
5890
12139
11454
12648
16502
2221
1106
1365
12652
14961
4104
17700
6922
7866
10862
15910
8805
1174
14271
13939
147
11811
9475
3057
9220
4965
15298
13498
17103
1012
15303
14447
17871
15562
11453
753
2220
5972
17171
9406
6412
9915
6921
9391
2313
3507
4622
13429
14544
15997
146
7165
10954
18462
15038
3859
12054
410
8373
9567
10254
6573
1804
2748
9312
13252
15561
243
17699
18129
13761
8182
3413
16339
17170
9405
14710
15654
4866
5046
12660
14798
5555
6670
18197
2312
5281
1456
11129
3765
8020
14098
12753
938
4704
7957
7174
10953
10170
2405
4963
16945
14636
3848
9057
2380
3603
14900
14729
9311
3158
11202
12146
5471
15653
2311
5564
7873
13437
15746
14097
10952
15829
15046
18299
9056
237
10536
11901
14728
89
11734
6155
589
14028
17452
9403
2839
1112
9413
10100
1371
2565
7613
2310
18988
11127
12242
9755
14889
7172
2403
3347
5656
15045
18298
13700
13529
4971
15838
8370
5910
16243
11988
16253
88
9148
250
15397
7803
10628
8463
18136
588
4105
5049
2838
333
17960
11043
1199
15235
6756
18738
4447
2148
16688
2657
8820
17627
15328
18297
2661
13528
14643
8903
12060
10260
16252
10627
7097
4637
16619
14036
14545
18228
11551
3003
15998
7870
18737
8129
11125
11135
11644
12588
5654
7963
10788
18296
15836
11228
6603
18834
11986
17978
17195
2753
14735
9146
13086
10626
12935
7356
18653
9410
2846
17033
10185
850
15233
7698
2929
5570
15752
434
6338
14896
4210
4039
19009
9336
1045
2488
4797
17894
13785
10542
17728
8999
17194
18388
9600
3163
9938
8211
12151
2336
1651
2845
340
13178
17796
11833
18226
13188
18236
11388
4454
17551
2938
9502
13442
3598
433
7452
10277
16440
17634
18578
10287
26
2238
16778
11226
6601
7545
17218
18842
7271
9428
4889
7628
18416
594
5838
2844
8053
178
7902
17824
7197
18484
14385
7451
9760
9589
12585
4037
16019
12595
2237
14219
17643
5661
1836
8400
12169
6350
6179
12678
3719
13108
8997
12433
9153
6952
5054
10207
2843
15940
10217
13186
7196
18234
17378
2936
14918
2946
11141
1297
441
15588
24
13807
3351
13024
1835
2495
14477
10823
7543
13117
5753
17735
18395
9436
3018
5327
7636
8751
10632
11576
14315
16624
15509
10891
1737
2852
8051
7900
8844
11840
13978
8399
11414
13723
1741
11923
11140
1296
12867
269
16017
12593
5488
1051
3189
16785
1389
14486
11492
1134
6696
14740
616
17993
2587
17308
5336
10641
18932
6960
17293
18487
13184
6534
18232
11668
1995
4734
17831
15522
16975
15077
12617
3888
6627
8936
10817
1833
19014
13790
4127
7551
12685
13115
14230
6695
16368
17733
13908
8329
1652
2596
14578
16622
14323
6788
9527
3794
13467
8842
11667
17830
8397
14416
15076
16191
9086
12082
6626
18608
17130
10566
9595
5941
15614
2527
3187
12709
7550
9688
14993
16118
6694
12713
13373
7134
10913
2595
7643
13892
3818
5593
9526
16969
3118
15520
17384
9619
12615
721
15868
6625
9878
17922
13030
5495
17477
9178
14483
359
17222
18166
9687
13906
3450
7133
9442
18259
9951
8586
5343
16630
8331
2178
14580
10222
18513
10731
18068
14414
15608
7994
9618
15867
7319
11509
19017
18865
3640
5778
18591
13822
3978
12707
6717
7832
12183
10383
12692
4927
13122
3278
6276
18258
7391
13890
3816
16458
12021
13215
1233
4995
16722
7308
2690
14672
16981
1575
5009
3209
274
18081
11767
13312
15621
17930
16815
812
10407
1678
18957
13121
16374
7924
10749
3032
5341
890
15523
6794
464
11673
57
2269
16980
7317
9092
5517
14764
13649
9968
5086
1931
121
1941
6025
7140
14602
17571
1515
3824
7223
2968
12812
1490
18520
8676
3124
9116
14421
16730
5692
17390
11256
13565
556
9091
4322
7575
9884
13310
5785
15174
6215
2791
12714
15967
12180
5530
4415
18706
11858
7413
8607
12547
903
2091
12273
4508
15012
17321
1514
18774
1069
3378
213
3123
12111
3382
5691
2267
6121
7315
12370
9090
16303
3216
10659
6978
12463
2790
4414
9976
3558
6982
5867
15711
8606
18005
9276
5622
6816
17320
4766
16464
12810
12639
14948
7231
11171
471
5181
6375
11680
5690
15363
9907
14258
2804
17755
18699
2530
12203
1165
6213
7407
1674
9182
13656
17510
6722
9975
8077
16405
5083
7392
4932
15549
17858
12555
9275
7930
6815
10755
11699
1522
13220
14947
4491
2182
7059
8174
9368
14673
10848
8683
3914
12902
8257
10148
9881
16311
6467
18449
4158
15455
16649
2368
15181
5107
7416
18703
10412
2113
13400
11101
13410
14070
6305
11439
13748
739
8873
12280
15802
6290
18272
3830
14163
298
18355
14701
4074
15361
62
12901
15371
4583
303
18110
11262
15880
562
9890
8775
1163
15454
136
16398
9464
13938
14598
5106
8359
11355
9973
1682
4421
16403
10670
17063
13238
400
8623
10504
1011
16745
1349
2973
19039
10846
18354
18364
8691
7576
2273
15199
9380
11261
13399
561
5805
10939
15453
9214
12210
3481
15463
14348
5790
4420
6558
17346
1255
13237
14352
6303
8612
12552
17600
8871
3148
4513
7766
10762
13501
14445
16754
8964
7849
14528
4855
4072
2556
15198
7604
9913
8264
11260
6748
3505
4165
5280
18456
1705
9472
11353
4703
15036
16401
18539
13246
16998
11446
14870
9281
12561
746
17438
18803
2462
4771
16753
13500
15638
9648
750
15897
5720
7858
10854
11798
1611
4081
11010
18029
13945
1180
9471
652
7671
9980
11362
5372
16239
2912
9305
236
10251
12389
3939
4770
1356
3665
9657
10344
13847
14962
5548
7857
10853
10070
2554
3498
4863
15196
10437
7157
8272
18728
4163
8781
14629
16938
4956
15289
12046
13161
10950
18287
9304
9563
18551
3155
10598
13337
5547
6662
17529
7856
18644
15650
17788
1448
17000
10436
5811
18453
2646
13150
6500
6838
7953
11360
489
5199
10000
13253
18550
6397
3937
1354
13336
14451
3247
15229
18198
2562
10435
11379
8099
13688
3501
16427
11888
2645
14627
2655
13942
14353
15297
1970
11643
5903
11217
2738
3853
233
16495
9561
1099
17718
10087
12396
4802
5462
3946
17953
1363
17277
14817
5300
12743
6753
11887
1201
5648
18461
17096
2654
11632
10527
11642
16
1798
4537
16519
3852
13525
15834
8900
2747
13251
14195
6146
6939
6156
11309
3945
12140
325
7344
11818
4101
3245
4360
7863
1729
14542
16851
17795
4698
9746
11128
428
15995
6752
18734
16425
1200
2144
3338
17878
17095
9501
2653
3597
14635
9839
10526
6845
7960
18044
6062
15050
16244
3861
6600
7260
4800
17442
334
16596
4100
17026
843
4110
17535
7862
17784
14541
17794
18224
1987
17109
7446
11386
13695
4452
5646
3337
8899
15319
9500
9329
1038
14634
7700
9055
17632
7788
16517
15832
5988
17187
3689
14193
8737
11733
6154
3160
14027
1644
11033
5043
7352
17025
18923
12486
592
1727
2138
8301
11909
11126
14550
8560
11385
13694
14888
15318
18991
7019
12324
13268
14633
17886
430
15577
10808
10025
11468
16516
23
14217
3429
12417
11991
2328
13615
91
2837
8036
9151
13091
8829
10631
7351
9489
591
5052
7361
7699
10695
6079
7444
684
4450
18741
8897
1819
9327
2934
4289
17885
11218
12333
5228
9846
12842
13786
777
16525
10792
12416
2493
14191
18408
11731
16608
18917
10092
2327
5751
6945
7889
12509
2053
8828
11041
1197
5834
6778
10968
4195
1735
13717
18231
9752
13692
4029
18740
2150
1035
5653
6597
4288
16441
10806
10023
13276
14890
17209
12591
16524
1128
13530
5995
15668
13085
15394
7629
11740
10625
12934
18133
4635
16617
16083
8318
9942
7188
10184
12493
3534
2419
18485
14376
13691
17908
1827
19008
7026
1293
2942
14469
266
17208
16523
2242
6860
16533
15418
10115
9677
12683
3440
16616
16082
3778
12517
13632
1479
8043
14292
168
1988
14820
4193
1733
2677
15490
10721
13974
681
17907
17124
18577
2941
15583
7035
2515
4824
5484
17466
2241
14223
5494
4379
9427
10907
8742
12682
13876
3019
7886
11577
14316
17285
9940
13880
5332
17030
10466
3532
15514
17823
10975
18483
9524
13714
4985
14658
16967
13190
7450
9588
4285
14922
19006
13273
264
5508
17891
6178
14222
8996
18669
12706
2079
7127
12681
4916
15249
17558
7885
16090
10206
14290
7640
10465
12774
11830
959
4226
11659
3541
14408
4735
5679
7988
15068
10984
6109
18511
2685
9078
12074
3115
10558
8393
17122
4568
3179
13282
15591
17215
14221
15165
5492
8231
12705
14480
15674
10905
16104
3017
6441
8579
10381
9009
14314
16623
17567
3276
8324
13458
10215
8050
10464
12773
6783
13213
1740
11413
11672
12866
5942
15331
16275
262
11755
13281
16020
7291
18158
11481
14220
3975
8069
1392
12430
15683
7384
17307
6269
13883
13902
2081
1930
8323
2590
14572
17311
4224
16206
1230
3368
17659
10982
9531
10556
13980
12865
17913
1323
13305
14748
7031
9340
9169
11505
271
5515
6709
11764
12958
8484
780
6968
13114
15423
9966
364
5608
4130
17056
3808
15256
18680
17565
16371
2169
16880
3793
457
4223
10472
11666
966
202
5676
16180
9530
11411
2682
14664
16973
12355
711
5421
2007
4316
7569
18856
3631
16273
18582
8508
2775
3186
7040
10648
18156
11763
16811
4658
104
15172
14057
9432
1390
15681
9691
4922
6277
9016
4477
7920
6022
11939
5166
7475
2706
17657
49
18772
1067
4990
14663
10305
3885
8933
2265
3459
16556
14247
13562
14756
15871
7822
18439
8766
3214
4408
18948
15171
16365
9715
14849
7915
8859
18248
9690
2612
4921
15264
8330
18003
4505
17147
10480
18771
4740
4569
3375
14662
16971
3120
5258
10563
14246
4573
17749
9621
1159
15870
3213
6716
17504
15170
12710
7914
8858
15004
18257
3815
15263
6030
17146
18261
9782
15801
5957
14945
7057
11247
13556
18604
17239
10562
2014
4323
17748
18863
13311
14505
15620
1158
15698
18437
6465
10655
18163
11770
5780
16647
9713
14064
10410
2875
11070
3305
5614
7923
199
11863
1505
3280
18001
1764
9272
7756
5173
2713
16470
11701
5007
10845
16553
8005
2272
3466
13139
301
5011
8514
9458
11510
12454
14763
13398
10938
8773
18446
7658
11598
17502
2106
5359
6973
6190
2365
4674
15961
18700
8856
6557
17061
18255
3563
5872
9805
12801
14939
2174
11162
4512
6821
1856
7055
13838
12360
12189
18352
2012
17247
300
129
18871
8513
2780
14762
3039
17501
18445
10937
5348
14336
18954
14346
5103
8072
7921
18538
11861
1004
15011
6282
11435
12888
2202
13299
11161
6649
17153
5964
8703
6120
18102
11254
554
9882
8003
3748
2270
2099
13137
8262
9456
7147
18444
17339
4672
9720
15798
7499
8864
10495
11860
1003
5870
17852
15543
12129
14438
16996
1771
11444
12638
4510
6648
4848
6374
2720
1071
14951
827
19045
10842
10852
18360
127
18698
1947
13146
14770
6471
17338
17587
12035
10519
18027
7239
479
3311
12128
14437
13752
6647
17151
12896
2548
14950
13835
18100
1863
12196
6911
17254
8260
4161
10944
15028
5355
16143
3839
3056
16652
17596
219
2371
229
15796
13497
3310
6563
18545
8872
9302
13242
14436
3398
6137
7502
12386
16319
3403
6656
15189
17498
9904
12900
5545
6739
17527
10850
10679
12988
3745
13418
135
1955
2899
10150
9463
3500
10943
10160
12826
18534
4253
11696
15550
14435
16744
2463
13750
5202
2972
6655
18886
13334
15643
6400
6229
10340
11534
7853
17252
1954
1171
13936
5637
18279
1528
4952
16934
2198
227
6052
5901
15119
8699
11695
4262
6571
79
11724
569
6928
11450
6654
16327
5289
5798
2555
7603
1699
388
4438
16840
6996
18195
11117
16395
7945
6047
3053
15828
12041
16488
4251
2735
14717
17686
78
12917
12134
15387
5200
18126
15896
6653
2045
16052
6227
7342
8536
14785
17524
1698
9989
3243
4437
6746
13425
14619
416
3752
8800
925
15993
7161
935
5645
7954
16932
2651
509
12040
14178
9837
18032
11194
10079
5454
16242
9137
2460
12133
15386
14442
12926
2470
2299
2318
4627
14016
16325
10592
3942
15640
16584
15469
13341
3497
7601
18218
8545
14794
5551
17533
15733
6319
11908
924
9298
4700
17092
10778
13517
4788
1545
2998
493
14715
9919
12132
14441
10616
18124
1887
12391
14025
13340
15478
17787
8544
10175
5550
15223
9997
414
16676
3760
12318
12577
5643
8896
9835
18030
1793
13775
10532
18040
18823
3427
16240
6396
2742
9135
17693
12141
14279
11285
8034
3495
13168
15477
12483
14792
4718
10967
2135
4444
18984
17086
423
5897
9751
12576
3333
15315
8895
506
17883
16768
4796
11725
2996
12669
15408
8988
10869
10086
5461
7618
10614
6933
18915
10090
14816
15476
15486
7437
13705
8126
13431
7441
5641
1033
3342
18293
9843
9060
12668
13783
17716
10623
8287
13592
3518
3244
4188
14032
157
6516
10182
2417
4726
14115
7695
2926
10809
8644
7529
10275
14
14893
13778
940
2226
16766
8218
11214
13523
514
10358
11473
14976
773
4119
10368
18659
7088
1125
4094
11992
12422
9142
1634
7626
11566
8286
1208
4632
14305
3517
5292
1218
7709
13958
13175
8550
8379
7185
5919
18482
4451
8917
5923
10274
12583
2509
3340
10783
15831
513
10108
9841
1379
11223
10367
2068
4377
17973
16075
10112
1383
3692
14559
4886
13081
7625
11565
18922
6495
2841
15483
8378
16706
15057
17366
703
3868
8916
8133
3594
4024
17121
18315
10807
16006
14891
4034
18574
17459
3178
14465
512
15580
9840
5741
6685
9424
12420
605
17982
15673
8319
2586
5325
7634
17023
10459
2331
9507
10204
12513
15482
6523
11657
2140
15066
17375
8132
13266
8925
17120
7276
6082
1313
15320
16264
18573
15149
1822
16773
8225
2492
1377
6425
12674
14983
4909
5740
7095
604
9682
3015
5324
16611
10458
18749
12003
15506
3783
4977
2668
12067
17115
6077
12605
12071
13265
15574
18572
10281
20
3176
1831
8224
6708
3714
1131
15671
6008
1640
2584
4893
12257
8576
10457
16620
7891
18758
16449
15505
1224
9774
6076
3616
6869
15064
9608
11410
12604
13274
265
5509
6340
16013
348
8482
12956
8991
10373
13112
4383
18390
11312
2583
14565
16874
5581
4466
18757
15254
16448
4476
10211
1482
3791
6530
7724
10549
18057
14403
16712
6868
6085
17372
1316
15856
9866
11747
3458
4823
18580
8506
3967
3184
15949
6706
7117
1384
17220
18663
7121
8315
12255
611
18247
9768
699
1222
3531
10210
3790
4984
704
4220
6358
11663
3364
5673
6867
14402
16711
3873
15072
7307
2768
19005
4822
12445
14754
9165
13810
2772
7649
4406
6181
17048
1412
2606
15248
2865
2591
449
3021
17312
5159
18755
14656
16201
3114
16710
18848
6083
2258
4567
16549
15071
17380
9615
10302
14749
10561
12870
9590
2512
13129
5765
14753
11339
8230
355
17047
18162
12963
4131
2615
8063
5603
18245
6273
10463
1504
9012
15511
6782
2957
12346
14655
6366
1063
15070
7305
12610
3881
11245
18602
3206
16802
17746
6175
15163
9707
12703
13647
15956
4404
4663
9711
2080
7911
1758
8322
6806
17310
8581
6272
12629
9349
14938
11151
10829
960
3112
4056
6365
12100
4565
7304
2266
10310
3890
3205
8767
18860
1155
3973
637
9965
10652
11846
12961
17838
1248
14061
16199
13910
2872
7749
8580
9010
2446
14937
14154
6105
9358
12354
3111
17402
8673
6364
7558
18855
8247
18429
3204
3463
2348
13645
14760
9964
13371
5855
17837
6970
14843
10235
1756
9264
14853
6804
10744
18252
5948
16736
6280
5958
200
4480
16462
9357
42
9102
16545
2264
13561
6456
14500
14329
8510
14588
17327
9
894
12798
13228
17846
10998
2870
11428
11438
6813
14935
13296
10836
8671
4063
6372
51
14245
4572
7311
7570
6455
16128
10395
8000
3461
15443
17752
16387
1162
2356
634
16896
7404
10400
8
13653
644
18701
6548
7663
17052
11853
16901
5863
17062
16196
12542
14851
727
13995
986
12097
1000
18089
2453
3647
15095
7839
9365
9110
13833
2262
7310
8254
11079
550
15697
4938
6464
1161
3470
3299
2355
14337
15452
12028
8347
2100
4238
7662
17335
3553
15535
16479
14679
16988
6302
11436
9271
12096
7755
17144
15628
13578
5700
18626
8170
11778
295
5539
12727
5010
7148
10927
15441
2638
13925
916
3298
1953
13651
642
16219
15534
1253
15544
4756
8610
9099
11694
14433
5954
309
13318
4589
7054
1855
294
7847
18351
1600
12726
3997
15979
12192
6736
16918
4153
12026
132
17588
12819
641
18786
1252
13234
5444
18086
993
16741
10588
16296
9895
3228
5537
15719
16834
9729
3996
2098
15195
12735
9455
8261
11086
16134
11879
18443
6461
895
3047
16927
14618
16393
15278
7150
10509
640
14593
6828
12294
15033
16227
5189
1251
3560
224
5698
8437
4000
6138
8447
992
15909
4587
18878
1344
317
15884
19034
6651
11785
6989
1437
4861
6999
7600
2126
385
5629
6744
16133
12308
4944
14617
17586
1950
9038
12034
10518
13487
478
16226
15541
9551
12376
16994
2028
75
14269
18887
9644
825
14778
6401
7844
19043
15467
1436
10424
11368
2889
3319
7937
8098
12992
14616
16925
15027
6298
14342
17595
12292
17340
5187
10492
1533
16484
18793
8719
9550
8445
18627
2037
14268
4595
11808
12468
14777
15892
15207
8787
11783
10678
18186
2550
13417
4688
6997
11108
11118
13676
15985
14087
17609
2898
16924
10007
12316
2643
14091
11631
10516
4526
10775
14708
16493
7250
15906
5450
6394
7588
16067
8018
14267
2295
5034
10168
3234
5543
6487
10677
11792
7426
12481
666
16414
6751
17084
9319
17593
8634
930
759
6051
18033
8189
16482
18791
9832
12408
11713
3395
14183
16492
10608
8193
2994
15122
10867
18375
3150
14017
10593
2828
14276
5797
3488
14021
3233
8795
18468
14359
2387
14085
5126
8095
2896
3326
4441
18732
17617
17083
7518
8633
1785
758
7777
3419
16232
5194
12407
16491
15376
8726
18115
2289
5028
18125
1888
10083
4093
12920
2293
14275
8819
5032
11815
18208
7341
12475
8794
10176
3242
15224
3751
14368
16677
18721
2131
4440
6578
16931
8632
12323
13766
18814
18031
13776
2988
6842
16515
18290
2733
3677
6416
11721
1877
2992
6925
7086
10865
11980
10082
4092
17268
80
14808
14274
321
16583
13169
18466
4968
11114
12058
17106
8377
10258
13682
3608
16421
11882
3334
2219
17874
17091
2478
4787
15291
2223
14205
7785
13520
11720
6141
11559
11730
12390
575
6934
18382
3769
14273
5314
8817
10448
1890
11813
17805
5040
7178
10957
18465
10174
4184
2918
14366
17790
16675
413
1279
15990
5133
18558
1807
2922
1024
5891
7016
9325
10012
1283
4022
10271
13774
4531
16513
18822
17457
10780
1117
17183
7109
9418
1376
14723
4879
13608
13074
10080
5568
4090
17266
11303
3768
15921
9931
8033
1185
13167
14282
4208
1978
9486
2408
6492
18474
16165
2667
9231
13171
11905
8375
1982
11371
3606
10266
18557
3332
14120
6585
13005
7015
1816
8209
12320
2476
14458
15573
10804
7524
18312
18821
15656
16771
7108
14971
4114
8732
1884
14981
11557
12672
15411
17720
1209
15749
12506
3777
18747
15504
16164
18473
4975
12848
2392
11121
6075
7269
11380
10265
3615
4809
8893
18566
13263
7807
16002
6158
4813
763
17455
3708
4368
17181
3683
8731
10113
13082
3008
1912
14554
601
4881
3776
8290
11649
3521
7968
18472
4191
16956
5385
1731
9068
12064
6857
6074
7268
18056
8383
1305
4274
17371
6583
7013
14911
17880
7806
7023
12157
11472
12666
16520
15405
1907
3682
18403
17038
12499
3007
2322
7884
9508
1466
610
9767
1192
165
13702
14646
3075
4973
4190
11403
14372
18055
8382
6866
16255
18564
2508
3168
1823
8216
5222
6166
3172
14210
17463
6675
2057
4366
1906
2067
15663
7115
1382
3006
5315
18412
7090
864
5574
11138
3774
7457
2673
702
1558
3867
14371
16680
13970
12072
11999
12429
10639
7280
6165
18147
6958
1122
13104
14048
16357
12497
4120
16102
7373
3005
15246
7882
1748
10203
13456
163
4213
956
13201
5666
17648
7975
16170
10971
8405
4981
13539
13798
16537
18846
2506
4281
6590
16263
1821
2765
14747
9158
12947
11049
17461
1380
12247
353
8566
11562
862
13900
4467
6012
695
10461
29
5665
10799
700
9857
12070
6614
17901
6080
10554
3620
15602
10128
10637
16629
5058
17460
6682
13361
15670
9680
8320
1472
13454
14398
8658
18761
38
7973
1056
9607
4563
5757
7302
18570
15689
2773
3203
17210
6965
3971
12529
13360
351
4401
7904
10900
11844
3012
10988
9004
3271
17562
11154
1481
10039
18760
17645
1838
14651
16960
16789
6103
4303
5247
11501