249
3719
2288
3169
3799
292
2130
1587
455
2647
1274
3583
2027
3641
3746
2068
2005
606
3120
1950
2361
923
2427
2991
1330
3421
907
2936
1847
2841
1009
383
2003
1880
1985
2357
24
2987
674
3514
2149
2207
3248
75
2716
3594
1285
153
3652
1506
2621
3386
22
2959
3607
2176
141
3582
3648
3390
876
1961
246
3374
1228
2889
10
1133
3166
2109
605
2481
2014
339
3733
3420
551
2840
2564
889
2727
327
1984
1517
2261
3350
119
1422
3618
1939
2303
3247
3305
3622
2191
2507
3072
3177
150
1169
2284
1791
3383
1132
2898
1707
1995
2367
863
921
1099
655
1845
3153
2944
1579
1571
2001
3108
3100
2365
1775
1833
3083
2598
1901
2561
3563
3489
1981
2411
670
2862
3510
3339
1831
3081
2024
3656
1168
1798
1856
2971
2679
3794
1648
174
1706
337
1994
184
1432
3807
872
759
2780
3257
3210
1636
504
2296
2517
2994
2422
1842
197
1729
2035
531
790
2399
1980
953
3000
2410
3354
1867
3412
1496
1029
3080
1717
873
2711
2387
883
941
2503
2608
2954
391
2995
2528
3806
128
1785
2433
1318
871
3093
3198
2062
2225
2046
2104
1703
1361
1991
3011
2468
2526
1095
1888
2977
3520
1728
1299
3724
2456
2514
3450
2965
802
2069
460
3129
2032
1071
1016
456
1646
1
1809
3059
2803
870
2432
1947
3197
3531
1852
3418
1910
2675
3323
2541
3010
687
2992
3640
3364
2096
1782
2259
479
2784
2317
3090
2138
3253
2826
321
2455
3570
2618
35
113
218
2200
2935
976
193
430
2814
3758
1725
251
3653
1412
2606
3721
23
1070
3608
1921
1025
2219
715
1655
2849
1713
1476
2907
2591
3068
3021
1818
11
661
2223
548
1738
2911
3322
2837
3209
1701
1272
2371
229
1314
1944
2316
1678
480
1736
3769
1260
684
1932
2304
2876
629
1819
192
2660
1295
3720
147
1337
205
3646
2339
835
3236
2922
1024
3057
2493
3745
2535
1504
1792
3442
2327
1059
1012
2232
2778
1117
1860
2119
2111
1022
2741
123
1121
382
2220
545
3768
2737
996
3673
3731
216
788
1406
2859
3402
3756
2667
1294
3031
3385
2546
2000
3606
1144
834
1490
1128
1758
1816
447
2476
3124
1721
2810
2381
2486
2544
3779
614
1528
2806
3684
3112
694
2532
752
2886
2419
2670
3205
270
1802
79
215
2244
1155
2407
3522
2932
3135
3660
3765
2821
1456
2708
775
1965
2337
938
1240
1069
680
388
979
3590
1444
2388
312
2897
821
1057
1803
1020
1650
3111
1479
1537
3741
168
2006
1988
1854
380
2943
2790
3220
2677
2010
1096
949
3568
2195
3447
3255
1826
1043
2103
2925
2391
1189
3556
1772
3185
566
1756
2404
1919
3406
1661
2033
358
3227
3752
2542
3019
2705
3707
830
2964
3270
3740
3023
42
1536
3627
797
2530
647
1837
1742
2114
3567
2470
3196
530
3312
1454
2674
1617
3497
2611
1409
2287
783
2240
2345
3289
2182
2403
3168
3693
2483
3485
149
1234
1864
2170
1969
658
3335
563
796
2634
3578
959
1899
1891
2263
2321
2998
2893
3428
3362
1523
1628
963
1094
2193
1945
2356
3195
1220
2414
2986
1929
481
2206
2494
2836
3200
3496
1933
1150
3183
3288
3509
356
99
3589
62
1614
140
2274
1960
2332
1243
3276
2962
1789
3439
1694
2400
1810
3060
2917
2383
3635
2262
1231
3264
2779
808
2054
2159
379
1569
437
1903
85
2009
851
2518
367
2672
2100
2730
3207
73
3553
2522
2285
1979
18
2506
3508
2135
3079
2823
3588
1718
874
3809
2378
3493
2081
1872
285
2695
448
3067
3125
2858
295
2916
3109
2603
2366
3014
2424
3702
1681
654
3331
2788
695
2008
1885
3564
2475
29
3193
1323
2088
2939
434
3620
3449
2352
1399
3136
1103
364
1336
2719
2377
931
3437
665
2799
3342
3400
3163
2857
2132
1017
3793
457
2019
1705
3480
3013
2641
3262
1116
377
711
3159
2740
2903
1005
1530
2579
2458
3297
2983
1894
38
2775
1936
3186
1565
2196
750
2254
104
1044
3411
363
2201
2773
3024
1975
2281
14
2444
940
2226
1662
3695
3228
351
94
2485
3133
1704
1275
1333
2277
3366
1180
2061
1576
444
1634
3572
236
2323
1838
3088
2307
3146
2832
1743
3156
2842
2729
3035
166
1356
3294
2980
733
3515
1770
3086