466
356
1301
306
1172
554
635
127
98
77
912
1370
812
1291
296
958
23
321
271
729
619
213
1027
163
650
469
267
1073
209
1044
515
28
415
1271
407
844
734
815
634
257
126
76
1042
890
382
861
1238
811
324
1138
253
630
1109
601
203
174
43
522
501
14
472
1307
749
89
39
10
1332
1303
745
993
1074
79
516
893
487
1199
691
204
1170
1149
662
641
285
562
910
4
860
810
302
383
760
1239
223
702
194
144
479
429
400
756
269
300
169
648
140
517
467
69
61
775
1021
623
136
971
107
1052
57
434
1350
813
742
713
692
663
105
453
1267
1246
222
1167
659
151
609
72
378
349
807
757
270
647
1134
1105
220
932
526
1230
345
643
493
1349
443
1299
435
922
872
364
254
560
183
510
1316
410
1216
1195
1166
629
579
529
42
21
725
327
704
546
525
17
1360
496
475
1260
723
215
694
513
1327
950
413
790
282
740
719
363
1177
690
182
153
611
540
74
380
1346
3
461
330
1165
1034
1115
607
20
1292
1182
1082
676
1032
168
147
655
314
264
541
135
899
849
1328
820
966
458
1243
1324
656
1093
129
1362
935
733
246
225
1060
65
1031
952
373
1100
592
84
542
877
261
211
559
538
996
509
1273
736
228
686
199
1319
405
1240
326
682
1161
674
653
632
980
603
951
553
393
141
1057
62
897
847
797
260
210