0
102
277
133
2
256
83
177
156
148
127
331
48
171
281
121
325
304
296
42
275
348
327
44
248
117
342
321
198
88
38
213
315
265
346
92
236
34
13
259
5
238
138
28
109
313
263
9
153
336
82
103
74
53
32
286
24
3
126
257
207
330
76
178
149
332
78
99
324
303
70
347
203
93
268
247
14
197
147
291
118
241
89
293
39
120
243
10
264
193
143
114
85
318
208
64
35
158
341
333
312
58
8
335
60
285
154
235
125
329
54
279
258
4
250
229
179
302
273
129
252
223
50
152
144
225
319
175
146
15
350
96
219
169
140
119
344
323
90
294
40
61
244
11
113
338
84
317
63
288
136
115
107
340
86
311
36
240
130
7
211
334
161
284
305
234
1
205
328
155
278
105
228
199
47
26
280
201
151
122
245
101
72
195
276
22
145
349
116
320
299
66
45
270
16
249
139
343
322
68
191
272
18
141
345
337
316
295
62
287
33
12
266
237
339
289
56
137
260
239
231
160
131
110