0
233
102
1047
997
381
127
1216
535
48
425
121
1341
354
558
1212
73
654
117
1206
800
1237
1331
794
977
215
440
1152
1327
1306
188
1044
536
28
740
1198
457
640
9
1352
988
734
103
286
888
634
3
1113
859
257
76
1288
636
128
332
274
20
1109
1342
1313
551
1263
1009
218
168
291
401
982
1259
39
1026
120
772
1303
1049
164
1253
135
441
1174
362
864
487
458
204
916
887
1243
1324
1214
54
1020
1164
860
1339
1297
854
223
477
1312
804
152
652
1262
398
1343
500
225
1335
96
1258
954
721
896
621
134
113
1079
367
36
538
284
1119
234
1223
105
482
1136
484
1319
1167
528
151
907
276
145
349
1315
320
37
503
393
1105
851
903
853
803
41
1130
818
797
310
166
1001
493
718
841
485
160
110