249
6171
14328
3169
6126
3799
15114
2027
17598
17302
5070
5779
15623
18409
17561
16075
18796
15390
18959
6769
6149
14489
2841
18440
6870
15687
2207
3248
3594
5695
22
15951
14683
6918
12786
18082
8008
16719
15622
6893
1961
15251
605
11315
17861
15344
8076
10088
18888
14451
327
10713
2261
15437
1939
5709
13637
15229
6550
7494
9585
3622
13058
2191
8099
6754
18736
18365
14627
8225
13359
17050
14983
4909
13952
17351
11934
1707
13405
14520
10295
7299
1099
4839
14858
15973
7141
13390
1571
3108
1775
3083
6823
15065
7767
18271
5300
17912
9376
14214
6133
17096
6708
1168
1798
18828
3852
14719
17772
9723
3807
17651
13043
1636
2422
10350
6869
18804
9608
11173
10142
1729
10651
2399
6340
18571
12371
1496
1029
8690
16563
941
7330
6845
12474
13621
16874
10044
10456
13662
17563
3198
14102
4258
11242
18720
2046
17234
1361
14287
16596
2468
9032
18020
1728
15018
8551
14170
17910
18733
17094
9959
14208
9430
16776
3059
14509
8737
14986
3197
1852
2675
14657
17025
4521
2138
3253
19005
13272
11909
18320
17585
7445
13064
10441
11385
218
15901
4080
12791
976
1412
12909
17557
9476
1921
6482
1713
3021
14518
18755
5742
6686
13670
661
14100
15924
16868
13462
4266
18176
1272
1944
7306
14586
17747
12815
6588
2304
11176
9327
1819
4289
18199
6551
1295
13994
2660
7374
14424
4751
3720
14271
147
12842
17422
7578
18875
15002
16663
10700
3442
1860
15770
9943
13762
18476
13391
12610
17954
18602
3673
18231
6175
7290
216
4830
17472
16853
12114
3385
9474
11268
6480
9266
18625
447
17139
14516
18133
10254
17981
13623
16876
8664
6518
18300
11452
16384
10184
16500
17607
18018
16339
9405
15024
3205
270
18860
13691
215
16269
19008
10699
18160
2821
5856
7382
1965
13947
12753
17801
16199
18253
12836
17721
7257
821
9358
1020
9941
3111
1650
1479
1988
1854
15927
14538
15282
10513
13492
11062
2103
10280
13066
3556
3185
6804
18299
358
5948
6280
2705
18924
11577
16625
7631
4684
3023
10137
7104
12238
5771
15607
6831
12450
10030
1617
7609
2240
7172
17354
3693
1969
5739
17521
14727
9519
7010
11113
2634
1899
7195
2893
3832
8000
5770
2193
1945
18812
7404
481
17173
15744
13282
5233
17215
18330
13791
8649
11427
10789
356
4340
12690
2332
9985
1810
12361
16965
18807
14666
1903
16757
13351
2730
7662
3207
11135
4497
2522
14850
6477
5446
10914
874
18834
13457
14105
448
13249
4854
2424
14090
10982
15696
3331
17579
7152
6667
8976
11505
18528
10820
4247
18157
14266
8494
18750
9099
8068
10579
11227
5608
13155
13318
11810
6898
13948
665
10680
6903
18351
2641
12563
5913
16180
377
711
11040
6091
8716
3297
5940
11388
18582
5143
13854
18319
5306
10611
9390
5652
10287
9553
1044
14687
8067
5444
11226
2201
6485
1975
3695
3228
6652
18179
9937
5166
7008
15719
3366
6790
13840
12725
15195
17286
4990
3885
10564
3088
10138
14919
16857
5698
12748
17480
3515
1770
17272
10540
5082
10962
292
6651
2130
7007
10633
3746
5837
14413
6114
13631
5629
11878
4314
13186
18234
8561
2361
18493
7238
10518
15912
4254
11304
14510
2987
16601
13533
15125
75
9852
11580
17572
13747
2959
16420
16249
18261
5327
17309
3648
11109
876
13885
10261
14945
13047
17447
11877
4943
15620
3420
17169
2564
17970
12084
18793
8719
18326
14064
11441
18748
9505
17433
6808
18668
13746
18423
10641
5682
17664
2898
14615
18862
17201
9666
16716
7987
6042
18024
13769
8981
2944
268
10817
16646
13240
8281
2365
17640
10075
18529
13444
16947
3489
15424
16368
2920
18348
14160
17900
14323
1648
174
3957
14461
17200
7366
4906
17501
504
9595
2517
9758
2994
4618
17431
1842
10909
790
953
2410
15052
4177
3080
15845
5171
18097
4686
6995
6278
873
11116
9734
9581
16260
18102
9901
13137
9827
1785
128
1318
3093
17621
6050
14761
11184
17959
4880
12091
10728
7458
9549
3520
1888
4464
18537
1299
9924
14428
3724
5662
16996
13753
18467
7642
18259
6374
9580
18138
5755
8331
7063
456
17082
14251
9043
4741
10360
14923
1910
14599
8150
12035
687
10290
5731
479
18373
17221
2455
4927
6017
13544
17781
7099
1070
5754
13215
16468
18396
6540
17874
7017
6703
17254
6332
11
4198
12526
6470
6003
9256
18081
16652
11100
2316
17267
1678
17601
11067
1260
11813
1423
6071
13751
1932
2876
6646
7432
6327
2339
10679
3745
10805
8640
16397
10150
2232
1117
2778
5517
14389
15037
2741
9418
17128
15078
18534
10873
8307
10818
14272
996
11812
13797
16373
2667
3031
3606
11534
1490
1816
18238
14421
9462
11886
11419
6001
6631
9254
11048
3684
5775
6890
7617
17757
5785
17549
14926
4415
10827
7176
17650
12547
5289
9860
14994
5798
2708
17743
5924
15313
9541
388
3590
11255
11885
7107
14350
19019
13286
10292
6515
13795
1096
15387
10618
9647
3447
17441
9439
15688
18264
8124
7505
16886
9952
18194
8800
11472
11005
5427
10398
3627
10361
2530
4631
9508
2114
3938
17848
9137
13411
2470
14071
530
3312
4190
6444
3821
8753
9813
18935
3289
7230
14910
10477
5222
1234
10986
16978
9881
17092
11208
2998
17556
7416
3428
3362
13284
8943
13076
6142
6935
1929
5620
16171
13711
10917
18425
2836
8915
3200
3496
18847
17161
1960
16357
3060
13363
8938
13775
3635
6841
7252
11192
808
6730
14724
12141
10462
2042
367
2672
17059
4763
13168
9811
6234
10708
1979
18846
9821
14792
18063
19039
3959
10856
12947
1872
15315
8428
14630
3125
17762
3014
5105
6220
654
17758
3564
10614
1885
10461
13200
4471
10090
14490
6451
12853
9237
5595
5128
7437
14171
16262
11960
1103
15198
931
10600
8274
3342
2857
13991
3480
3013
18497
9472
15036
6011
9981
2740
2579
6979
9936
5664
5044
1056
18640
8880
14815
13329
18061
7695
2281
12117
18729
1662
12529
17881
351
11214
1704
16558
1333
13315
6265
1180
16284
7325
17715
5580
12459
10951
10877
444
4257
1634
3572
3984
9564
2323
14772
4187
2842
14443
7556
3035
14369
1356
18690
18223
3294
2980
16890
13476
11797