249
1360
1344
784
21
735
204
1078
962
77
912
972
783
1160
1342
393
1270
789
243
1320
800
865
923
857
729
486
907
478
649
1001
1355
1275
267
853
1123
24
1094
482
1023
524
1293
415
145
59
203
946
1171
30
22
584
911
417
730
811
934
1236
547
1020
480
90
1307
1076
551
568
714
277
1362
335
269
795
327
826
586
1309
578
912
370
1024
945
774
1149
662
107
562
729
75
1020
512
991
860
352
179
831
980
1282
859
731
1108
935
631
856
806
404
338
921
748
706
1328
1157
484
169
818
1007
552
417
77
898
875
1371
1363
948
643
748
107
892
314
334
878
813
1246
1169
742
211
234
582
990
291
453
432
788
71
1176
553
487
659
96
621
886
378
807
1319
757
1084
1329
932
84
1370
689
31
576
1080
1212
564
1349
485
877
160
152
323
735
1029
510
99
808
253
381
1338
1216
1243
1177
1235
103
570
17
629
1334
167
1118
1223
873
284
93
794
221
744
1324
843
118
513
997
819
282
1312
132
736
194
415
561
456
1026
884
240
345
805
975
1164
1335
1119
37
916
1152
125
572
988
376
891
1253
1168
113
218
1303
105
430
1278
422
1241
1093
1085
294
19
352
982
1312
11
490
1013
453
960
340
169
1308
1359
503
1272
962
1369
46
671
38
583
1314
116
752
571
950
717
798
120
667
1310
34
26
1044
734
458
297
421
1344
518
1287
1273
1345
1215
940
617
1013
293
1319
514
1283
1341
376
248
1333
245
1325
652
1059
624
930
378
436
607
830
1368
699
590
123
670
477
440
1105
891
1193
1298
1145
260
1206
296
508