0
2594
743
387
256
3371
1520
156
3271
2784
933
3140
2684
1320
833
2553
3040
2584
2809
2322
2222
371
271
3386
1535
3742
3255
1435
3155
3411
2824
486
2237
1750
3501
1650
3370
2137
1550
3270
1419
3757
1288
3526
3039
1088
501
14
1865
2252
1765
2121
170
2377
39
1890
3641
1203
2567
2467
616
2336
2367
2236
29
285
2005
641
3756
3269
1418
3169
831
3069
731
2482
1995
2351
1343
856
631
500
2707
2838
144
400
756
269
2120
2607
300
1533
3771
1920
1433
3640
3184
1333
846
3053
3540
2822
971
2722
3499
2135
3399
1548
2035
3755
1448
961
3424
2837
986
499
2737
886
2250
399
2150
299
1563
1919
3639
3539
3052
1688
2952
2465
614
1101
2365
2265
1778
2134
2390
3754
52
183
83
3167
3554
3067
1216
1893
2249
2736
529
654
198
3282
1431
1918
3669
3182
1331
3082
1231
2595
3207
2720
513
1356
1000
900
2133
313
2033
2520
182
3753
3784
3297
3197
1346
1115
2835
984
3322
1015
2735
397
784
297
2048
197
3668
3181
974
1717
3437
1586
2950
3337
2850
2750
2263
2163
312
1932
81
1801
1832
3552
1701
1214
3452
2865
2378
2278
427
2147
1791
2534
683
3767
1916
196
2303
96
3667
3567
1229
2980
2493
2849
2880
2393
2749
2262
2618
667
211
567
80
1931
3195
1831
1344
3095
2608
1244
2964
1500
3220
2733
3120
1269
2633
326
2533
195
3797
3310
3666
3697
3210
1846
3079
1615
1128
1484
1028
3235
797
2161
210
3325
110
466
1830
1699
3681
3550
1730
2086
3450
3350
1499
1012
2863
2763
425
325
2432
1945
94
2788
2301
581
2201
3565
2978
1127
1614
3365
1027
927
440
2547
2903
209
565
3680
2316
9
1729
1242
3580
3093
1142
2893
1042
3605
911
2406
3118
324
680
2531
3795
1944
224
93
2331
1844
3695
1257
1026
1382
3133
1282
695
2059
208
595
3679
3710
1859
3223
3248
2761
910
941
2661
1297
810
3148
2561
710
223
3338
2330
2686
1974
3463
1612
2099
3363
2876
1512
1025
3263
2776
925
1412
2676
825
2445
594
2314
107
2801
7
1727
3578
3478
1627
1527
1040
2791
453
2560
2916
709
222
578
609
2329
1842
3693
22
3493
1642
1155
3006
924
824
2544
693
1180
724
2931
137
2344
6
3608
1757
1270
3733
3246
1395
1039
939
1295
808
2659
839
1195
2459
3723
3236
1385
3592
2097
1641
3361
1154
1997
1410
2674
2574
2087
236
2343
2212
5
1756
2112
1656
2012
1525
1425
2789
351
2327
2358
507
2227
20
2714
3491
2904
1440
2673
3029
3516
1209
2929
722
591
2342
2242
391
1655
3631
3144
1293
1424
60
3531
1193
737
2457
2944
3721
2357
506
19
2257
406
1770
2026
1539
1408
3646
3159
1308
3059
2572
1208
2472
621
1985
2372
1885
1654
290
3761
1910
1323
1223
736
2356
505
2225
2256
405
2125
2025
1538
3389
1438
951
2802
3189
851
2958
2471
2371
33
2271
2140
289
1653
3504
3404
3304
3660
3173
3529
1809
1222
3429
735
2842
2355
535
3619
1768
2155
1437
3544
3057
1237
2957
1106
2470
750
2857
1006
519
1783
419
3759
1908
1452
965
3172
3659
865
3072
2585
765
2972
1121
2254
890
303
2023
1436
1336
3087
1236
2600
2369
518
1005
2269
1782
2169
318
2038
1551
3789
1938
3202
864
3427
1220
2484
2840
3327
1020
2384
2740
2284
2640
433
2153
302
2053
202
3673
3186
3086
748
2855
1004
517
2368
548
417
3532
2168
317
3788
86
3657
3688
1837
3557
3070
1219
1250
1119
2870
2383
1019
301
2052
201
1921
1565
3772
1952
1465
1821
3185
3572
878
1234
2985
778
416
2167
316
2523
2036
2067
2423
3787
1936
1836
1349
2613
762
2869
1018
531
2769
2282
431
2638
918
2182
2538
331
2051
3802
1951
3215
1720
1233
3440
1620
3340
1133
2984
2853
2884
2397
546
1033
2653
315
346
2066
3686
3199
1835
1248
2999
1148
2868
1017
3355
2768
2281
430
2668
330
3801
2437
3701
1850
3570
1619
1132
2983
2883
1032
545
2652
801
2165
114
1834
3685
1378
891
1247
3585
2998
1634
3254
2767
1403
2636
2667
329
2536
3800
1493
1849
1362
3600
1749
1393
1031
3238
3138
444
2651
2195
2551
344
2064
244
1964
113
2220
369
3484
1633
1146
3353
1046
2797
2566
228
2335
1848
3699
3599
1261
1161
674
2881
3368
1030
3268
574
2781
930
474
2681
830
699
2194
343
599
12
1376
1732
3583
3614
1763
1276
1145
3383
1532
689
2896
1301
2565
714
1978
1491
1847
3698
127
1878
1747
3267
1416
2780
2680
829
342
2193
2093
1962
2349
3713
1862
3613
1762
1275
267
3382
1531
3251
1044
944
2664
2695
3051
357
2108
2233
382
3497
3010
1159
1646
3397
2910
1546
2810
959
472
2679
2579
2092
3712
1861
10
497
1761
1274
3481
3512
1661
3381
1074
2794
943
587
487
1199
2463
125
3727
512
1876
3596
1289
3496
1189
2909
702
1545
2678
827
627
1760
1660
1173
2793
2562
2593
742
255
2106
2006
155
1875
2362
3726
3626
3495
280
2131
1544
3264
2808
957
3164
1444
2708
857
757
270
526
1759
3510
1559
2923
2823
972
485
3179
872
2592
385
741
254
2105
2261
1774
3525
3394
1187
3425
1574
1087
2807
3294
3194
3063
1212
725
2576
2963
1112
625
2476
2376
1889
38
1789
3509
1302
1658
1689
1202
3409
1071
1558
2922
3665
3178
2591
740
2491
2004
2360
153
640
2391
540
3624
1773
1904
2260
1804
2160
1317
178
3293
78
1442
1929
3193
1342
2606
755
268
2962
2119
655
168
3739
2375
293
193
1557
3308
3177
1357
3077
2590
2721
870
2621
2977
283
2259
408
2159
1672
3423
3779
3292
1472
2836
3192
854
885
2605
754
1110
423
1687
323
3438
1100
1456
1712
1225
3076
638
1902
1802
3522
1671
3678
3191
1340
1827
3091
753
2991
1140
2373
2404
1917
66
1817
1330
3537
678
191
322
1942
3306
2719
868
2619
2975
1255
181
2388
2644
793
2057
1570
3421
3808
1470
3190
552
2759
3536
3436
221
3792
1585
3336
3692
3205
2874
2387
1023
436
3551
3807
3320
3576
3089
1725
2989
2502
2889
2402
551
2302
1815
1715
3435
1584
89
120
3204
3591
1740
3104
1153
666
2517
566
1930
2317
2542
691
2055
204
3806
1955
1468
1855
4
1368
3119
2045
194
2888
681
806
2557
2070
219
706
1970
1483
3334
3690
3234
3103
3134
796
2516
1021
1052
2772
2285
2672
2185
334
2085
1598
234
3349
3705
3218
3249
1754
1623
1136
3374
1523
1036
2887
2787
936
3564
349
1713
249
1613
3333
18
3102
1251
3589
3002
1151
1051
564
2315
1828
2215
364
2084
233
1728
133
1853
2
3604
3117
1266
3017
2530
679
2917
579
2299
348
2555
217
2068
704
248
1968
117
3719
1868
3232
17
1381
2645
1281
3032
1181
2545
950
2670
1306
463
363
2083
719
2570
263
3347
132
3703
1983
1496
3734
3247
3603
3116
1883
2660
1165
2885
1034
1521
1065
934
2198
347
834
2098
247
1998
3718
1511
1767
2123
1636
1280
2900
949
462
2700
2213
2113
1882
3602
31
1751
3015
1651
577
964
477
2328
377
1741
2453
246
2353
1866
146
3617
1079
2799
848
361
717
2468
617
130
161
3245
1881
3145
1294
2558
1194
963
3170
863
2583
2096
245
2483
276
3260
45
1178
1078
2798
1334
847
2598
747
3731
1524
1780
1549
2913
3300
2813
962
862
375
2126
275
2251
1764
2151
1664
3515
3415
1077
2828
977
490
2597
746
259
2466
615
2497
646
2366
515
159
3630
415
1779
59
3043
1679
2943
2456
605
1092
861
761
2481
274
2968
3745
530
43
174
3645
3545
3058
3414
2927
1076
1432
1207
3283
1463
3183
2696
1232
2596
158
3760
1909
2034
1547
1091
1934
3198
2711
860
1347
2611
760
2124
273
2511
2024
173
3744
1793
2149
2049
1562
3413
1462
875
388
2139
644
2851
157
2751
2264
57
1677
3428
2941
1577
3328
2841
990
3097
1246
759
2479
628
659
2866
528
2279
428
3543
3056
1205
3443
1105
2825
3212
1361
3081
1230
2981
774
2494
643
187
2394
56
3758
2294
443
3527
1807
3658
3558
2063
212
3296
3783
1445
1476
989
1345
1245
758
2609
2509
658
3773
2409
71
2178
2047
3798
1104
3211
1360
2724
873
2624
773
2524
673
186
2037
2162
1706
2062
1575
3426
3326
1475
3226
1375
2639
3351
2864
657
1144
2508
2764
70
2277
1690
3341
2854
1003
3466
772
672
2392
541
2879
572
2292
3656
1805
3556
1705
3456
2969
3225
3581
3094
787
1143
2507
2894
1043
556
2407
100
2307
1820
456
3571
225
1002
3209
1389
3009
2522
2422
3786
571
2191
340
2060
2091
240
3324
1504
3711
3124
2637
1273
2537
2050
555
2662
2175
2206
355
2075
1588
1719
3339
1488
3008
2521
2877
670
1057
570
2777
2421
2321
470
2677
1603
1016
1272
3023
1172
2892
554
585
2792
454
3569
2205
1718
3469
1618
1131
123
1487
2982
3694
3725
1874
23
1256
3494
800
1156
3007
1287
2907
569
600
2320
1833
3809
1602
1958
1989
3222
1758
3122
2535
715
3799
2435
2204
353
2073
253
1973
2460
1617
3724
1873
1417
3137
1286
2550
2906
2419
1055
2806
2675
2188
2219
368
3352
1501
1988
914
1657
3377
2890
1170
2921
3277
2790
2334
352
3467
1616
2003
152
3623
3136
954
467
2318
2218
367
3482
2118
1987
623
136
3707
1887
3607
1400
1300
813
1169
1200
2920
1069
582
2433
613
969
2820
2589
151
1515
1871
3722
3622
1415
1771
1284
3035
828
2548
2935
2448
597
1084
2217
853
2573
366
2117
1630
2017
1530
1886
3250
3637
3150
3406
1555
1068
2819
968
2688
2232
2588
381
2132
281
2001
3752
1901
3265
3521
3034
1183
2934
3290
2803
596
983
2703
365
396
265
3380
2016
1529
34
3149
3505
3405
711
1198
2949
1098
611
3305
511
2718
867
636
2000
49
1413
3651
3520
3033
1182
1213
1569
1082
2346
495
2602
2115
264
2015
164
1884
1528
1915
64
1784
1684
1197
2948
2461
1453
2817
1097
2717
2586
379
766
279
2486
2030
2386
1443
1799
1312
3419
1568
2932
1081
3188
494
2345
2701
2245
394
3088
2145
294
2014
3765
1914
3534
3047
2947
1096
3303
2847
509
409
2129
2029
3749
534
1798
1311
1698
1211
1111
624
980
2831
524
2244
2731
2013
162
649
3764
549
3633
62
1913
1326
1682
3533
2946
1095
739
1126
2846
639
2359
764
277
2128
2515
664
177
2028
1928
3648
77
1797
1441
1341
3548
1210
1597
3317
2961
2830
1466
1366
2599
2143
292
779
2499
2043
192
2399
1943
1812
1325
3176
3432
2945
3301
1094
3332
2258
894
407
3101
2614
2158
2027
176
3778
207
76
2414
1927
3547
332
3416
2183
1696
3447
2960
3316
1109
2860
2729
2142
291
3762
2398
547
3662
447
1711
1224
3431
1124
637
2844
3331
3231
2744
893
1024
537
3777
562
1826
1695
1726
1239
2959
1139
1495
1008
652
2859
2528
677
190
1941
90
1810
1841
1354
1710
1966
3330
1479
1379
892
2643
2156
2512
692
3776
1956
105
3445
2081
3345
1494
2758
3114
2627
1394
2658
807
3014
220
1940
445
2196
1709
345
3460
2973
1122
3360
1509
1022
3229
2742
2873
2773
3129
922
791
2642
2898
2411
1047
1824
2211
1724
3475
1137
3244
550
2757
906
1037
2526
675
3790
88
2326
1839
3559
1739
3459
3359
665
1864
1377
13
1277
2641
790
3028
1177
2410
2441
590
2310
1954
1854
2210
1367
3574
3343
128
1979
3243
2756
1392
3143
2656
3012
805
2912
218
2425
2069
1969
2325
118
3689
2094
243
1607
3458
3358
143
1994
1407
920
2671
820
333
2796
945
458
2209
358
2109
258
3473
3342
1622
3373
2886
1035
3142
2655
2911
573
2811
960
2324
2224
1737
373
3357
1150
1537
3257
2770
1406
919
1050
3026
1175
688
2926
1852
1
488
1752
3472
1265
1652
3728
3241
26
1877
1777
1290
3141
2554
603
2323
1967
503
3587
272
1992
3743
1892
3125
3156
2669
818
2082
2925
718
2469
2338
1851