1360
1352
1181
842
776
1023
463
397
350
455
410
134
698
869
144
393
1270
1262
235
694
915
744
1104
820
373
707
383
1297
270
853
1097
24
740
674
1034
361
466
1285
203
1077
1353
767
213
108
22
730
901
979
512
1281
254
63
304
876
409
763
151
1123
384
1133
718
605
281
339
969
798
302
889
1362
269
327
319
1146
741
628
115
574
107
624
6
471
521
245
1290
875
237
1340
659
935
89
338
1165
855
1062
705
1007
610
77
231
690
9
419
1188
878
211
670
625
7
658
96
450
279
88
129
76
792
1370
1257
1086
576
634
910
739
331
669
1200
99
1280
1072
933
103
1027
136
871
1223
721
713
1198
793
964
1316
1145
262
367
425
989
330
73
106
5
61
415
1071
656
1300
390
732
448
611
506
353
1267
1230
749
12
971
687
1160
29
1331
592
650
479
376
434
1245
685
218
1303
354
976
1336
309
1241
1346
23
15
389
836
715
95
515
87
402
507
919
824
719
1013
282
91
169
954
1369
1322
1256
591
229
38
328
1260
1365
120
225
1310
1139
34
112
847
458
534
993
147
1283
973
1170
918
135
1325
594
815
1109
444
92
236
1321
1208
477
469
440
374
432
366
1364
208
121
580