843
466
306
1062
664
148
504
106
98
1370
471
94
44
879
829
321
271
1106
221
1077
213
1027
1006
142
259
1204
1044
515
28
109
465
1321
457
1271
386
865
1221
734
844
684
634
126
584
1042
730
353
303
1138
651
253
601
203
530
43
451
1307
1257
728
1228
568
170
1332
447
1232
745
389
1203
645
637
58
516
1199
712
691
1149
662
641
562
533
402
483
223
1189
1058
194
1139
1343
319
756
1135
111
61
896
388
1333
338
57
434
36
1250
713
692
1069
184
1040
105
961
453
301
1136
628
578
122
72
907
399
1365
378
370
1315
1105
220
597
416
1251
824
337
316
295
643
614
1001
1349
464
1270
762
364
183
560
1018
997
481
410
1245
1166
121
529
987
704
327
1162
167
475
823
396
773
1252
215
1071
694
673
34
13
513
492
5
463
442
413
282
740
690
669
153
540
430
53
74
888
1367
1346
838
1144
1034
149
607
586
884
20
1363
1313
1182
805
226
168
118
953
424
780
801
243
1209
701
999
135
114
491
64
441
35
391
1247
1328
820
262
60
1243
489
866
1324
358
816
1143
606
229
200
179
1035
377
1060
573
65
1031
1010
523
1358
960
96
1308
881
1229
344
323
1129
621
592
877
1196
261
240
617
588
1265
1223
199
1369
832
1290
426
863
1190
16
393
474
830
1128
112
62
1326
818
420
747
210
668
1016