2644
437
2594
3421
1957
1470
3190
3271
3627
2784
3221
2734
3171
2684
833
1089
602
552
421
858
2172
321
2122
2072
1585
2899
3255
3336
3692
998
3205
3286
948
3155
1254
1123
2924
1073
2874
1023
536
2337
486
2774
2287
3601
3551
336
286
3370
1519
1469
1419
3139
1238
3039
1188
2502
1138
651
1088
2889
551
501
14
2302
1815
2252
1765
401
2121
1715
2071
89
2377
3741
120
1353
3641
1790
3104
1740
3054
1203
2567
666
2954
616
1930
79
2286
566
2367
516
1880
641
2005
235
1955
1468
1418
1855
2682
831
781
2582
2045
2888
2401
2482
1995
2838
1343
856
500
937
2657
806
319
2607
300
3740
3334
119
1970
1483
3771
3284
1433
3153
3234
1383
2697
846
3134
3003
2516
1021
1102
1458
971
1052
2772
871
334
3499
284
2135
3805
3399
184
3755
3705
3655
1217
3374
1523
1036
2887
2837
499
2787
936
886
2250
1713
299
2100
3333
2275
1788
1869
18
1738
3539
1688
3052
3002
614
2902
2415
2852
2365
464
1828
2084
2440
1953
133
2
3654
3167
3554
1703
1216
3017
1166
679
2967
2480
1066
579
2430
2249
217
2018
248
2455
198
3282
1431
3769
1381
3669
3182
2645
3001
1231
2595
3032
2545
2901
2495
3207
513
869
463
900
413
2620
282
2133
2083
719
2520
2033
182
3347
132
1983
3703
3297
1446
3734
1883
3603
3247
3197
3553
1346
3503
1165
3322
1115
1065
1421
934
2248
2198
2635
247
1611
2048
1998
3718
3362
1511
974
3181
1767
1280
2123
1099
2900
3337
2800
2313
2750
899
2213
362
312
2288
81
1801
3652
1882
31
1832
1214
3502
3452
1601
2965
2865
1014
527
2378
2328
477
2147
2228
377
2940
2534
683
1916
3717
502
96
1816
3130
1279
3567
1716
1229
3080
3517
1129
2493
592
2799
2393
2749
2618
361
717
798
2518
667
1981
130
211
567
80
3782
30
3682
1831
3632
1781
1294
1244
2964
707
2914
1013
2733
882
3170
476
3120
426
2633
2583
326
2533
2483
1996
95
3747
1896
45
3697
1846
1534
1615
1971
1078
1028
2748
847
2648
697
2061
210
3375
2011
3325
110
466
3681
1699
1961
2136
3500
2086
1599
1680
2913
3350
2863
1499
3300
2813
425
862
2226
2663
2126
275
2432
2788
94
2301
1895
3615
1764
2201
3515
3465
1614
3415
1077
3365
977
2341
440
2728
2597
259
2466
2547
696
2416
2903
209
646
1879
28
515
2316
465
3680
1829
2266
415
9
3530
3043
1192
2993
1142
2943
2812
1042
2406
911
3118
2581
730
374
324
680
2531
630
3745
530
174
2331
480
3514
3545
3058
1694
1076
1432
1513
1382
3183
1332
876
1232
826
2546
208
2496
2009
158
595
1959
3760
3629
3710
1859
1678
1191
3348
1984
3785
1091
1447
3248
2761
991
3148
941
760
710
223
2511
2024
173
1974
2686
429
2149
1743
1612
1693
3413
3363
1512
2876
3263
1412
925
875
2676
825
2364
2445
594
2751
2264
57
2214
7
1727
2164
1627
1090
3328
1477
2791
940
2304
1246
2610
628
709
2916
222
2429
2866
172
528
3693
478
1842
122
2329
72
428
1792
22
378
3543
3006
2956
3131
874
1230
3081
1180
2544
2981
774
643
2494
724
2444
1907
56
2344
493
6
1857
443
3527
1807
3477
3558
1576
1526
3733
3683
989
1345
2659
808
2509
171
3773
3642
71
3723
3236
1872
21
2178
2047
1104
1947
3311
1054
1897
1360
873
2624
773
186
2212
5
2293
442
2649
1625
2062
1656
3376
3276
1375
2689
838
2458
607
2327
70
2277
507
2714
3541
2127
3491
1640
2077
3391
2854
3291
1309
3029
3516
2673
772
3060
672
185
541
2342
572
85
441
391
3456
60
3631
1293
3225
3581
887
3175
3531
837
1193
2994
787
2944
1093
2894
556
506
19
100
1820
456
3621
406
1770
3490
3571
2076
3796
1539
3259
3696
1489
1002
1845
1795
3159
1389
902
1258
852
1208
721
3059
1158
671
752
2472
3786
2372
1885
390
2110
340
1704
1654
2010
240
1554
3761
3274
1373
1273
1223
2050
199
686
505
2662
1819
2256
1769
2125
405
2206
3439
3389
1538
2025
1488
1438
3239
851
2521
3364
1107
3314
2908
570
2371
520
33
2240
2677
339
420
2140
289
1653
2090
3354
3304
3173
3529
3123
2992
1222
3023
685
2405
554
635
504
2305
454
3619
404
1768
3569
2205
354
1668
304
3469
1618
1131
1487
3694
3288
1924
1387
3107
1256
3057
1206
1287
3007
1156
3494
1237
2957
1106
750
2420
213
2857
2370
600
2320
469
1833
3634
2270
1602
1958
238
1989
3709
965
1808
3172
1758
1271
865
2535
2435
2741
890
403
2073
2510
2460
1973
3774
3287
3237
1873
1386
3674
1823
1336
3187
1417
1286
2650
1236
3037
2906
1055
2856
2369
2725
2319
468
2188
418
1782
2625
2138
2219
2088
318
3402
2038
1988
3789
2765
914
2715
864
1351
3508
1657
2840
2921
2871
2384
533
2740
402
2253
2203
352
383
252
1566
1516
1822
3542
3186
1772
3136
3005
1285
1235
3392
698
2986
2855
1004
517
2805
598
2318
954
548
3582
1731
1681
2118
136
86
1887
36
3557
3070
1219
3507
813
763
2970
1200
713
1069
582
663
1019
2383
2820
969
2333
3647
1796
788
2589
201
1565
2002
151
1515
1952
1465
1821
3622
1771
1284
878
1234
3085
1315
1184
2548
778
2985
2498
2935
2448
853
2573
2167
316
803
2117
2067
1580
1936
3787
3250
3687
1480
1349
3637
3150
1249
2613
531
968
2769
2282
431
2638
2232
281
2001
3802
1951
3265
1414
3215
3084
3440
1670
3390
3340
2934
2447
596
2884
1033
546
3240
2834
2166
315
396
2116
265
346
3430
215
165
34
1835
1785
1198
3355
2868
1017
1148
2949
611
917
430
2231
2668
461
330
2487
3670
3751
49
3570
3651
1313
3520
1182
1619
2983
1213
1569
1082
676
545
2833
2346
626
2652
2165
314
2602
2115
2552
164
3735
1965
1478
3635
1784
1378
891
1734
3098
1684
3048
1147
2948
2817
2767
2667
816
766
279
2486
1999
2080
1949
2030
179
1899
3750
1543
1493
3213
3700
1312
3600
1749
1262
3113
3419
1568
3369
1518
1031
3238
2832
2345
494
2701
2782
444
2651
3088
881
2195
2551
344
2064
2095
244
2451
3765
3278
1427
3584
2220
3534
1633
1146
3353
2947
3303
2816
2897
3253
2847
996
509
2797
328
2616
2129
2566
228
3393
534
47
2335
1848
1798
3518
3599
3112
1261
1748
1698
3368
674
1030
2881
1111
3318
624
574
930
474
830
343
2194
162
2450
549
3633
1863
12
1376
1813
3533
1326
1682
2946
2896
639
2359
2846
508
2128
277
2565
2515
2028
664
127
1847
1491
3698
1928
1797
1878
3598
1747
3548
3061
1647
1597
3317
1416
2780
2730
879
292
2499
2093
242
2043
2399
2349
1943
92
1325
3613
1762
2945
3301
1094
3382
2895
3251
3332
2845
3201
2795
2664
2745
3101
2614
407
2258
3051
2158
307
2514
2108
207
2414
76
3778
3597
382
2233
3547
1646
3447
2779
2860
1009
3216
2810
2760
909
422
2629
372
728
3762
547
1911
3712
1861
2348
3662
447
1811
1274
3562
3431
3512
1661
3381
1124
2844
3331
3281
587
3231
1024
893
2563
1149
2463
1976
612
3777
562
3727
1745
1826
1776
1289
1645
3446
2959
1108
2859
1008
1314
827
777
2578
727
2041
2478
2347
1941
90
1810
3611
1760
1354
1710
1173
3330
115
1479
3280
1379
2743
2643
305
2512
2593
2106
742
2462
205
2412
2006
2362
3726
1825
1906
3626
3495
3445
1594
230
2081
2031
3264
3345
3295
2627
2577
3014
2527
807
757
1990
139
220
3791
526
3610
395
345
1709
3460
2973
3329
3410
1559
3279
3766
2923
3360
2873
3229
2742
1022
1072
3179
922
3129
791
435
1047
560
1824
460
2261
1774
360
3525
3475
1624
3344
1087
2807
956
1037
550
2757
1212
675
2963
1112
625
3790
38
1839
3559
1302
1252
3459
1689
1202
1558
2922
3359
2872
665
1864
3228
13
3665
3128
1277
790
2641
1227
2591
3028
1177
2541
2410
2491
153
2441
1954
1904
3624
2260
3524
2160
1492
3780
3243
905
3193
1342
855
1292
3012
2962
2556
705
2912
655
1888
1969
3689
1838
780
3458
2044
3358
143
3227
3177
3258
1407
920
3127
3208
2721
3077
870
2590
2671
820
333
2540
3027
2977
2571
720
2796
2309
458
945
2259
358
2159
3523
2936
3292
2886
3242
3323
2836
3192
2786
398
2605
1110
754
2911
1060
573
2861
523
960
3638
2274
1787
3588
1737
3538
3407
3357
1150
3794
1100
1456
1050
2770
1406
3076
1712
1175
688
2926
2439
588
51
488
1
438
1265
1215
1652
26
1390
1340
3628
2554
1140
653
2504
2373
603
1967
2404
503
3587
1736
3537
1330
2042
191
2173
3356
1505
141
1942
1455
3306
3206
2719
3075
2669
3025
768
2975
2488
2519
1982
1851