2207
356
0
3702
2644
793
2157
1851
306
2594
743
2107
206
2007
1520
3808
1957
1470
3190
2784
3140
3221
833
2553
2634
2990
2584
1089
2809
958
2322
552
2272
371
3536
321
271
3436
3386
3742
1048
2899
3336
3692
948
3155
1254
3461
3411
2924
1073
2874
2387
1023
2824
973
486
2774
436
2237
386
3601
1750
2187
3501
2137
3370
1519
1650
3451
3320
3757
1063
1419
1775
1288
3576
3526
2502
651
1138
2939
2452
551
501
14
2302
1765
2121
1715
2071
3435
1228
2377
3204
1353
1840
1790
3591
1740
3054
2567
1203
716
3004
666
2954
2467
616
2336
2417
566
2367
1880
29
2236
2542
691
2055
2492
641
154
2005
235
3319
104
1955
1905
1418
1368
3169
2682
1318
2632
2988
3069
2582
2532
2045
2401
2888
2838
2351
500
856
1995
1343
631
2707
2170
319
2607
2120
269
2557
300
2020
3740
1533
1970
119
1483
3690
3640
3153
69
3234
3103
896
3184
3540
846
2697
3134
796
2516
3309
2822
971
1458
1052
2285
2722
2672
334
1648
3449
1598
234
3399
2035
3755
1548
3218
1448
3655
3168
3249
3474
3424
1573
3374
2887
1523
2350
499
2300
936
2737
886
2250
2200
2150
1663
2100
249
1613
1919
2275
1788
3589
18
3539
3052
3489
2952
2465
614
1051
2852
1001
2365
2315
464
2184
2265
414
2215
364
233
2440
3754
2390
2340
133
3654
1316
3604
3117
1266
3554
1703
2530
679
2967
629
2917
1066
2430
2299
579
2380
1893
2736
348
2555
704
2455
604
248
1918
1431
3719
1868
17
3232
1818
1331
3182
1281
794
3001
1231
2951
3032
2545
2901
2495
3207
2720
869
3157
1306
463
2670
2620
413
719
313
3753
263
3347
3703
3784
3297
1446
1883
1396
3116
1346
3066
2710
2660
809
1165
3322
1471
1115
2735
397
347
2635
2148
3462
247
2098
197
3768
3362
3312
3668
974
3181
1686
1636
1717
3437
2950
1099
3387
2900
3337
2850
1486
2313
462
2750
2263
2700
2213
362
1676
262
2288
3652
1801
1882
3602
2238
31
1751
1701
1214
3015
1164
2965
1601
2915
2865
2815
2278
1791
2147
2228
1741
683
2403
1916
65
3767
3717
1866
3667
1816
3617
3130
1279
3080
1666
2980
1129
642
2493
2930
2443
2880
2262
2568
717
361
311
2518
2468
3782
1931
80
30
3682
1831
3195
3145
1294
1781
2608
3045
1194
707
2733
963
476
2683
3120
2633
2583
245
326
2046
682
2533
276
145
3797
3310
1896
3616
3697
3210
1359
3079
3160
3385
1971
3335
1128
3285
1434
947
1028
3235
1334
2698
847
2648
310
2598
747
260
697
3781
3375
3325
3681
1474
3550
1830
466
110
1780
1599
1680
2913
3300
2813
2763
912
425
2713
862
2663
812
275
2432
2788
1945
1895
3615
2251
3565
2201
1714
1614
1127
2978
3415
2928
3365
2878
2341
977
927
2291
2728
2953
2466
2416
646
3730
515
28
3680
1829
109
465
59
415
1779
3630
9
1729
3093
1242
3480
2993
1142
2456
605
2893
2406
3605
3118
1042
2581
374
3018
324
761
3795
1944
2381
1894
174
3695
1844
3645
3514
1744
3464
1257
1694
1207
2927
1432
3720
1513
1026
3133
1232
826
2546
2059
2009
645
3679
1909
3629
3710
3223
1678
1547
1984
3348
1141
3785
3298
1447
2761
910
3198
2711
941
2661
2561
710
2074
2511
173
3338
2330
1843
1974
1793
2149
1743
2099
2049
1562
1643
1512
1025
1462
3263
2776
875
2239
2676
2189
2626
775
2851
2364
2801
2314
2395
2264
3578
7
3528
1677
2114
3428
2941
3378
1527
2841
1477
2304
453
2610
2560
2916
2429
578
222
2866
172
2379
528
3643
2279
1792
22
3593
378
3543
1692
1155
1105
3618
924
3081
3031
337
693
1180
2981
1130
643
2494
187
3758
56
1907
2394
3708
1857
6
3658
443
3527
3608
1757
1270
3558
212
3783
3296
1576
1526
3246
3733
3196
989
3146
1295
939
3096
1245
2609
758
2559
1195
2022
2459
608
121
558
71
21
2097
1641
1997
1510
1104
3311
3748
1897
1410
3261
3211
1360
3161
1310
3111
2574
2087
2037
186
492
5
2293
2649
2162
2243
1756
2112
3426
1575
1656
3326
2839
988
3276
3226
2689
351
2639
2508
2814
2764
2277
2358
2714
2227
3541
1690
3491
2077
226
1540
2904
2854
1003
2804
822
3110
3466
2979
3060
1209
672
2879
2292
1805
2242
3606
391
1755
2192
1705
3506
3019
1655
1168
2969
3631
1293
1374
1243
2994
2507
2944
250
2894
687
2407
556
3721
506
2357
100
456
2307
50
1770
3490
3621
2257
2076
3796
2026
3746
175
1539
3696
1845
1358
3209
3646
3159
1795
1308
902
3109
3059
1208
721
2572
3009
1158
2522
752
2472
621
134
2422
2372
1885
2241
2110
2060
1654
240
3324
1604
3761
3274
1910
1860
1373
3174
1323
2687
3124
2637
786
2537
2050
2356
505
2225
2306
2662
1819
405
2125
2612
1769
2206
355
3439
1588
2075
1669
3339
1488
3289
951
2752
3189
3008
670
2877
2827
2908
570
2777
2290
2240
2677
339
2271
420
2140
289
2090
1603
2040
3354
1503
1809
1322
3042
3123
3479
785
2992
3429
2942
735
2892
2405
554
2842
2355
2305
535
2255
1768
3569
2205
1718
3519
1668
304
2155
3469
1618
123
3694
1487
3725
1874
23
3594
1256
1206
1237
2957
2470
619
700
2907
2370
600
2320
3684
1833
3809
238
1602
188
3759
1552
1989
138
1858
1452
1808
1402
3122
1271
915
1352
3072
734
3022
2535
765
1121
3799
2741
890
2254
403
2204
2154
1667
303
2023
2054
203
3774
3287
1436
3724
1873
3674
3187
1336
1417
1286
3087
1236
749
2600
3037
2550
2419
2775
1055
2856
518
2806
2319
2675
2269
418
2138
2575
2088
318
1551
1988
1501
3352
1938
3252
3202
1351
864
3021
3377
2890
2971
1120
3327
633
2790
2871
1020
2384
2334
2690
2284
433
2153
302
3417
2053
2003
152
1516
3673
1822
3542
1335
3623
3136
3492
1772
3005
1285
2905
2986
2368
517
2805
2318
467
954
598
2268
417
61
498
3582
1731
3532
1681
3482
2474
1987
623
3707
136
3788
1937
86
1450
3657
1887
3607
3688
1300
813
3020
1250
2970
1119
1200
1069
582
2433
2383
532
969
563
2283
432
1796
2152
3647
2102
201
1515
1871
1952
3672
1415
3135
1771
3572
3085
878
1234
1184
2548
2985
778
647
597
2267
416
853
2167
316
2036
2117
1986
3787
1936
2017
3737
1886
1530
1480
3687
1349
3200
1836
1786
1380
2382
531
2819
968
2688
2282
431
2232
2182
331
281
2001
3802
1951
3315
3752
1901
1414
3084
1720
1233
3521
3390
2984
3340
2853
2447
3290
2803
3240
2397
2834
2703
365
346
1579
3380
2016
34
3199
1785
3586
1735
1248
3099
3455
3049
3405
711
2918
661
2949
1098
2818
3305
2768
917
74
561
511
2231
2718
817
1950
3670
99
3751
49
3620
3701
1850
3033
1182
1263
1619
2983
3420
2933
1082
726
1213
1163
676
2396
1032
2883
1569
626
2833
982
495
576
2783
314
2115
2065
2015
3735
164
1965
1478
1834
3635
1784
1378
891
1734
3098
1247
1197
1634
2998
2948
3254
2717
2230
2667
816
2536
2617
2130
279
766
3800
2030
1899
1980
3700
3213
3650
3163
1312
3600
1749
3113
2932
1568
3369
2882
1031
3238
2832
2701
494
2295
2651
444
2245
394
2601
2195
2064
2145
2014
2095
244
1964
113
3765
3715
1733
3453
3484
2997
1633
3434
2947
1583
2816
2897
1046
3203
2716
509
2797
946
2666
328
409
278
359
3393
2385
3749
2029
47
3699
2335
3649
3162
3112
1261
3468
1748
3549
3062
3418
1698
1161
674
2881
3318
1111
624
2831
3268
930
393
2681
830
343
474
2013
1963
2400
1913
62
3764
1863
3583
1376
1326
1682
3614
1276
1632
2996
2946
3383
1126
2846
995
639
2359
1301
814
2615
764
1978
127
1928
77
1441
3648
1878
1391
2234
1697
1210
3011
3448
2961
3317
3267
2549
779
292
2499
729
2043
3763
1862
3663
1812
92
3613
1762
1581
1094
1531
2895
3201
994
2795
2308
894
2614
407
2258
2695
844
357
2564
2158
2514
2027
307
2108
2464
2414
76
1746
2183
3416
3497
1646
1159
3010
2960
3316
1109
2910
1546
3266
1059
1009
2729
2810
2679
909
2629
2142
372
2579
241
2398
547
1911
10
3662
1811
2298
3612
1761
3512
1661
3281
2794
943
587
1024
537
893
3050
2563
1199
1976
125
3727
1876
2363
1745
3596
3677
1826
3546
1695
1289
3496
1239
3396
702
1189
2859
3165
1314
827
3115
2578
2041
190
677
2478
1991
2347
2297
90
1810
1891
1404
1760
1841
2197
3511
1304
1660
1173
115
3280
2793
942
1379
2743
2562
2156
2512
2593
2462
2543
2056
2412
155
1875
3726
2312
1906
55
3495
280
1644
2131
230
1594
3395
2031
3345
2858
1007
3214
3164
3064
807
2527
757
1990
139
220
2427
932
1940
2296
526
3610
2246
1759
3560
1709
2146
3460
1609
1122
3329
3766
2923
1072
3360
3229
1022
2823
2692
2773
435
791
2642
2723
2592
385
2105
610
2411
560
2848
2361
510
3675
1824
460
2311
2211
360
3525
3394
3475
1137
1574
1087
2807
956
725
3013
2526
675
1112
625
3790
575
88
2376
1889
525
2326
3559
1708
1789
1302
1658
1739
3459
1689
1202
3409
1071
1152
3359
2872
1377
3228
1327
3128
1277
3078
1227
740
2591
2541
690
2410
2004
153
1954
2310
53
1773
1367
1723
3
1804
3524
1673
1542
1979
128
3293
1442
78
905
3193
2706
855
1342
3143
2525
2606
2119
2556
705
2506
655
2375
3739
1888
2325
1838
118
424
2144
2631
2094
1607
3358
143
3227
1994
3308
2771
920
1357
3077
3027
820
333
2621
2977
283
2490
2571
2309
458
945
895
408
489
2209
3573
2159
1672
3342
3423
3779
3373
985
3192
448
3092
398
754
2605
1060
2861
1010
2811
2324
960
3638
423
1787
3588
373
2224
3438
3794
1100
1587
3388
3257
1406
3076
2539
1175
688
2439
2389
1902
51
2339
1852
2289
1802
3522
1265
1215
1652
3728
1877
3678
1340
3628
1777
1290
3091
2604
753
2991
2504
1140
2373
653
2454
1967
2323
553
2273
2354
1867
16
503
3587
2223
1736
3537
2529
2042
272
141
1942
91
1455
3743
1892
1405
41
3256
2719
3075
2669
2619
2975
2488
2569
2925
2438
2082
2519
2032
2469
1982
131
2338