3 48 55 70 89 95 113 114 139 152 159 171 189 237 258 260 272 298 323 344 360 392 398 408 421 469 480 517 528 537 568 575 592 596 611 614 616 644 652 687 696 722 749 759 766 779 782 784 847 894 899 910 949 961 1006 1017 1043 1061 1068 1071 1085 1093 1135 1160 1168 1192 1197 1221 1248 1251 1253 1261 1268 1322 1350 1358 1399 1403 1417 1432 1444 1485 1493 1498 1505 1514 1531 1534 1594 1597 1657 1690 1705 1710 1731 1756 1772 1774 1775 1779 1780 1799 1802 1808 1813 1834 1857 1865 1866 1913 1930 1937 1938 1942 1952 1970 1998 2003 2016 2017 2024 2036 2046 2069 2072 2073 2095 2099 2104 2105 2106 2132 2139 2142 2156 2158 2182 2193 2207 2209 2226 2237 2244 2263 2267 2282 2304 2314 2319 2335 2346 2363 2407 2411 2418 2424 2429 2441 2450 2452 2465 2466 2478 2480 2482 2500 2512 2536 2552 2560 2562 2572 2586 2589 2622 2639 2645 2658 2659 2673 2679 2686 2722 2725 2730 2753 2764 2766 2767 2776 2787 2812 2831 2834 2837 2850 2858 2872 2874 2881 2896 2907 2923 2932 2938 2967 2978 2998 2999 3001 3014 3019 3023 3026 3031 3080 3082 3086 3088 3090 3096 3097 3116 3130 3135 3143 3149 3169 3170 3176 3177 3178 3185 3187 3193 3194 3198 3211 3220 3235 3240 3243 3252 3267 3272 3278 3296 3299 3314 3338 3344 3351 3360 3365 3376 3377 3421 3426 3444 3463 3467 3486 3504 3515 3527 3584 3594 3608 3610 3616 3617 3638 3678 3687 3688 3705 3719 3724 3725 3729 3731 3743 3749 3757 3760 3766 3771 3785 3791 3792 3802 3807 , 6 % 292 , 1
5 13 14 18 19 31 34 38 43 54 57 60 71 76 91 97 109 117 134 138 157 164 178 186 209 215 220 232 269 289 312 316 339 346 352 376 382 386 389 390 397 407 413 415 417 419 442 444 454 456 475 488 494 499 500 513 515 551 570 576 606 613 626 643 652 655 658 664 671 675 688 701 722 753 782 787 790 798 808 818 830 831 833 840 847 875 881 890 899 902 905 939 945 947 948 949 954 967 974 988 1004 1007 1016 1021 1023 1024 1025 1030 1037 1050 1052 1064 1069 1073 1077 1078 1082 1089 1094 1100 1115 1124 1137 1148 1170 1171 1175 1189 1198 1221 1223 1246 1261 1271 1280 1282 1291 1294 1308 1322 1334 1342 1345 1346 1373 1389 1405 1416 1427 1432 1441 1444 1455 1462 1468 1470 1479 1483 1488 1493 1499 1507 1511 1515 1523 1529 1530 1546 1548 1550 1556 1584 1595 1604 1622 1627 1645 1671 1762 2019 2079 2197 2431 2694 2732 3131 3180 3449 3555 3643 3661 3671 3718 3770 , 1 % 194 , 1
101 122 177 320 424 468 650 668 781 811 858 995 1075 1113 1263 1264 1267 1329 1481 1497 1578 1638 1659 1683 1840 1917 1977 2082 2174 2179 2187 2243 2348 2424 2433 2442 2449 2481 2501 2503 2585 2601 2762 2853 2937 2951 3047 3068 3083 3097 3106 3110 3219 3266 3268 3289 3343 3372 3452 3454 3474 3482 3573 , 1 5 % 63 , 2
19 60 76 209 269 289 382 390 419 444 454 488 500 515 655 658 664 722 790 808 830 840 890 949 1016 1023 1025 1030 1100 1137 1170 1189 1246 1282 1294 1308 1342 1345 1416 1432 1444 1499 1530 1546 1548 1550 1762 3449 3661 3671 , 0 1 % 50 , 2
20 44 59 83 94 106 110 141 159 183 208 224 225 234 241 245 248 333 373 379 387 448 455 463 497 498 501 509 530 566 587 602 614 649 700 704 731 759 763 778 794 796 822 834 862 867 934 940 941 952 965 986 1014 1041 1045 1048 1081 1125 1132 1150 1174 1180 1201 1210 1241 1290 1311 1333 1347 1384 1394 1395 1479 1480 1496 1505 1528 1545 1570 1573 1596 1617 3473 , 1 2 % 83 , 2
10 24 77 105 113 153 169 195 204 231 240 243 261 271 272 317 330 347 350 353 355 368 371 383 484 490 519 539 564 582 609 618 623 645 748 765 797 801 832 863 892 911 933 943 950 964 1003 1005 1006 1012 1027 1031 1040 1046 1055 1126 1129 1133 1151 1199 1209 1234 1250 1274 1276 1300 1320 1350 1366 1367 1378 1408 1423 1425 1437 1452 1453 1463 1531 1557 1574 1598 1621 , 1 2 % 83 , 2
20 39 44 57 66 83 137 155 163 179 213 226 228 242 250 257 275 278 339 369 384 409 411 412 431 437 461 475 496 497 508 530 551 583 591 597 619 626 628 642 649 656 670 695 702 716 727 730 748 795 799 801 806 824 826 829 834 861 866 889 905 908 911 913 919 934 942 945 948 952 957 967 979 1012 1056 1067 1087 1088 1097 1103 1104 1107 1114 1115 1123 1158 1162 1222 1259 1279 1317 1344 1363 1394 1395 1404 1405 1411 1455 1460 1473 1476 1490 1529 1544 1545 1553 1567 1570 1595 1611 1653 1721 1760 1882 1884 1900 1920 2058 2074 2119 2120 2198 2279 2301 2469 2486 2538 2647 2705 2718 2824 2862 2876 2930 3089 3154 3217 3367 3400 3425 3457 3509 3540 3561 3602 3651 , 6 % 147 , 1
2 10 11 15 16 17 23 24 39 62 68 77 88 92 105 113 115 125 127 153 163 169 187 190 195 204 205 212 221 223 231 240 243 261 271 272 317 325 330 338 347 348 350 353 355 358 359 365 368 371 380 383 384 402 426 429 450 467 470 483 484 490 511 519 539 552 554 559 560 564 565 569 571 577 582 583 584 589 609 618 623 627 629 630 631 636 641 645 654 673 679 692 699 707 709 710 738 743 748 765 793 797 801 814 832 851 863 868 878 892 904 908 911 920 933 943 950 951 961 964 969 987 1003 1005 1006 1012 1015 1027 1031 1040 1044 1046 1053 1055 1068 1122 1126 1129 1133 1147 1151 1155 1199 1209 1219 1226 1234 1245 1247 1250 1255 1274 1276 1295 1297 1300 1302 1312 1320 1323 1350 1366 1367 1368 1377 1378 1385 1408 1423 1425 1430 1431 1437 1450 1452 1453 1454 1460 1463 1472 1494 1512 1531 1547 1557 1565 1567 1574 1588 1592 1598 1609 1610 1616 1621 1624 3294 3486 , 1 % 198 , 1
59 63 89 94 110 130 210 214 216 245 332 341 434 509 550 562 587 617 640 656 667 700 706 714 763 778 785 794 822 825 843 862 903 914 934 940 952 966 977 1014 1079 1080 1081 1125 1132 1144 1150 1174 1204 1228 1260 1265 1284 1290 1347 1384 1424 1505 1524 1537 1617 2238 3575 , 0 1 % 63 , 2
82 274 308 327 356 521 632 712 1086 1168 1169 1186 1321 1337 1372 1633 1636 1642 1658 1690 1741 1763 1805 1830 1833 1836 1853 1909 1915 1929 1931 1932 1934 1993 1994 2034 2092 2096 2099 2191 2192 2196 2211 2227 2253 2281 2315 2323 2413 2437 2454 2467 2528 2534 2549 2607 2714 2717 2722 2735 2736 2819 2925 2968 2975 3008 3033 3050 3103 3122 3223 3241 3326 3377 3429 3437 3458 3510 3540 3614 3639 3657 3658 3688 3772 3783 3807 , 1 2 % 87 , 2
59 63 89 94 110 130 210 214 216 225 234 245 322 332 341 377 434 448 509 530 562 587 602 639 640 667 700 706 714 763 778 785 794 822 825 843 900 903 914 940 952 965 966 977 1014 1079 1080 1125 1132 1144 1150 1174 1204 1228 1260 1265 1284 1290 1311 1347 1384 1424 1492 1505 1537 1617 2238 3575 , 1 5 % 68 , 2
10 11 77 88 113 163 204 272 338 365 429 470 483 519 552 564 565 569 584 623 627 636 673 679 692 710 743 748 765 793 801 851 863 878 892 950 951 969 1005 1015 1044 1055 1122 1133 1155 1245 1276 1295 1300 1312 1320 1366 1367 1378 1385 1423 1425 1430 1452 1472 1512 1531 1557 1574 1598 1616 3294 3486 , 1 5 % 68 , 2
100 123 128 143 175 197 201 219 233 238 262 264 310 343 349 370 385 409 436 507 525 532 597 605 608 624 682 691 711 716 717 749 789 804 812 852 894 946 958 985 1020 1032 1112 1118 1139 1165 1194 1233 1239 1301 1349 1361 1364 1527 1552 , 1 5 % 55 , 2
101 122 177 320 468 650 781 811 858 995 1075 1113 1263 1264 1267 1497 1578 1638 1659 1840 1977 2082 2174 2179 2187 2243 2348 2424 2433 2442 2449 2481 2501 2601 2762 2853 2937 2951 3047 3068 3083 3106 3110 3266 3268 3289 3343 3372 3452 3454 3474 3482 3573 , 0 1 5 % 53 , 3
1 12 13 16 21 36 48 62 65 71 77 88 113 128 141 142 146 151 175 182 197 198 199 205 209 210 226 228 236 241 272 276 292 294 305 310 315 336 338 430 436 448 453 454 455 457 493 502 503 504 505 517 531 532 533 534 545 546 562 564 569 592 594 601 605 608 614 623 645 646 666 682 691 692 698 706 710 714 727 736 748 763 764 765 777 784 787 789 793 794 801 803 893 894 900 908 913 922 934 941 952 961 987 990 994 1005 1008 1044 1045 1049 1050 1051 1065 1067 1071 1077 1079 1088 1098 1107 1110 1118 1125 1136 1144 1164 1194 1199 1229 1232 1239 1242 1255 1276 1284 1312 1340 1343 1345 1355 1356 1364 1366 1367 1389 1392 1393 1399 1403 1416 1424 1427 1430 1452 1457 1475 1505 1508 1531 1535 1550 1552 1569 1572 1574 1584 1594 1598 1616 1627 1663 1702 1708 1728 1802 1825 1872 1913 1933 1946 1953 2044 2069 2083 2085 2157 2163 2183 2185 2199 2223 2234 2238 2247 2292 2325 2340 2348 2359 2408 2420 2425 2471 2482 2492 2500 2575 2623 2630 2663 2710 2746 2766 2812 2831 2878 2927 2936 2974 3004 3007 3016 3035 3038 3090 3100 3115 3116 3138 3141 3158 3173 3178 3214 3346 3356 3378 3404 3417 3423 3434 3439 3443 3452 3458 3487 3488 3511 3544 3575 3625 3676 3686 3698 3702 3709 3719 3723 3729 3732 3763 3780 3795 3809 , 3 % 264 , 1
5 9 14 18 22 28 31 57 85 95 117 133 137 164 186 220 222 248 312 318 324 334 339 346 361 379 391 407 415 443 451 458 463 474 494 499 528 551 570 601 612 613 616 649 663 671 675 688 694 719 753 754 762 791 807 813 818 829 833 847 848 870 873 886 902 930 939 954 960 971 974 1004 1022 1024 1028 1033 1042 1052 1066 1071 1087 1094 1099 1115 1145 1156 1160 1166 1175 1217 1275 1280 1326 1346 1360 1375 1390 1406 1412 1417 1438 1455 1468 1477 1479 1483 1487 1488 1491 1508 1515 1523 1529 1535 1539 1558 1584 1612 1618 1630 1647 1654 1671 1749 1964 2143 2166 2173 2197 2204 2314 2359 2436 2694 2726 2979 2985 3063 3065 3100 3102 3120 3332 3398 3423 3445 3469 3625 3632 3716 3798 , 0 5 % 151 , 2
40 46 101 112 122 177 185 257 288 320 392 421 442 452 468 481 491 508 527 557 575 633 648 650 701 769 781 783 806 811 819 823 857 858 899 907 932 953 973 995 996 1001 1075 1102 1103 1113 1153 1183 1186 1196 1263 1264 1267 1285 1292 1299 1303 1316 1319 1328 1341 1352 1370 1386 1398 1407 1415 1429 1435 1439 1449 1467 1482 1490 1497 1502 1510 1551 1578 1589 1622 1638 1657 1659 1675 1686 1705 1724 1755 1803 1806 1825 1840 1898 1905 1925 1953 1977 2026 2068 2069 2082 2085 2130 2146 2174 2176 2179 2186 2187 2202 2214 2216 2218 2243 2247 2300 2306 2339 2348 2386 2423 2424 2433 2434 2438 2442 2445 2446 2449 2454 2471 2473 2479 2481 2482 2490 2491 2501 2536 2568 2588 2596 2601 2619 2627 2639 2647 2659 2685 2723 2725 2727 2732 2756 2758 2762 2764 2785 2843 2853 2875 2936 2937 2951 2968 2995 3013 3046 3047 3068 3073 3078 3083 3095 3106 3110 3125 3137 3141 3151 3161 3173 3217 3224 3266 3268 3289 3343 3346 3349 3372 3379 3404 3407 3414 3422 3441 3444 3452 3454 3458 3470 3474 3476 3477 3482 3483 3493 3538 3544 3557 3573 3676 3693 3698 3723 3736 3746 3770 3780 3788 , 0 5 % 222 , 2
0 16 17 23 53 55 62 65 74 78 100 105 115 123 128 139 142 143 153 162 175 187 197 233 237 238 240 262 264 275 283 303 310 330 343 347 348 349 355 359 370 385 432 436 438 489 502 507 511 525 532 533 549 582 597 603 605 608 641 642 645 661 680 682 691 703 707 711 716 717 728 740 749 757 766 780 789 804 812 844 852 869 878 913 943 946 956 958 985 994 1003 1020 1032 1046 1049 1051 1068 1093 1104 1112 1118 1122 1126 1129 1139 1155 1159 1164 1165 1180 1200 1202 1209 1227 1233 1239 1270 1297 1302 1348 1361 1364 1379 1450 1533 1542 1552 1588 1591 1602 1609 1624 2752 3342 , 0 % 134 , 1
98 101 188 203 206 306 396 411 485 514 568 575 620 650 651 684 723 767 775 802 842 889 926 975 993 997 1059 1071 1117 1141 1166 1176 1190 1264 1267 1298 1299 1339 1352 1365 1370 1371 1497 1498 1501 1503 1535 1578 1589 1632 1639 1643 1659 1679 1722 1724 1761 1788 1806 1898 1924 1925 1926 1935 1939 1940 1963 1977 2018 2022 2040 2058 2074 2130 2177 2222 2251 2279 2283 2301 2359 2391 2424 2431 2446 2465 2505 2519 2587 2642 2654 2665 2669 2675 2696 2708 2746 2778 2785 2829 2876 2881 2904 2919 2937 2955 2999 3040 3063 3071 3074 3082 3083 3088 3094 3099 3104 3106 3154 3161 3175 3218 3288 3302 3309 3367 3379 3403 3423 3432 3433 3434 3445 3448 3454 3455 3471 3476 3477 3479 3483 3489 3593 3595 3625 3632 3643 3660 3666 3678 3713 3716 3722 3725 , 2 % 154 , 1
22 42 128 135 149 197 199 286 301 317 349 478 531 541 549 605 637 640 657 662 674 707 725 731 738 740 772 781 803 838 839 841 858 871 876 892 944 950 966 974 986 998 1008 1015 1037 1039 1041 1065 1147 1180 1188 1202 1210 1250 1282 1289 1297 1314 1338 1343 1370 1393 1416 1420 1428 1437 1525 1539 1554 1561 1583 1598 1624 1647 1656 1670 1704 1722 1768 1795 1804 1825 1828 1874 1881 1927 1941 1961 1966 1996 2002 2080 2134 2146 2162 2174 2177 2188 2192 2196 2219 2241 2287 2294 2302 2332 2342 2343 2348 2361 2376 2382 2386 2392 2408 2425 2437 2455 2513 2522 2533 2546 2569 2577 2604 2615 2646 2695 2710 2720 2740 2785 2792 2830 2832 2833 2835 2836 2855 2857 2910 2941 2945 3021 3024 3030 3054 3056 3062 3065 3098 3114 3119 3129 3151 3157 3165 3175 3214 3225 3277 3279 3286 3297 3306 3323 3342 3346 3349 3439 3448 3458 3465 3499 3500 3542 3558 3588 3598 3711 3720 3778 3793 , 6 % 183 , 1
61 111 131 149 218 306 411 496 522 542 685 751 761 775 821 824 842 885 926 975 997 1009 1058 1059 1141 1167 1190 1243 1269 1352 1354 1411 1429 1449 1461 1476 1478 1485 1495 1498 1503 1506 1510 1563 1580 1589 1608 1620 1647 1687 1693 1700 1725 1730 1747 1754 1761 1778 1783 1825 1837 1866 1889 1898 1903 1908 1920 1922 1923 1925 1926 1939 1953 1972 2008 2018 2021 2022 2026 2032 2033 2055 2058 2068 2069 2083 2085 2102 2120 2141 2143 2156 2175 2178 2186 2189 2202 2209 2218 2247 2251 2257 2276 2279 2280 2291 2298 2321 2354 2382 2386 2395 2409 2417 2423 2426 2434 2441 2471 2473 2474 2479 2482 2490 2497 2524 2557 2564 2588 2596 2621 2623 2639 2655 2656 2663 2665 2675 2683 2685 2687 2691 2696 2699 2700 2706 2715 2756 2786 2789 2811 2823 2828 2829 2843 2875 2876 2881 2904 2919 2936 2956 2995 3023 3088 3094 3095 3096 3115 3116 3125 3132 3140 3141 3156 3173 3174 3176 3191 3224 3252 3262 3273 3288 3302 3309 3346 3349 3357 3379 3387 3398 3426 3430 3432 3450 3455 3465 3466 3477 3483 3488 3493 3498 3504 3516 3535 3538 3546 3557 3566 3592 3595 3596 3685 3686 3691 3693 3698 3704 3709 3713 3723 3725 3736 3763 3780 3804 , 1 % 228 , 1
3 25 27 30 54 91 97 98 104 109 124 134 138 152 180 292 314 316 331 335 372 378 389 393 405 408 417 460 461 475 476 478 492 510 535 537 544 547 553 574 576 606 651 663 683 684 686 723 735 755 767 770 792 799 800 836 841 846 865 874 891 897 917 944 947 948 967 968 972 981 988 1007 1010 1019 1060 1062 1064 1072 1085 1163 1182 1238 1241 1254 1271 1286 1304 1306 1315 1318 1322 1336 1351 1362 1374 1387 1388 1405 1410 1414 1421 1422 1442 1458 1462 1471 1507 1509 1516 1519 1521 1540 1573 1597 1622 1631 1645 1649 1663 1702 1718 1732 1746 1750 1788 1818 1860 1870 1912 1916 1948 1958 1963 1975 2019 2122 2175 2209 2235 2322 2340 2370 2382 2427 2439 2441 2447 2474 2492 2510 2519 2527 2543 2562 2575 2653 2663 2669 2719 2734 2746 2763 2789 2805 2821 2862 2955 2987 3004 3023 3076 3096 3099 3105 3127 3132 3162 3174 3176 3180 3252 3259 3387 3399 3401 3405 3430 3434 3448 3451 3468 3478 3488 3490 3491 3495 3504 3523 3546 3555 3561 3592 3663 3714 3742 3763 3792 , 5 % 207 , 1
69 218 293 308 446 685 824 837 849 885 915 970 1018 1034 1057 1058 1059 1108 1152 1269 1397 1451 1476 1495 1498 1506 1568 1587 1603 1607 1633 1634 1641 1648 1658 1695 1701 1706 1729 1735 1736 1745 1772 1777 1780 1781 1789 1791 1792 1800 1804 1829 1830 1833 1836 1852 1854 1857 1871 1872 1878 1885 1896 1902 1910 1927 1928 1936 1942 1944 1952 1957 1962 1997 2004 2013 2015 2027 2031 2033 2035 2046 2049 2052 2053 2056 2075 2112 2134 2136 2137 2142 2145 2149 2153 2161 2201 2210 2224 2225 2228 2231 2232 2233 2236 2245 2250 2254 2271 2285 2286 2307 2308 2321 2332 2333 2358 2378 2381 2387 2388 2390 2391 2394 2398 2403 2420 2422 2425 2432 2450 2456 2478 2493 2506 2508 2522 2526 2530 2535 2537 2550 2560 2573 2576 2606 2608 2611 2626 2655 2656 2658 2667 2695 2696 2711 2715 2716 2721 2729 2733 2736 2737 2738 2739 2751 2755 2759 2773 2803 2809 2819 2839 2840 2876 2877 2879 2881 2882 2883 2903 2905 2909 2915 2917 2935 2938 2941 2958 2959 2961 2963 2978 2984 2999 3003 3044 3060 3066 3069 3094 3101 3104 3107 3109 3113 3117 3122 3129 3133 3139 3143 3153 3196 3197 3198 3199 3200 3202 3210 3211 3212 3226 3238 3243 3246 3256 3278 3291 3299 3316 3335 3339 3341 3365 3383 3392 3406 3411 3428 3464 3467 3522 3540 3583 3585 3590 3605 3617 3623 3645 3647 3656 3660 3662 3666 3673 3683 3690 3695 3704 3713 3722 3731 3754 3756 3761 3764 3793 3797 3799 3806 , 0 5 % 272 , 2
82 327 712 1086 1321 1337 1372 1485 1633 1636 1651 1690 1759 1763 1783 1805 1853 1915 1929 1931 1932 1934 1978 1985 1994 2092 2096 2099 2191 2196 2211 2315 2323 2437 2497 2528 2534 2681 2707 2735 2925 3008 3036 3091 3223 3293 3397 3429 3437 3510 3516 3576 3614 3658 3679 3688 3779 3783 , 0 2 % 58 , 2
2 76 90 164 314 318 340 354 362 364 407 417 453 458 500 505 516 542 545 573 574 582 641 643 653 680 750 778 783 790 807 865 925 969 995 1024 1028 1054 1055 1089 1111 1112 1124 1193 1200 1215 1227 1239 1274 1287 1302 1326 1335 1378 1381 1407 1415 1418 1504 1512 1565 1578 1579 1599 1614 1654 1681 1702 1708 1720 1724 1777 1803 1817 1869 1897 1904 1905 1907 1946 1973 1976 1982 2004 2039 2051 2071 2081 2084 2093 2100 2114 2184 2197 2202 2217 2233 2252 2272 2306 2367 2378 2381 2396 2415 2446 2462 2475 2477 2487 2496 2499 2517 2554 2576 2583 2603 2617 2651 2667 2727 2763 2793 2826 2839 2843 2869 2877 2920 2928 2931 2996 3020 3028 3035 3036 3037 3058 3072 3093 3126 3191 3232 3234 3236 3254 3284 3291 3315 3317 3361 3388 3395 3401 3404 3462 3473 3522 3528 3529 3552 3566 3579 3590 3621 3626 3689 3696 3700 3800 3806 , 6 % 171 , 1
131 203 306 516 521 522 845 889 895 896 1009 1243 1324 1369 1434 1478 1644 1655 1656 1660 1661 1673 1678 1681 1691 1698 1703 1704 1707 1709 1711 1720 1733 1743 1744 1761 1769 1785 1786 1794 1795 1797 1801 1812 1813 1819 1823 1827 1838 1843 1858 1867 1886 1887 1892 1894 1895 1901 1904 1911 1941 1950 1967 1976 1986 1988 1991 2021 2037 2050 2055 2065 2076 2086 2088 2103 2108 2119 2120 2131 2144 2147 2150 2151 2154 2158 2162 2183 2192 2198 2207 2213 2239 2241 2242 2246 2253 2255 2262 2264 2265 2275 2278 2283 2293 2296 2299 2309 2312 2313 2326 2336 2338 2344 2350 2351 2361 2363 2365 2368 2372 2375 2385 2396 2400 2414 2419 2430 2443 2448 2452 2459 2462 2464 2466 2470 2485 2494 2495 2496 2518 2529 2532 2539 2541 2542 2556 2559 2579 2598 2600 2604 2605 2607 2618 2631 2632 2634 2637 2645 2662 2666 2668 2670 2690 2714 2749 2753 2768 2771 2775 2776 2778 2779 2783 2786 2788 2794 2801 2804 2814 2818 2824 2827 2833 2841 2852 2858 2859 2865 2871 2890 2893 2900 2904 2911 2916 2918 2930 2932 2939 2950 2953 2966 2971 2973 2976 2977 2990 2992 2996 3011 3021 3026 3029 3031 3038 3042 3049 3058 3075 3081 3084 3085 3103 3114 3123 3135 3157 3160 3163 3164 3165 3168 3184 3187 3190 3204 3227 3257 3272 3274 3276 3278 3287 3298 3305 3308 3310 3312 3315 3323 3324 3360 3369 3386 3388 3390 3420 3459 3460 3461 3475 3489 3492 3501 3519 3528 3530 3541 3549 3550 3564 3572 3574 3578 3582 3586 3589 3594 3606 3620 3635 3636 3640 3652 3675 3677 3694 3701 3707 3708 3710 3720 3721 3724 3751 3752 3769 3805 3809 , 0 % 301 , 1
