59 63 89 94 110 130 210 214 216 245 332 341 434 509 562 587 640 667 700 706 714 763 778 785 794 822 825 843 903 914 940 952 966 977 1014 1079 1080 1125 1132 1144 1150 1174 1204 1228 1260 1265 1284 1290 1347 1384 1424 1505 1537 1617 2238 3575 , 0 1 5 % 56 , 3
1449 1682 1745 1766 1776 1802 1803 1810 1813 1835 1895 1913 2003 2038 2041 2061 2078 2104 2136 2175 2193 2199 2223 2226 2234 2303 2325 2333 2346 2352 2373 2451 2457 2473 2478 2485 2500 2516 2518 2556 2562 2590 2603 2623 2628 2643 2651 2702 2704 2710 2766 2789 2802 2831 2837 2840 2849 2870 2872 2878 2891 2896 2900 2924 2948 2966 2982 3002 3003 3031 3064 3092 3115 3138 3146 3149 3158 3169 3172 3178 3214 3220 3278 3287 3314 3338 3341 3351 3364 3431 3442 3443 3564 3579 3616 3618 3628 3635 3638 3683 3702 3729 3732 3737 3795 , 4 % 105 , 1
21 36 37 42 121 160 227 229 236 246 290 291 371 381 388 430 433 457 493 512 529 531 592 615 634 666 681 758 784 838 872 893 919 959 999 1029 1035 1043 1065 1083 1084 1097 1109 1134 1220 1266 1340 1343 1344 1356 1392 1399 1457 1466 1500 1517 1594 1605 1606 1626 , 0 1 5 % 60 , 3
1673 1733 1744 1786 1838 1843 1858 1894 1967 2037 2088 2108 2131 2144 2147 2151 2154 2207 2213 2241 2242 2246 2255 2262 2264 2265 2293 2296 2309 2338 2350 2363 2365 2368 2375 2385 2400 2443 2452 2462 2470 2539 2542 2556 2559 2600 2618 2631 2634 2637 2771 2775 2783 2794 2801 2804 2814 2818 2827 2833 2858 2859 2865 2871 2932 2953 2990 2996 3011 3049 3084 3085 3160 3163 3164 3165 3168 3190 3204 3272 3274 3287 3298 3305 3310 3315 3324 3388 3460 3461 3492 3528 3582 3586 3606 3620 3640 3652 3675 3677 3701 3707 3710 3720 3752 , 0 1 % 105 , 2
1 4 10 49 77 88 113 126 163 170 182 189 204 249 251 254 255 267 268 272 280 301 323 328 338 351 365 366 373 375 406 414 416 428 429 431 470 471 483 505 519 538 546 552 555 564 565 569 580 610 619 622 623 636 637 660 665 670 672 673 674 679 689 692 696 702 710 721 730 731 741 743 748 765 793 796 801 805 817 851 863 864 878 892 910 929 938 942 950 951 969 998 1005 1015 1041 1092 1098 1122 1131 1133 1136 1140 1154 1161 1172 1178 1193 1210 1218 1242 1245 1248 1276 1287 1295 1300 1320 1333 1357 1366 1367 1376 1385 1393 1418 1423 1430 1452 1472 1475 1512 1527 1531 1532 1549 1555 1557 1560 1562 1574 1585 1593 1598 1600 1613 1616 1669 2376 2431 3412 3486 , 0 5 % 151 , 2
3 33 101 103 122 135 148 177 206 293 313 320 412 424 437 459 468 473 492 514 516 518 520 542 543 553 568 620 650 668 723 745 776 781 802 811 816 845 858 866 882 898 928 970 976 993 995 1034 1057 1075 1113 1149 1152 1160 1166 1235 1249 1263 1264 1267 1298 1329 1330 1335 1339 1369 1397 1401 1402 1446 1464 1481 1497 1543 1578 1630 1632 1635 1638 1639 1643 1659 1663 1665 1683 1702 1718 1721 1722 1732 1817 1840 1860 1900 1917 1935 1940 1960 1963 1975 1977 2074 2082 2089 2116 2122 2139 2148 2152 2166 2174 2177 2179 2180 2187 2204 2235 2243 2314 2322 2340 2348 2358 2370 2391 2393 2395 2424 2433 2436 2442 2449 2465 2481 2489 2492 2501 2503 2510 2519 2562 2575 2585 2601 2653 2654 2678 2692 2704 2708 2746 2762 2763 2798 2805 2826 2853 2902 2937 2945 2951 2987 3024 3041 3047 3062 3068 3082 3083 3086 3097 3106 3110 3152 3154 3219 3259 3263 3266 3268 3289 3313 3343 3372 3384 3400 3403 3445 3451 3452 3454 3474 3482 3485 3523 3573 3609 3650 3666 3678 3742 3744 3792 , 1 % 203 , 1
21 50 51 54 56 81 118 148 162 186 202 223 234 246 279 281 287 299 303 333 347 352 400 465 468 485 499 501 590 620 679 691 704 794 796 813 853 874 924 970 975 1126 1138 1142 1169 1234 1244 1270 1284 1290 1300 1334 1336 1362 1369 1386 1389 1406 1436 1442 1471 1487 1492 1510 1574 1587 1588 1603 1607 1608 1618 1637 1639 1673 1685 1691 1692 1717 1732 1749 1757 1849 1850 1888 1895 1971 1985 1991 2014 2022 2029 2063 2087 2103 2186 2255 2278 2280 2303 2313 2316 2336 2337 2341 2355 2370 2374 2379 2380 2385 2399 2412 2422 2456 2459 2460 2463 2468 2575 2626 2636 2671 2691 2709 2742 2749 2755 2786 2814 2829 2870 2897 2900 2939 2942 2960 2966 2971 2974 2982 3000 3004 3022 3025 3042 3047 3075 3077 3092 3144 3196 3230 3250 3257 3266 3309 3313 3333 3355 3392 3424 3445 3454 3464 3470 3488 3498 3508 3577 3600 3601 3619 3656 3670 , 6 % 174 , 1
1 37 49 78 118 150 182 236 267 287 291 303 371 388 400 430 433 479 505 529 546 558 612 662 674 695 758 784 786 838 861 864 871 893 901 910 919 923 955 956 979 982 999 1029 1061 1065 1084 1116 1119 1134 1220 1242 1253 1266 1270 1283 1293 1305 1340 1344 1356 1363 1392 1393 1445 1466 1486 1489 1500 1571 1605 1606 1611 1669 , 1 2 % 74 , 2
19 20 39 44 60 67 76 81 83 96 106 107 129 146 150 158 166 183 188 193 208 209 221 225 234 269 276 289 294 364 377 382 387 390 419 425 439 444 445 449 454 462 482 488 495 497 498 500 501 515 530 545 548 571 577 578 594 596 602 611 639 655 658 662 664 678 693 704 722 732 734 736 738 739 744 746 756 759 786 790 808 815 828 830 834 839 840 859 867 876 880 890 900 901 906 916 923 931 936 937 949 965 983 984 986 1000 1016 1023 1025 1027 1030 1038 1048 1053 1056 1061 1100 1114 1120 1121 1137 1170 1174 1189 1229 1246 1253 1256 1257 1258 1259 1272 1282 1283 1294 1308 1317 1331 1342 1345 1355 1381 1391 1394 1395 1416 1432 1436 1444 1460 1486 1499 1508 1525 1528 1530 1541 1545 1546 1548 1550 1553 1567 1570 1571 1586 1590 1614 1628 1635 1762 1891 1924 2073 2139 2538 2642 2691 2693 2704 2754 3040 3071 3074 3396 3403 3410 3417 3423 3427 3433 3449 3472 3487 3661 3671 3744 3784 , 0 % 198 , 1
1018 1434 1603 1637 1655 1676 1695 1706 1720 1726 1742 1791 1812 1850 1854 1871 1893 1919 1937 1976 2013 2017 2029 2036 2049 2053 2134 2168 2172 2221 2259 2278 2299 2326 2336 2338 2357 2392 2402 2419 2432 2448 2459 2498 2506 2537 2553 2560 2574 2608 2646 2670 2674 2679 2737 2757 2777 2781 2790 2841 2877 2879 2883 2890 2910 2918 2958 3009 3015 3052 3053 3185 3207 3211 3212 3239 3246 3249 3258 3277 3339 3352 3380 3394 3404 3428 3453 3497 3583 3613 3617 3648 3656 3673 3695 3711 3715 3753 3778 3786 3789 3800 3802 , 1 2 % 103 , 2
33 61 82 103 149 206 274 298 327 411 477 518 542 628 712 775 821 842 866 882 883 975 997 1073 1086 1141 1149 1167 1169 1179 1235 1249 1296 1310 1321 1337 1372 1402 1428 1446 1461 1485 1501 1503 1536 1543 1563 1566 1608 1636 1637 1646 1674 1676 1679 1685 1690 1693 1708 1716 1717 1739 1740 1747 1751 1759 1763 1766 1783 1805 1845 1850 1853 1856 1876 1877 1893 1908 1913 1915 1920 1926 1929 1931 1932 1934 1935 1937 1945 1946 1978 1979 1985 1987 1993 1994 2003 2016 2017 2018 2022 2029 2032 2036 2040 2044 2051 2053 2054 2074 2078 2091 2092 2094 2099 2101 2109 2155 2168 2184 2191 2193 2196 2208 2222 2237 2240 2277 2279 2280 2284 2291 2297 2303 2315 2317 2323 2324 2337 2347 2352 2354 2355 2356 2357 2374 2393 2397 2402 2405 2408 2411 2415 2417 2437 2461 2468 2488 2497 2506 2528 2534 2540 2548 2552 2572 2574 2580 2581 2603 2621 2628 2630 2636 2646 2650 2660 2661 2674 2675 2676 2678 2679 2683 2688 2689 2702 2707 2722 2731 2735 2757 2777 2781 2790 2798 2802 2808 2812 2815 2826 2829 2867 2868 2873 2880 2899 2907 2910 2919 2920 2925 2931 2943 2945 2952 2956 2960 2965 3008 3009 3010 3014 3015 3016 3019 3033 3036 3041 3053 3059 3064 3067 3091 3093 3098 3111 3119 3126 3140 3146 3149 3192 3218 3220 3221 3223 3235 3249 3262 3267 3277 3283 3293 3309 3327 3329 3354 3356 3366 3367 3377 3380 3389 3394 3397 3426 3432 3436 3437 3438 3439 3442 3455 3480 3497 3515 3516 3521 3533 3556 3568 3588 3593 3597 3604 3630 3646 3648 3658 3664 3672 3678 3688 3691 3711 3715 3725 3741 3743 3749 3753 3757 3765 3778 3783 3786 3789 3794 3795 , 5 % 310 , 1
82 274 298 327 712 883 1086 1169 1179 1310 1321 1337 1372 1501 1636 1674 1679 1690 1751 1763 1805 1853 1877 1915 1929 1931 1932 1934 1945 1979 1993 1994 2016 2040 2051 2092 2094 2099 2155 2191 2196 2208 2222 2237 2284 2297 2315 2323 2356 2374 2411 2437 2461 2528 2534 2540 2572 2630 2636 2646 2660 2661 2688 2722 2731 2735 2808 2868 2907 2920 2925 2931 2965 3008 3010 3033 3093 3111 3119 3146 3192 3218 3223 3235 3267 3283 3327 3329 3367 3377 3436 3437 3480 3515 3521 3533 3568 3593 3604 3630 3646 3658 3664 3688 3743 3783 , 1 5 % 106 , 2
48 50 58 75 80 127 132 143 165 167 171 191 198 199 230 259 263 300 305 309 311 317 337 340 344 395 398 404 423 447 464 466 506 526 559 586 588 629 631 635 638 647 657 687 697 698 699 715 727 729 742 747 752 764 768 771 773 803 809 814 826 827 888 904 920 935 1008 1036 1047 1063 1111 1127 1128 1185 1195 1222 1230 1240 1247 1250 1251 1268 1277 1281 1297 1325 1368 1383 1396 1440 1448 1459 1474 1538 1576 1599 1601 1619 1879 , 0 % 99 , 1
69 1018 1603 1607 1634 1641 1692 1695 1706 1791 1854 1871 1902 1919 1980 2013 2029 2049 2053 2060 2075 2134 2161 2225 2380 2381 2432 2506 2537 2560 2608 2711 2737 2877 2879 2883 2958 3069 3119 3198 3202 3211 3212 3246 3249 3339 3428 3464 3583 3605 3617 3646 3656 3673 3695 3800 , 0 2 % 56 , 2
835 957 1105 1327 1354 1365 1513 1561 1581 1640 1652 1670 1682 1684 1694 1699 1741 1748 1758 1767 1790 1799 1808 1809 1814 1816 1821 1822 1828 1839 1848 1851 1855 1880 1888 1897 1906 1930 1947 1955 1959 1961 1965 1970 1973 1982 1983 1984 1989 1996 2001 2005 2007 2009 2010 2038 2047 2071 2080 2081 2084 2087 2100 2110 2114 2138 2140 2160 2170 2203 2206 2215 2229 2248 2259 2261 2268 2272 2287 2290 2304 2316 2319 2328 2335 2341 2346 2366 2377 2435 2455 2460 2463 2472 2487 2498 2509 2512 2514 2544 2547 2561 2569 2577 2578 2582 2590 2591 2597 2617 2625 2633 2643 2651 2662 2677 2682 2698 2701 2705 2728 2740 2741 2748 2761 2765 2791 2800 2806 2816 2832 2834 2837 2838 2845 2846 2849 2856 2860 2861 2870 2887 2897 2900 2901 2906 2912 2914 2921 2922 2923 2933 2944 2946 2962 2964 2967 2970 2980 2986 2993 2994 3007 3028 3039 3052 3088 3112 3118 3121 3130 3136 3150 3155 3170 3172 3186 3193 3205 3207 3213 3216 3225 3228 3230 3234 3236 3244 3247 3253 3254 3265 3275 3286 3292 3296 3314 3333 3351 3355 3364 3368 3402 3409 3413 3415 3418 3421 3431 3440 3447 3456 3479 3484 3494 3499 3507 3508 3509 3513 3514 3517 3520 3529 3531 3537 3542 3548 3551 3552 3563 3577 3598 3599 3602 3610 3611 3613 3622 3627 3634 3642 3670 3681 3684 3692 3717 3726 3733 3738 3740 3747 3755 3766 3768 3773 3777 3790 , 0 % 258 , 1
101 122 177 313 320 468 650 781 811 858 995 1075 1113 1263 1264 1267 1497 1578 1638 1659 1840 1977 2082 2174 2179 2180 2187 2243 2348 2424 2433 2442 2449 2481 2501 2575 2601 2762 2763 2853 2937 2951 2987 3047 3068 3083 3106 3110 3266 3268 3289 3343 3372 3384 3452 3454 3474 3482 3573 , 0 1 % 59 , 2
73 84 90 111 116 356 412 422 435 437 459 480 514 520 536 543 620 632 733 745 751 761 776 802 816 926 991 993 1002 1096 1101 1124 1135 1157 1162 1190 1211 1298 1335 1339 1359 1371 1401 1404 1426 1464 1469 1554 1580 1595 1620 1632 1639 1642 1643 1650 1662 1665 1666 1668 1672 1676 1677 1696 1722 1725 1726 1728 1730 1742 1754 1778 1802 1817 1837 1865 1866 1889 1900 1903 1909 1914 1933 1939 1940 1949 1956 1960 1968 1972 2002 2008 2011 2023 2034 2042 2089 2111 2116 2124 2132 2141 2148 2152 2169 2171 2172 2177 2178 2181 2185 2189 2190 2199 2200 2223 2227 2234 2251 2269 2273 2292 2298 2325 2395 2418 2421 2426 2428 2444 2457 2465 2467 2489 2500 2503 2513 2524 2549 2557 2564 2570 2587 2622 2623 2630 2654 2665 2680 2692 2697 2699 2703 2708 2709 2710 2712 2713 2717 2744 2747 2760 2766 2782 2811 2831 2842 2850 2851 2878 2902 2975 2998 3024 3035 3050 3055 3061 3062 3079 3082 3086 3108 3115 3116 3138 3152 3154 3156 3158 3166 3178 3185 3191 3195 3214 3239 3241 3242 3258 3260 3273 3288 3295 3302 3307 3313 3326 3344 3352 3378 3391 3395 3400 3443 3450 3453 3457 3465 3485 3496 3498 3500 3503 3506 3511 3535 3536 3560 3595 3596 3609 3618 3639 3644 3650 3685 3702 3719 3729 3732 3750 3772 3802 3804 3807 , 0 5 % 246 , 2
2 8 11 15 21 24 34 35 36 37 38 42 93 99 114 121 141 144 160 176 190 192 195 200 205 224 227 229 236 239 241 243 246 250 253 256 266 270 271 273 278 285 290 291 295 321 322 325 350 352 353 368 369 371 380 381 383 388 410 426 430 433 448 455 457 469 484 485 487 493 512 529 531 539 560 561 567 581 583 584 589 592 593 614 615 618 627 634 652 654 666 681 718 758 782 784 797 798 810 832 838 861 868 872 893 908 911 918 919 924 933 941 951 959 961 962 964 978 987 990 999 1012 1021 1029 1035 1037 1039 1043 1044 1045 1055 1065 1070 1083 1084 1097 1109 1134 1146 1148 1187 1220 1221 1226 1244 1255 1266 1291 1311 1312 1334 1338 1340 1343 1344 1350 1356 1358 1377 1378 1380 1392 1399 1400 1408 1425 1427 1431 1437 1454 1457 1463 1466 1492 1494 1496 1500 1517 1569 1592 1594 1605 1606 1610 1626 2505 3131 3294 3408 3473 , 0 % 190 , 1
1652 1673 1692 1733 1744 1786 1838 1841 1843 1858 1894 1899 1965 1967 1980 2009 2037 2060 2088 2105 2131 2144 2147 2151 2154 2207 2213 2241 2242 2246 2255 2262 2264 2265 2290 2293 2296 2309 2338 2350 2363 2365 2380 2385 2400 2443 2452 2462 2470 2539 2542 2600 2618 2631 2634 2637 2743 2775 2783 2794 2801 2814 2818 2827 2858 2859 2887 2901 2932 2953 2954 2967 2990 2996 3011 3022 3049 3054 3085 3160 3163 3164 3165 3168 3204 3272 3274 3287 3298 3305 3310 3324 3388 3461 3492 3528 3582 3586 3606 3620 3640 3652 3675 3677 3701 3707 3710 3720 3752 3768 3781 , 1 5 % 111 , 2
2 8 15 21 24 34 35 36 37 38 42 93 102 121 141 144 147 160 169 176 194 195 200 205 224 227 229 236 239 241 243 246 250 253 256 266 270 271 273 278 285 290 291 295 321 325 350 353 368 371 380 381 383 384 388 410 426 430 433 453 455 457 467 484 485 493 504 512 529 531 539 560 567 581 583 589 592 593 609 614 615 617 618 627 634 652 654 666 681 709 718 758 782 784 797 798 810 832 838 868 872 893 908 911 918 919 924 933 934 941 959 961 962 964 978 987 990 999 1012 1021 1029 1035 1037 1039 1043 1045 1065 1067 1070 1074 1081 1083 1084 1097 1109 1134 1148 1151 1173 1187 1201 1220 1221 1226 1244 1255 1266 1274 1288 1291 1293 1313 1323 1334 1338 1340 1343 1344 1350 1356 1377 1380 1392 1399 1400 1403 1408 1431 1437 1445 1454 1457 1463 1466 1484 1494 1496 1500 1504 1517 1522 1524 1547 1565 1582 1594 1596 1605 1606 1623 1626 3072 3131 3147 3408 3446 3473 , 5 % 197 , 1
19 20 39 44 60 67 76 81 83 96 106 107 129 146 150 157 158 159 166 183 188 193 208 221 289 294 329 333 345 363 364 382 387 397 413 419 434 439 444 445 449 454 462 482 488 497 498 500 501 515 545 548 550 566 571 577 578 594 596 601 611 643 655 656 662 664 678 693 695 704 722 732 734 736 738 744 746 756 759 786 790 808 815 828 830 840 859 862 867 876 880 906 916 925 931 936 937 945 949 983 984 986 1023 1025 1030 1038 1048 1056 1061 1069 1076 1090 1100 1114 1120 1121 1137 1170 1171 1174 1176 1189 1229 1246 1253 1256 1258 1259 1272 1273 1282 1283 1289 1294 1308 1317 1331 1342 1345 1355 1391 1394 1395 1416 1432 1436 1444 1486 1493 1499 1525 1528 1541 1550 1553 1564 1570 1571 1572 1590 1614 1628 1762 1891 1924 2163 2182 2538 2691 2693 2704 2754 3040 3071 3074 3396 3410 3449 3472 3487 3643 3671 3744 3784 , 5 % 184 , 1
27 32 38 49 60 63 67 82 87 122 126 144 166 183 188 200 214 215 231 232 238 261 274 282 288 294 305 311 320 336 350 357 358 366 385 388 395 397 401 425 456 463 472 483 504 509 515 529 544 562 584 598 610 633 634 646 661 666 671 673 683 686 706 756 765 787 793 805 830 854 880 886 888 938 946 958 996 1018 1021 1022 1026 1029 1062 1069 1086 1092 1105 1110 1143 1159 1177 1185 1205 1207 1219 1220 1240 1260 1262 1263 1275 1291 1299 1315 1351 1352 1361 1367 1368 1371 1372 1385 1388 1400 1441 1446 1447 1468 1475 1480 1511 1523 1526 1575 1581 1634 1641 1648 1650 1658 1677 1699 1709 1712 1736 1755 1758 1762 1781 1807 1841 1843 1851 1868 1870 1889 1893 1899 1910 1919 1931 1936 1950 1955 1959 1964 1965 1979 1988 1993 1994 2006 2031 2042 2043 2060 2067 2083 2091 2094 2113 2121 2151 2163 2166 2195 2206 2212 2242 2243 2245 2248 2257 2262 2264 2265 2281 2285 2308 2315 2327 2330 2340 2344 2347 2356 2358 2395 2398 2400 2401 2416 2417 2421 2426 2430 2471 2489 2515 2529 2540 2542 2557 2559 2564 2574 2578 2591 2606 2614 2631 2641 2681 2684 2687 2689 2701 2706 2723 2729 2733 2735 2745 2761 2771 2784 2790 2791 2798 2805 2809 2816 2818 2849 2851 2856 2880 2882 2883 2890 2899 2901 2904 2906 2929 2933 2947 2951 2952 2954 2961 2969 2979 2987 2988 2990 3008 3015 3050 3051 3066 3084 3085 3095 3100 3105 3107 3113 3117 3122 3124 3167 3205 3222 3241 3248 3282 3302 3310 3316 3320 3328 3329 3334 3335 3368 3370 3373 3380 3381 3382 3402 3415 3423 3428 3434 3436 3451 3452 3455 3461 3469 3474 3485 3495 3501 3520 3526 3537 3557 3583 3596 3597 3614 3624 3652 3655 3657 3667 3677 3681 3685 3686 3699 3708 3709 3715 3716 3721 3723 3730 3739 3746 3755 3774 3780 3783 3784 3790 3794 3796 , 6 % 351 , 1
630 1591 1708 1756 1799 1891 1905 1946 1957 2087 2124 2127 2132 2157 2171 2200 2273 2314 2339 2407 2408 2513 2645 2668 2744 2779 2812 2848 2893 2927 2934 2938 3044 3046 3060 3087 3096 3142 3166 3378 3387 3395 3546 3631 3696 3731 3748 3782 3788 3806 , 4 % 50 , 1
40 46 101 112 122 177 185 257 288 296 320 376 392 421 424 442 452 468 481 491 508 527 557 575 633 648 650 668 701 735 769 781 783 806 811 819 823 857 858 877 899 907 932 953 973 995 996 1001 1011 1075 1102 1103 1113 1153 1183 1186 1196 1223 1263 1264 1267 1285 1292 1299 1303 1316 1319 1328 1329 1341 1352 1370 1386 1398 1407 1409 1415 1420 1429 1435 1439 1449 1467 1481 1482 1490 1497 1502 1510 1551 1556 1578 1589 1622 1629 1638 1657 1659 1675 1683 1686 1687 1700 1705 1724 1753 1755 1803 1806 1825 1840 1898 1905 1917 1925 1953 1977 2026 2068 2069 2082 2083 2085 2102 2130 2146 2156 2174 2176 2179 2186 2187 2202 2214 2216 2218 2243 2247 2300 2306 2339 2348 2386 2423 2424 2433 2434 2438 2442 2445 2446 2449 2454 2471 2473 2479 2481 2482 2490 2491 2501 2503 2536 2568 2585 2588 2596 2601 2619 2627 2639 2647 2659 2685 2706 2723 2725 2727 2732 2756 2758 2762 2764 2785 2825 2843 2853 2875 2936 2937 2951 2968 2974 2995 3013 3046 3047 3068 3073 3078 3083 3087 3090 3095 3097 3106 3110 3125 3137 3141 3151 3161 3173 3217 3219 3224 3266 3268 3289 3343 3346 3349 3372 3379 3404 3407 3414 3422 3441 3444 3452 3454 3458 3466 3470 3471 3474 3476 3477 3482 3483 3493 3538 3544 3557 3573 3676 3686 3693 3698 3709 3723 3736 3746 3770 3780 3788 , 5 % 257 , 1
82 103 119 148 149 206 298 327 411 473 477 542 568 628 712 775 821 866 882 883 898 928 975 976 997 1073 1086 1167 1235 1249 1296 1307 1310 1321 1330 1337 1372 1402 1411 1413 1428 1446 1461 1485 1501 1503 1536 1543 1563 1566 1608 1633 1636 1637 1651 1679 1685 1690 1693 1708 1716 1717 1721 1731 1739 1747 1751 1759 1763 1766 1783 1805 1845 1849 1850 1853 1856 1868 1877 1893 1908 1913 1915 1926 1929 1931 1932 1934 1935 1937 1946 1978 1985 1994 2000 2003 2016 2017 2018 2036 2044 2051 2058 2078 2091 2092 2094 2096 2099 2101 2109 2155 2157 2168 2184 2191 2193 2196 2208 2211 2221 2222 2237 2240 2244 2249 2277 2279 2280 2284 2291 2295 2297 2303 2315 2317 2323 2324 2337 2347 2352 2354 2356 2357 2374 2392 2393 2397 2402 2405 2408 2411 2415 2417 2437 2440 2458 2461 2468 2488 2497 2528 2534 2540 2548 2552 2553 2572 2574 2580 2603 2621 2628 2636 2646 2650 2660 2661 2674 2675 2676 2678 2679 2681 2683 2688 2689 2700 2702 2707 2720 2731 2735 2757 2777 2781 2790 2798 2802 2812 2815 2826 2829 2867 2868 2873 2880 2892 2907 2910 2919 2920 2925 2927 2931 2943 2945 2952 2956 2960 2965 3008 3010 3014 3015 3019 3036 3053 3059 3064 3067 3091 3093 3094 3098 3111 3126 3140 3144 3146 3149 3188 3192 3220 3221 3222 3223 3235 3262 3267 3277 3283 3293 3309 3327 3329 3354 3356 3363 3366 3367 3380 3385 3389 3394 3397 3425 3426 3429 3432 3436 3437 3438 3439 3442 3455 3480 3497 3502 3510 3516 3521 3533 3556 3568 3576 3580 3588 3593 3597 3604 3607 3614 3615 3630 3648 3658 3664 3672 3678 3679 3688 3691 3711 3715 3725 3741 3743 3749 3753 3757 3775 3779 3783 3786 3794 3795 , 0 % 317 , 1
2 18 42 52 54 91 103 137 138 151 162 165 166 190 191 192 193 198 199 201 203 216 228 238 244 248 254 255 260 270 275 293 315 325 331 336 343 344 363 369 391 406 408 410 431 446 467 477 490 520 534 535 539 549 591 603 628 648 654 672 675 709 737 739 743 753 756 762 780 783 800 839 852 854 856 857 859 870 875 877 880 885 889 897 907 921 931 946 948 963 976 985 988 992 1000 1004 1008 1022 1040 1057 1064 1104 1107 1110 1130 1135 1140 1146 1165 1183 1200 1213 1222 1235 1241 1249 1261 1275 1319 1325 1341 1349 1350 1376 1377 1379 1383 1398 1409 1412 1415 1418 1436 1442 1446 1453 1462 1469 1488 1490 1495 1506 1507 1515 1522 1538 1542 1547 1551 1553 1562 1566 1582 1590 1602 1604 1614 1645 1668 1990 2274 2283 2321 2358 2379 2393 2399 2486 2538 2612 2616 2671 2798 3037 3179 3263 3270 3344 3406 3537 3651 3660 3706 3746 3747 , 4 % 185 , 1
