62 63 91 92 95 97 104 135 161 163 174 180 185 187 196 202 206 213 228 233 235 236 240 241 243 246 247 249 250 262 265 271 272 277 286 287 288 304 317 320 333 365 379 380 383 386 388 399 423 424 445 446 447 449 450 452 459 460 463 465 467 471 474 475 484 486 487 488 494 497 499 501 502 504 506 512 513 523 530 535 541 543 544 549 556 565 570 572 573 575 582 583 589 594 616 623 624 628 630 643 648 651 659 662 668 673 685 694 696 705 707 726 738 754 756 759 768 780 793 819 862 1089 1158 1170 1201,1 % 125,1
62 63 91 92 95 97 104 135 161 163 174 180 185 187 196 202 206 213 228 233 235 236 240 241 243 246 247 249 250 262 265 271 272 277 286 287 288 304 317 320 333 354 365 377 379 380 383 386 388 399 423 424 436 445 447 449 450 452 459 460 463 465 467 469 471 474 475 479 481 484 486 487 488 494 497 502 504 512 523 543 544 546 549 565 570 573 577 583 589 592 616 623 630 637 639 643 651 659 668 673 685 707 738 740 754 756 759 763 768 780 793 797 819 862 880 904 921 940 1089 1158 1170 1201,2 % 122,1
62 63 91 92 95 97 104 135 161 163 174 180 185 187 196 202 206 213 228 233 235 236 240 241 243 246 247 249 250 262 265 271 272 277 286 287 288 304 317 320 333 365 379 380 383 386 388 399 423 424 445 447 449 450 452 459 460 463 465 467 471 474 475 484 486 487 488 494 497 502 504 512 523 543 544 549 565 570 573 583 589 616 623 630 643 651 659 668 673 685 707 738 754 756 759 768 780 793 819 862 1089 1158 1170 1201,1 2 % 104,2
135 161 163 196 202 233 240 243 246 249 250 262 265 272 277 354 377 379 386 399 423 424 436 445 446 447 449 450 452 459 460 463 465 467 469 471 474 475 479 481 484 486 487 488 494 497 499 501 502 504 506 512 513 523 530 535 541 543 544 546 549 556 565 570 572 573 575 577 582 583 589 592 594 616 623 624 628 637 639 643 648 651 659 662 668 694 696 705 726 740 756 759 763 793 797 819 862 880 904 921 940,0 % 101,1
135 161 163 196 202 233 240 243 246 249 250 262 265 272 277 379 386 399 423 424 445 446 447 449 450 452 459 460 463 465 467 471 474 475 484 486 487 488 494 497 499 501 502 504 506 512 513 523 530 535 541 543 544 549 556 565 570 572 573 575 582 583 589 594 616 623 624 628 643 648 651 659 662 668 694 696 705 726 756 759 793 819 862,0 1 % 83,2
56 70 116 118 140 147 154 155 156 168 170 179 195 217 220 227 231 237 251 255 278 294 301 309 332 341 347 349 350 353 360 361 372 398 410 432 438 444 454 470 476 480 498 505 507 511 533 539 587 593 609 675 690 703 708 709 710 711 712 715 742 755 757 761 781 787 813 831 840 858 872 933 968 1113 1132 1135 1149 1155 1173 1216 1218 1241,2 % 82,1
62 63 91 92 95 97 104 174 180 185 187 206 213 228 235 236 241 247 271 286 287 288 304 317 320 333 354 365 377 380 383 388 436 446 469 479 481 499 501 506 513 530 535 541 546 556 572 575 577 582 592 594 624 628 630 637 639 648 662 673 685 694 696 705 707 726 738 740 754 763 768 780 797 880 904 921 940 1089 1158 1170 1201,3 % 81,1
135 161 163 196 202 233 240 243 246 249 250 262 265 272 277 354 377 379 386 399 423 424 436 445 447 449 450 452 459 460 463 465 467 469 471 474 475 479 481 484 486 487 488 494 497 502 504 512 523 543 544 546 549 565 570 573 577 583 589 592 616 623 637 639 643 651 659 668 740 756 759 763 793 797 819 862 880 904 921 940,0 2 % 80,2
54 151 274 306 316 368 369 371 382 384 406 408 433 491 492 496 500 545 576 588 603 617 620 650 692 693 694 698 699 700 701 702 705 727 729 735 737 738 750 751 754 764 766 771 776 777 778 783 794 808 809 810 811 837 849 889 910 927 938 956 964 994 1004 1076 1080 1093 1099 1139 1161 1168 1199 1209 1211 1215 1228 1286 1302 1312 1324 1328,3 % 80,1
56 70 116 118 140 147 154 155 156 168 170 179 195 217 220 227 231 237 251 255 278 294 301 309 332 341 347 350 353 360 361 372 389 410 414 432 438 444 451 454 470 480 498 505 507 511 521 533 539 542 567 578 585 586 587 606 608 629 682 690 717 742 755 761 781 787 858 968 1113 1132 1135 1149 1155 1173 1216 1218 1241,1 % 77,1
28 33 34 36 39 41 42 44 46 47 50 55 56 59 61 71 74 75 78 82 85 87 91 92 94 99 101 104 109 112 126 136 142 143 149 150 161 162 163 165 182 190 196 200 206 223 243 252 257 266 276 286 288 320 332 336 354 357 367 374 397 431 440 441 447 449 453 477 478 487 714 734 772 925 1019,3 % 75,1
28 33 34 36 39 41 42 44 46 47 50 55 56 59 61 71 74 75 78 82 85 87 91 92 94 99 101 104 109 112 126 136 142 143 149 150 161 162 163 165 182 190 196 200 206 223 243 252 257 266 276 286 288 320 332 336 354 357 367 374 397 431 440 441 447 449 453 477 478 487 714 734 772,0 3 % 73,2
42 126 171 173 229 256 263 293 300 325 329 362 375 390 392 394 426 428 429 472 520 527 550 569 574 610 611 618 625 628 632 645 648 656 663 664 665 666 667 669 673 685 689 695 697 704 714 716 722 723 728 741 746 800 814 823 918 926 932 961 966 969 974 1003 1052 1116 1165 1183 1235 1237 1256 1273 1299,3 % 73,1
84 86 89 90 105 108 111 114 115 116 117 118 121 122 124 131 132 133 137 140 144 146 147 154 155 156 158 164 170 171 173 174 179 180 185 187 195 201 216 222 228 229 240 244 248 254 258 261 265 268 273 299 311 340 349 352 377 381 387 422 424 436 445 456 460 485 497 927 949 957 979 997,3 % 72,1
56 70 116 118 140 147 154 155 156 168 170 179 195 217 220 227 231 237 251 255 278 301 309 341 347 349 350 389 398 414 438 444 451 476 521 542 567 578 585 586 593 606 608 609 629 675 682 703 708 709 710 711 712 715 717 755 757 813 831 840 872 933 968 1113 1132 1135 1149 1155 1173 1216 1218 1241,3 % 72,1
111 115 122 123 148 176 232 254 258 285 290 328 330 339 359 412 421 427 443 462 489 501 519 522 540 554 566 596 612 615 619 631 636 641 657 670 677 678 679 680 681 683 684 691 732 734 743 745 762 773 786 788 822 841 848 864 896 903 928 930 937 951 988 1103 1156 1169 1187 1219 1225 1236 1239,3 % 71,1
84 86 89 90 105 108 111 114 115 116 117 118 121 122 124 131 132 133 137 140 144 146 147 154 155 156 158 164 170 171 173 174 179 180 185 187 195 201 216 222 228 229 240 244 248 254 258 261 265 268 273 299 311 340 349 352 377 381 387 422 424 436 445 456 460 485 497,0 3 % 67,2
54 107 123 139 148 168 172 176 181 186 189 191 193 212 213 217 220 227 230 231 237 238 239 241 251 255 259 263 271 284 287 291 294 297 301 304 322 323 333 338 345 346 355 356 372 386 389 398 399 452 457 459 467 474 475 479 583 689 771 777 784 810 820 926 938,3 % 65,1
111 115 122 123 148 176 232 254 258 285 290 327 328 330 339 345 359 391 412 418 427 501 519 525 546 567 577 596 612 615 630 670 677 678 679 680 681 691 707 732 739 743 773 786 788 822 841 848 864 896 903 928 930 937 951 988 1103 1156 1169 1187 1219 1225 1236 1239,2 % 64,1
54 107 123 139 148 168 172 176 181 186 189 191 193 212 213 217 220 227 230 231 237 238 239 241 251 255 259 263 271 284 287 291 294 297 301 304 322 323 333 338 345 346 355 356 372 386 389 398 399 452 457 459 467 474 475 479 583 689 771 777 784 810 820,0 3 % 63,2
62 63 91 92 95 97 104 174 180 185 187 206 213 228 235 236 241 247 271 286 287 288 304 317 320 333 365 380 383 388 446 499 501 506 513 530 535 541 556 572 575 582 594 624 628 630 648 662 673 685 694 696 705 707 726 738 754 768 780 1089 1158 1170 1201,1 3 % 63,2
56 70 116 118 140 147 154 155 156 168 170 179 195 217 220 227 231 237 251 255 278 294 301 309 332 341 347 350 353 360 361 372 410 432 438 444 454 470 480 498 505 507 511 533 539 587 690 742 755 761 781 787 858 968 1113 1132 1135 1149 1155 1173 1216 1218 1241,1 2 % 63,2
54 151 274 306 316 369 382 384 408 433 491 492 496 500 541 545 576 588 603 617 692 693 727 729 735 737 750 751 764 766 771 776 777 778 783 808 809 810 811 849 889 910 927 938 956 1004 1076 1080 1093 1099 1139 1161 1168 1199 1209 1211 1215 1228 1286 1302 1312 1324 1328,1 % 63,1
111 115 122 123 148 176 232 254 258 285 290 327 328 330 339 345 359 391 412 418 421 427 443 462 489 501 522 525 540 546 554 566 567 577 619 630 631 636 641 657 683 684 707 734 739 745 762 773 786 822 841 903 930 937 1103 1156 1169 1187 1219 1225 1236 1239,1 % 62,1
135 161 163 196 202 233 240 243 246 249 250 262 265 272 277 379 386 399 423 424 445 447 449 450 452 459 460 463 465 467 471 474 475 484 486 487 488 494 497 502 504 512 523 543 544 549 565 570 573 583 589 616 623 643 651 659 668 756 759 793 819 862,0 1 2 % 62,3
54 151 274 306 316 369 382 384 408 433 491 492 496 500 545 576 588 603 617 692 693 727 729 735 737 750 751 764 766 771 776 777 778 783 808 809 810 811 849 889 910 927 938 956 1004 1076 1080 1093 1099 1139 1161 1168 1199 1209 1211 1215 1228 1286 1302 1312 1324 1328,1 3 % 62,2
62 63 91 92 95 97 104 174 180 185 187 206 213 228 235 236 241 247 271 286 287 288 304 317 320 333 354 365 377 380 383 388 436 469 479 481 546 577 592 630 637 639 673 685 707 738 740 754 763 768 780 797 880 904 921 940 1089 1158 1170 1201,2 3 % 60,2
166 303 357 362 369 385 387 401 415 417 427 434 435 437 438 441 442 444 448 456 461 464 468 472 473 483 492 508 510 516 529 534 536 548 571 580 584 591 596 597 598 602 609 610 615 620 625 626 627 632 646 650 671 796 799 855 856 863 865 920,0 % 60,1
128 194 211 343 435 442 473 481 531 538 547 558 595 653 658 675 676 696 726 747 755 768 770 775 780 784 798 799 820 825 828 835 838 846 857 868 901 1063 1104 1121 1133 1134 1145 1167 1178 1181 1198 1217 1229 1234 1246 1249 1250 1260 1275 1292 1298 1321 1333 1334,3 % 60,1
683 692 716 728 740 741 751 763 776 798 800 806 808 809 811 812 817 823 832 837 838 839 845 849 850 861 867 873 875 882 884 886 889 893 942 947 951 953 956 961 969 974 996 1002 1003 1004 1012 1013 1024 1046 1052 1063 1066 1089 1098 1108 1123 1148 1153,1 % 59,1
530 573 578 582 585 586 587 613 619 626 629 634 641 657 659 662 668 669 671 682 684 693 723 727 731 745 746 762 764 765 769 770 775 778 792 795 801 805 816 821 824 825 826 828 834 842 844 872 903 918 928 930 932 937 939 960 966 1008,0 % 58,1
151 194 209 211 232 256 275 278 285 289 290 300 302 309 312 313 316 317 319 329 330 334 339 341 350 353 360 361 376 378 388 395 411 414 419 429 443 466 476 486 488 504 517 520 525 526 531 534 539 554 565 570 579 595 690 779 818 843,3 % 58,1
56 70 116 118 140 147 154 155 156 168 170 179 195 217 220 227 231 237 251 255 278 301 309 341 347 349 350 398 438 444 476 593 609 675 703 708 709 710 711 712 715 755 757 813 831 840 872 933 968 1113 1132 1135 1149 1155 1173 1216 1218 1241,2 3 % 58,2
294 332 349 353 360 361 372 389 398 410 414 432 451 454 470 476 480 498 505 507 511 521 533 539 542 567 578 585 586 587 593 606 608 609 629 675 682 690 703 708 709 710 711 712 715 717 742 757 761 781 787 813 831 840 858 872 933,0 % 57,1
151 194 209 211 232 256 275 278 285 289 290 300 302 309 312 313 316 317 319 329 330 334 339 341 350 353 360 361 376 378 388 395 411 414 419 429 443 466 476 486 488 504 517 520 525 526 531 534 539 554 565 579 595 779 818 843,0 3 % 56,2
606 683 692 716 728 740 741 751 763 776 798 800 806 807 808 809 811 812 817 823 832 837 838 839 845 849 850 861 867 873 875 882 884 886 889 893 941 942 947 951 953 956 961 969 974 996 1002 1003 1004 1012 1013 1024 1046 1052 1063 1089,0 % 56,1
306 308 318 321 324 325 328 343 351 368 371 375 382 384 392 406 412 413 425 433 439 455 470 494 495 502 505 507 515 524 533 543 544 559 564 566 568 569 599 600 601 612 634 730 829 851 860 866 871 897 900 907 909 913 916,0 % 55,1
578 582 586 619 629 634 641 657 669 671 682 684 693 723 727 731 745 746 762 764 769 770 775 778 792 795 801 805 816 821 824 825 826 828 834 842 844 872 903 918 928 930 932 937 939 943 960 966 1008 1027 1037 1194 1232 1251 1269,1 % 55,1
581 742 744 766 783 794 830 833 835 846 847 848 853 857 868 883 885 887 888 894 901 902 908 910 911 924 931 952 958 964 970 971 977 990 992 998 1000 1006 1047 1058 1072 1075 1077 1078 1085 1093 1094 1114 1115 1121 1132 1133 1145 1155 1159,2 % 55,1
119 166 292 303 336 362 369 385 401 415 427 434 435 437 441 442 448 456 461 464 468 472 473 483 508 510 516 529 534 536 548 571 580 584 591 593 596 597 598 602 609 610 615 620 625 626 627 632 646 650 691 697 796 814 978,1 % 55,1
42 126 171 173 229 256 263 293 300 325 362 375 392 425 426 428 429 472 499 520 527 550 569 574 611 618 645 656 669 689 704 714 716 722 723 728 741 746 814 823 918 926 966 969 974 1003 1052 1116 1165 1183 1235 1237 1256 1273 1299,1 % 55,1
530 573 578 582 585 586 587 613 619 626 629 634 641 657 659 662 668 669 671 682 684 693 723 727 731 745 746 762 764 765 769 770 775 778 792 821 825 826 828 834 872 918 928 930 932 937 943 966 1027 1037 1194 1232 1251 1269,2 % 54,1
111 115 122 123 148 176 232 254 258 285 290 328 330 339 359 412 427 501 519 596 612 615 670 677 678 679 680 681 691 732 743 773 786 788 822 841 848 864 896 903 928 930 937 951 988 1103 1156 1169 1187 1219 1225 1236 1239,2 3 % 53,2
42 126 171 173 229 256 263 293 300 325 362 375 392 426 428 429 472 520 527 550 569 574 611 618 645 656 669 689 704 714 716 722 723 728 741 746 814 823 918 926 966 969 974 1003 1052 1116 1165 1183 1235 1237 1256 1273 1299,1 3 % 53,2
683 692 716 728 740 741 751 763 776 798 800 806 808 809 811 812 817 823 832 837 838 839 845 849 850 861 867 873 875 882 884 886 889 893 942 947 951 953 956 961 969 974 996 1002 1003 1004 1012 1013 1024 1046 1052 1063 1089,0 1 % 53,2
56 70 116 118 140 147 154 155 156 168 170 179 195 217 220 227 231 237 251 255 278 301 309 341 347 350 389 414 438 444 451 521 542 567 578 585 586 606 608 629 682 717 755 968 1113 1132 1135 1149 1155 1173 1216 1218 1241,1 3 % 53,2
581 742 744 766 783 794 830 833 835 846 847 848 853 857 868 883 885 887 888 894 901 902 908 910 911 924 931 952 958 964 970 971 977 990 992 998 1000 1006 1047 1058 1065 1072 1075 1077 1078 1085 1093 1115 1121 1132 1133 1145 1155,0 % 53,1
306 308 318 325 328 343 368 371 375 382 384 392 406 412 413 425 433 455 470 494 495 502 505 507 515 524 533 543 544 559 564 566 568 569 592 599 600 601 612 634 730 829 851 860 866 871 897 900 907 909 913 916,3 % 52,1
581 742 744 766 783 794 830 833 835 846 847 848 853 857 868 883 885 887 888 894 901 902 908 910 911 924 931 952 958 964 970 971 977 990 992 998 1000 1006 1047 1058 1072 1075 1077 1078 1085 1093 1115 1121 1132 1133 1145 1155,0 2 % 52,2
306 308 318 325 328 343 368 371 375 382 384 392 406 412 413 425 433 455 470 494 495 502 505 507 515 524 533 543 544 559 564 566 568 569 599 600 601 612 634 730 829 851 860 866 871 897 900 907 909 913 916,0 3 % 51,2
111 115 122 123 148 176 232 254 258 285 290 328 330 339 359 412 421 427 443 462 489 501 522 540 554 566 619 631 636 641 657 683 684 734 745 762 773 786 822 841 903 930 937 1103 1156 1169 1187 1219 1225 1236 1239,1 3 % 51,2
606 683 692 716 728 740 741 751 763 776 798 800 807 808 809 811 823 837 838 839 845 849 850 867 873 882 884 889 893 941 942 947 951 953 956 961 969 974 996 1003 1004 1046 1052 1063 1066 1089 1098 1108 1123 1148 1153,2 % 51,1
42 126 171 173 229 256 263 293 300 325 329 362 375 390 392 394 425 472 499 610 625 628 632 648 663 664 665 666 667 673 685 695 697 800 918 932 961 966 969 974 1003 1052 1116 1165 1183 1235 1237 1256 1273 1299,2 % 50,1
368 371 406 491 492 496 500 541 545 576 588 603 617 620 650 692 693 694 698 699 700 701 702 705 727 729 735 737 738 750 751 754 764 766 771 776 777 778 783 794 808 809 810 811 837 849 927 938 964 994,0 % 50,1
54 151 274 306 316 368 369 371 382 384 406 408 433 541 620 650 694 698 699 700 701 702 705 738 754 794 837 889 910 956 964 994 1004 1076 1080 1093 1099 1139 1161 1168 1199 1209 1211 1215 1228 1286 1302 1312 1324 1328,2 % 50,1
119 292 336 357 362 369 387 417 427 434 437 438 444 448 472 483 492 508 529 536 548 580 584 591 593 596 597 598 602 609 610 615 620 625 626 627 632 646 650 671 691 697 799 814 855 856 863 865 920 978,3 % 50,1
368 371 406 491 492 496 500 545 576 588 603 617 620 650 692 693 694 698 699 700 701 702 705 727 729 735 737 738 750 751 754 764 766 771 776 777 778 783 794 808 809 810 811 837 849 927 938 964 994,0 3 % 49,2
327 345 391 418 421 443 462 489 519 522 525 540 546 554 566 567 577 596 612 615 619 630 631 636 641 657 670 677 678 679 680 681 683 684 691 707 732 734 739 743 745 762 788 848 864 896 928 951 988,0 % 49,1
54 151 274 306 316 368 369 371 382 384 406 408 433 620 650 694 698 699 700 701 702 705 738 754 794 837 889 910 956 964 994 1004 1076 1080 1093 1099 1139 1161 1168 1199 1209 1211 1215 1228 1286 1302 1312 1324 1328,2 3 % 49,2
480 508 513 515 529 535 536 548 550 571 572 575 580 591 597 598 627 645 670 677 678 679 680 681 695 703 704 715 722 732 733 737 743 749 752 757 767 788 797 827 836 841 919 922 924 931 934 978,0 % 48,1
683 692 716 728 740 741 751 763 776 798 800 808 809 811 823 837 838 839 845 849 850 867 873 882 884 889 893 942 947 951 953 956 961 969 974 996 1003 1004 1046 1052 1063 1066 1089 1098 1108 1123 1148 1153,1 2 % 48,2
128 194 211 481 538 547 558 595 637 653 658 675 676 747 770 775 784 798 799 820 835 838 846 868 901 1063 1104 1121 1133 1134 1145 1167 1178 1181 1198 1217 1229 1234 1246 1249 1250 1260 1275 1292 1298 1321 1333 1334,1 % 48,1
578 582 586 619 629 634 641 657 669 671 682 684 693 723 727 731 745 746 762 764 769 770 775 778 792 795 801 805 816 821 824 825 826 828 834 842 844 872 903 918 928 930 932 937 939 960 966 1008,0 1 % 48,2
42 126 171 173 229 256 263 293 300 325 329 362 375 390 392 394 472 610 625 628 632 648 663 664 665 666 667 673 685 695 697 800 918 932 961 966 969 974 1003 1052 1116 1165 1183 1235 1237 1256 1273 1299,2 3 % 48,2
128 218 234 274 280 293 314 327 347 359 365 370 379 380 383 390 391 394 408 410 418 428 450 451 454 462 493 509 519 523 537 540 545 555 557 560 574 594 611 616 617 623 643 651 852 1029 1193 1310,3 % 48,1
329 390 394 425 426 428 429 499 520 527 550 569 574 610 611 618 625 628 632 645 648 656 663 664 665 666 667 669 673 685 689 695 697 704 714 716 722 723 728 741 746 800 814 823 926 932 961,0 % 47,1
480 508 513 515 529 535 536 548 550 571 572 575 580 591 597 598 627 645 670 695 703 704 715 722 732 733 737 743 757 767 788 797 841 934 971 975 1011 1060 1082 1083 1092 1095 1096 1102 1120 1126 1142,2 % 47,1
128 194 211 481 538 547 558 595 653 658 675 676 747 770 775 784 798 799 820 835 838 846 868 901 1063 1104 1121 1133 1134 1145 1167 1178 1181 1198 1217 1229 1234 1246 1249 1250 1260 1275 1292 1298 1321 1333 1334,1 3 % 47,2
166 303 362 369 385 401 415 427 434 435 437 441 442 448 456 461 464 468 472 473 483 508 510 516 529 534 536 548 571 580 584 591 596 597 598 602 609 610 615 620 625 626 627 632 646 650 796,0 1 % 47,2
530 573 578 582 585 586 587 613 619 626 629 634 641 657 659 662 668 669 671 682 684 693 723 727 731 745 746 762 764 765 769 770 775 778 792 821 825 826 828 834 872 918 928 930 932 937 966,0 2 % 47,2
28 36 39 41 42 44 46 56 75 78 82 85 87 94 99 101 112 142 149 161 162 163 165 190 196 206 243 266 332 367 374 397 431 440 441 447 449 453 477 478 487 714 734 772 925 1019,2 3 % 46,2
84 86 89 90 108 111 114 115 116 118 131 133 144 147 156 170 173 174 179 185 195 216 228 229 240 244 248 254 258 261 273 299 311 340 349 377 387 424 436 456 927 949 957 979 997,1 3 % 45,2
508 513 529 535 536 645 670 677 678 679 680 681 695 703 704 715 722 732 737 743 749 752 757 788 797 827 836 919 922 924 931 971 975 978 1011 1060 1082 1083 1092 1095 1096 1102 1120 1126 1142,1 % 45,1
329 390 394 426 428 429 520 527 550 569 574 610 611 618 625 628 632 645 648 656 663 664 665 666 667 669 673 685 689 695 697 704 714 716 722 723 728 741 746 800 814 823 926 932 961,0 3 % 45,2
606 683 692 716 728 740 741 751 763 776 798 800 807 808 809 811 823 837 838 839 845 849 850 867 873 882 884 889 893 941 942 947 951 953 956 961 969 974 996 1003 1004 1046 1052 1063 1089,0 2 % 45,2
128 218 234 274 280 293 298 314 327 347 359 365 370 379 380 383 390 391 394 408 410 418 428 450 451 454 462 493 509 519 523 537 540 545 555 557 560 574 594 611 616 617 643 852,0 % 44,1
0 26 35 37 38 45 48 51 52 62 63 65 66 70 83 95 97 127 135 157 175 183 188 233 235 236 247 249 250 272 277 279 283 292 295 307 315 324 326 401 407 430 484 1009,3 % 44,1
28 36 39 41 42 44 46 56 75 78 82 85 87 94 99 101 112 142 149 161 162 163 165 190 196 206 243 266 332 367 374 397 431 440 441 447 449 453 477 478 487 714 734 772,0 2 3 % 44,3
111 115 122 123 148 176 232 254 258 285 290 327 328 330 339 345 359 391 412 418 427 501 525 546 567 577 630 707 739 773 786 822 841 903 930 937 1103 1156 1169 1187 1219 1225 1236 1239,1 2 % 44,2
308 432 511 512 549 555 559 560 564 584 589 602 624 646 717 829 845 850 867 869 883 887 894 902 905 908 911 915 917 941 950 958 962 990 1022 1029 1077 1081 1088 1090 1233 1255 1285 1287,3 % 44,1
578 582 586 619 629 634 641 657 669 671 682 684 693 723 727 731 745 746 762 764 769 770 775 778 792 821 825 826 828 834 872 918 928 930 932 937 943 966 1027 1037 1194 1232 1251 1269,1 2 % 44,2
318 434 437 461 463 465 469 483 495 510 516 517 526 557 639 773 779 786 821 822 826 830 833 847 853 859 873 882 884 885 888 891 892 898 912 998 1046 1058 1067 1075 1078 1122 1137,3 % 43,1
0 26 35 37 38 45 48 51 52 62 63 65 66 70 83 95 97 127 135 157 175 183 188 233 235 236 247 249 250 272 277 279 283 292 295 307 315 324 326 401 407 430 484,0 3 % 43,2
480 515 548 550 571 572 575 580 591 597 598 627 677 678 679 680 681 733 749 752 767 827 836 841 919 922 924 931 934 971 975 978 1011 1060 1082 1083 1092 1095 1096 1102 1120 1126 1142,3 % 43,1
294 332 349 353 360 361 372 398 410 432 454 470 476 480 498 505 507 511 533 539 587 593 609 675 690 703 708 709 710 711 712 715 742 757 761 781 787 813 831 840 858 872 933,0 2 % 43,2
128 218 234 274 280 293 314 327 347 359 365 370 379 380 383 390 391 394 408 410 418 428 450 451 454 462 493 509 519 523 537 540 545 555 557 560 574 594 611 616 617 643 852,0 3 % 43,2
128 194 211 343 435 442 473 481 531 637 696 726 755 768 780 825 828 857 901 1063 1104 1121 1133 1134 1145 1167 1178 1181 1198 1217 1229 1234 1246 1249 1250 1260 1275 1292 1298 1321 1333 1334,2 % 42,1
683 692 716 728 740 741 751 763 776 798 800 808 809 811 823 837 838 839 845 849 850 867 873 882 884 889 893 942 947 951 953 956 961 969 974 996 1003 1004 1046 1052 1063 1089,0 1 2 % 42,3
62 63 91 92 95 97 104 174 180 185 187 206 213 228 235 236 241 247 271 286 287 288 304 317 320 333 365 380 383 388 630 673 685 707 738 754 768 780 1089 1158 1170 1201,1 2 3 % 42,3
357 362 369 387 417 427 434 437 438 444 448 472 483 492 508 529 536 548 580 584 591 596 597 598 602 609 610 615 620 625 626 627 632 646 650 671 799 855 856 863 865 920,0 3 % 42,2
128 194 211 343 435 442 473 481 531 696 726 755 768 780 825 828 857 901 1063 1104 1121 1133 1134 1145 1167 1178 1181 1198 1217 1229 1234 1246 1249 1250 1260 1275 1292 1298 1321 1333 1334,2 3 % 41,2
54 107 123 139 148 168 172 176 181 189 191 212 220 231 238 239 241 251 259 284 287 291 294 333 345 356 386 389 399 457 467 583 689 771 777 784 810 820 926 938,2 3 % 40,2
84 86 89 90 108 111 114 115 116 118 131 133 144 147 156 170 173 174 179 185 195 216 228 229 240 244 248 254 258 261 273 299 311 340 349 377 387 424 436 456,0 1 3 % 40,3
766 783 794 833 835 846 847 848 857 868 885 887 888 901 910 964 970 977 990 992 998 1000 1006 1047 1058 1065 1072 1077 1085 1093 1094 1114 1115 1121 1132 1133 1145 1155 1159,1 % 39,1
119 166 292 303 336 357 385 387 401 415 417 435 438 441 442 444 456 461 464 468 473 492 510 516 534 571 593 671 691 697 796 799 814 855 856 863 865 920 978,2 % 39,1
354 377 436 446 469 479 481 499 501 506 513 530 535 541 546 556 572 575 577 582 592 594 624 628 637 639 648 662 694 696 705 726 740 763 797 880 904 921 940,0 3 % 39,2
56 70 116 118 140 147 154 155 156 168 170 179 195 217 220 227 231 237 251 255 278 301 309 341 347 350 438 444 755 968 1113 1132 1135 1149 1155 1173 1216 1218 1241,1 2 3 % 39,3
421 443 462 489 519 522 540 554 566 596 612 615 619 631 636 641 657 670 677 678 679 680 681 683 684 691 732 734 743 745 762 788 848 864 896 928 951 988,0 3 % 38,2
766 783 794 833 835 846 847 848 857 868 885 887 888 901 910 964 970 977 990 992 998 1000 1006 1047 1058 1072 1077 1085 1093 1094 1114 1115 1121 1132 1133 1145 1155 1159,1 2 % 38,2
294 332 353 360 361 372 389 410 414 432 451 454 470 480 498 505 507 511 521 533 539 542 567 578 585 586 587 606 608 629 682 690 717 742 761 781 787 858,0 1 % 38,2
54 107 123 139 148 168 172 176 181 189 191 212 220 231 238 239 241 251 259 284 287 291 294 333 345 356 386 389 399 457 467 583 689 771 777 784 810 820,0 2 3 % 38,3
578 582 586 619 629 634 641 657 669 671 682 684 693 723 727 731 745 746 762 764 769 770 775 778 792 821 825 826 828 834 872 918 928 930 932 937 966,0 1 2 % 37,3
119 292 336 362 369 427 434 437 448 472 483 508 529 536 548 580 584 591 593 596 597 598 602 609 610 615 620 625 626 627 632 646 650 691 697 814 978,1 3 % 37,2
747 827 836 859 869 891 892 898 905 912 915 917 919 922 943 975 1067 1076 1080 1081 1083 1088 1090 1092 1095 1099 1102 1104 1122 1126 1137 1139 1149 1167 1168 1169,0 2 % 36,2
766 783 794 833 835 846 847 848 857 868 885 887 888 901 910 964 970 977 990 992 998 1000 1006 1047 1058 1065 1072 1077 1085 1093 1115 1121 1132 1133 1145 1155,0 1 % 36,2
318 434 437 461 463 465 469 483 495 510 516 517 526 557 663 664 665 666 667 773 786 822 859 873 882 884 891 898 998 1046 1058 1067 1075 1078 1122 1137,2 % 36,1
432 511 512 549 555 559 560 564 584 589 602 624 646 698 699 700 701 702 717 829 845 850 867 869 883 887 894 902 905 908 911 915 917 950 962 1029,0 % 36,1
766 783 794 833 835 846 847 848 857 868 885 887 888 901 910 964 970 977 990 992 998 1000 1006 1047 1058 1072 1077 1085 1093 1115 1121 1132 1133 1145 1155,0 1 2 % 35,3
480 508 513 515 529 535 536 548 550 571 572 575 580 591 597 598 627 645 670 695 703 704 715 722 732 733 737 743 757 767 788 797 841 934,0 2 % 34,2
308 432 511 512 549 555 559 560 564 584 589 602 624 646 698 699 700 701 702 717 941 950 958 962 990 1022 1077 1081 1088 1090 1233 1255 1285 1287,2 % 34,1
437 461 463 465 483 495 510 516 517 526 557 639 663 664 665 666 667 773 779 786 821 822 826 830 833 847 853 859 885 888 891 892 898 912,0 % 34,1
128 218 234 274 280 298 314 347 383 391 408 428 450 451 454 462 493 509 523 537 540 545 574 594 611 616 617 623 643 651 852 1029 1193 1310,2 % 34,1
308 698 699 700 701 702 829 845 850 867 869 883 887 894 902 905 908 911 915 917 941 958 990 1022 1029 1077 1081 1088 1090 1233 1255 1285 1287,1 % 33,1
343 435 442 473 531 538 547 558 595 637 653 658 675 676 696 726 747 755 768 770 775 780 784 798 799 820 825 828 835 838 846 857 868,0 % 33,1
111 115 122 123 148 176 232 254 258 285 290 328 330 339 359 412 427 501 773 786 822 841 903 930 937 1103 1156 1169 1187 1219 1225 1236 1239,1 2 3 % 33,3
349 389 398 414 451 476 521 542 567 578 585 586 593 606 608 609 629 675 682 703 708 709 710 711 712 715 717 757 813 831 840 872 933,0 3 % 33,2
128 218 234 274 280 314 347 383 391 408 428 450 451 454 462 493 509 523 537 540 545 574 594 611 616 617 623 643 651 852 1029 1193 1310,2 3 % 33,2
308 318 321 324 351 413 425 433 439 470 494 502 507 566 568 569 592 599 600 601 634 730 829 851 860 866 871 897 900 907 909 913 916,2 % 33,1
491 492 496 500 541 545 576 588 603 617 692 693 727 729 735 737 750 751 764 766 771 776 777 778 783 808 809 810 811 849 927 938,0 1 % 32,2
209 232 256 275 278 290 300 309 319 329 330 339 341 353 360 361 376 378 395 411 466 476 486 488 504 517 526 531 539 565 570 690,1 3 % 32,2
508 513 529 535 536 645 670 677 678 679 680 681 695 703 704 715 722 732 737 743 749 752 757 788 797 827 836 919 922 924 931 978,0 1 % 32,2
343 435 442 473 531 538 547 558 595 653 658 675 676 696 726 747 755 768 770 775 780 784 798 799 820 825 828 835 838 846 857 868,0 3 % 32,2
308 318 321 324 351 413 425 433 439 470 494 502 507 566 568 569 599 600 601 634 730 829 851 860 866 871 897 900 907 909 913 916,0 2 % 32,2
105 117 121 122 124 132 137 140 146 154 155 158 164 171 180 187 201 222 265 268 352 381 422 445 460 485 497 927 949 957 979 997,2 3 % 32,2
54 151 274 306 316 369 382 384 408 433 541 889 910 956 1004 1076 1080 1093 1099 1139 1161 1168 1199 1209 1211 1215 1228 1286 1302 1312 1324 1328,1 2 % 32,2
327 345 391 418 519 525 546 567 577 596 612 615 630 670 677 678 679 680 681 691 707 732 739 743 788 848 864 896 928 951 988,0 2 % 31,2
318 434 437 461 463 465 469 483 495 510 516 517 526 557 773 786 822 859 873 882 884 891 898 998 1046 1058 1067 1075 1078 1122 1137,2 3 % 31,2
432 511 512 549 555 559 560 564 584 589 602 624 646 717 829 845 850 867 869 883 887 894 902 905 908 911 915 917 950 962 1029,0 3 % 31,2
491 492 496 500 545 576 588 603 617 692 693 727 729 735 737 750 751 764 766 771 776 777 778 783 808 809 810 811 849 927 938,0 1 3 % 31,3
166 303 357 385 387 401 415 417 435 438 441 442 444 456 461 464 468 473 492 510 516 534 571 671 796 799 855 856 863 865 920,0 2 % 31,2
508 513 529 535 536 645 670 695 703 704 715 722 732 737 743 757 788 797 971 975 1011 1060 1082 1083 1092 1095 1096 1102 1120 1126 1142,1 2 % 31,2
33 34 47 50 55 59 61 71 74 91 92 104 109 126 136 143 150 182 200 223 252 257 276 286 288 320 336 354 357 925 1019,1 3 % 31,2
54 151 274 306 316 369 382 384 408 433 889 910 956 1004 1076 1080 1093 1099 1139 1161 1168 1199 1209 1211 1215 1228 1286 1302 1312 1324 1328,1 2 3 % 31,3
318 434 469 639 663 664 665 666 667 779 821 826 830 833 847 853 873 882 884 885 888 892 912 998 1046 1058 1067 1075 1078 1122 1137,1 % 31,1
480 515 548 550 571 572 575 580 591 597 598 627 677 678 679 680 681 733 749 752 767 827 836 841 919 922 924 931 934 978,0 3 % 30,2
209 232 256 275 278 290 300 309 319 329 330 339 341 353 360 361 376 378 395 411 466 476 486 488 504 517 526 531 539 565,0 1 3 % 30,3
42 126 171 173 229 256 263 293 300 325 362 375 392 425 472 499 918 966 969 974 1003 1052 1116 1165 1183 1235 1237 1256 1273 1299,1 2 % 30,2
327 345 391 418 421 443 462 489 522 525 540 546 554 566 567 577 619 630 631 636 641 657 683 684 707 734 739 745 762,0 1 % 29,2
437 461 463 465 483 495 510 516 517 526 557 639 773 779 786 821 822 826 830 833 847 853 859 885 888 891 892 898 912,0 3 % 29,2
33 34 47 50 55 59 61 71 74 91 92 104 109 126 136 143 150 182 200 223 252 257 276 286 288 320 336 354 357,0 1 3 % 29,3
480 515 548 550 571 572 575 580 591 597 598 627 733 767 841 934 971 975 1011 1060 1082 1083 1092 1095 1096 1102 1120 1126 1142,2 3 % 29,2
128 218 234 274 280 298 314 347 383 391 408 428 450 451 454 462 493 509 523 537 540 545 574 594 611 616 617 643 852,0 2 % 29,2
308 432 511 512 549 555 559 560 564 584 589 602 624 646 717 941 950 958 962 990 1022 1077 1081 1088 1090 1233 1255 1285 1287,2 3 % 29,2
308 318 413 425 433 470 494 502 507 566 568 569 592 599 600 601 634 730 829 851 860 866 871 897 900 907 909 913 916,2 3 % 29,2
6 12 14 15 32 40 43 49 53 58 64 67 68 73 76 79 80 98 102 106 129 202 207 215 219 224 246 305 393,0 3 % 29,2
362 369 427 434 437 448 472 483 508 529 536 548 580 584 591 596 597 598 602 609 610 615 620 625 626 627 632 646 650,0 1 3 % 29,3
128 194 211 481 637 901 1063 1104 1121 1133 1134 1145 1167 1178 1181 1198 1217 1229 1234 1246 1249 1250 1260 1275 1292 1298 1321 1333 1334,1 2 % 29,2
128 218 234 274 280 314 347 383 391 408 428 450 451 454 462 493 509 523 537 540 545 574 594 611 616 617 643 852,0 2 3 % 28,3
42 126 171 173 229 256 263 293 300 325 362 375 392 472 918 966 969 974 1003 1052 1116 1165 1183 1235 1237 1256 1273 1299,1 2 3 % 28,3
308 829 845 850 867 869 883 887 894 902 905 908 911 915 917 941 958 990 1022 1029 1077 1081 1088 1090 1233 1255 1285 1287,1 3 % 28,2
530 573 585 587 613 626 659 662 668 765 795 801 805 816 824 842 844 903 939 943 960 1008 1027 1037 1194 1232 1251 1269,3 % 28,1
128 194 211 481 901 1063 1104 1121 1133 1134 1145 1167 1178 1181 1198 1217 1229 1234 1246 1249 1250 1260 1275 1292 1298 1321 1333 1334,1 2 3 % 28,3
308 318 413 425 433 470 494 502 507 566 568 569 599 600 601 634 730 829 851 860 866 871 897 900 907 909 913 916,0 2 3 % 28,3
306 321 324 325 328 343 351 368 371 375 382 384 392 406 412 439 455 495 505 515 524 533 543 544 559 564 592 612,1 % 28,1
151 194 211 285 289 302 312 313 316 317 334 350 388 414 419 429 443 520 525 534 554 570 579 595 690 779 818 843,2 3 % 28,2
105 117 121 122 124 132 137 140 146 154 155 158 164 171 180 187 201 222 265 268 352 381 422 445 460 485 497,0 2 3 % 27,3
186 193 213 217 227 230 237 255 263 271 297 301 304 322 323 338 346 355 372 398 452 459 474 475 479 926 938,1 3 % 27,2
677 678 679 680 681 749 752 827 836 919 922 924 931 971 975 978 1011 1060 1082 1083 1092 1095 1096 1102 1120 1126 1142,1 3 % 27,2
306 321 324 325 328 343 351 368 371 375 382 384 392 406 412 439 455 495 505 515 524 533 543 544 559 564 612,0 1 % 27,2
425 426 428 429 499 520 527 550 569 574 611 618 645 656 669 689 704 714 716 722 723 728 741 746 814 823 926,0 1 % 27,2
119 166 292 303 336 385 401 415 435 441 442 456 461 464 468 473 510 516 534 571 593 691 697 796 814 978,1 2 % 26,2
151 194 211 285 289 302 312 313 316 317 334 350 388 414 419 429 443 520 525 534 554 579 595 779 818 843,0 2 3 % 26,3
318 434 469 639 779 821 826 830 833 847 853 873 882 884 885 888 892 912 998 1046 1058 1067 1075 1078 1122 1137,1 3 % 26,2
426 428 429 520 527 550 569 574 611 618 645 656 669 689 704 714 716 722 723 728 741 746 814 823 926,0 1 3 % 25,3
186 193 213 217 227 230 237 255 263 271 297 301 304 322 323 338 346 355 372 398 452 459 474 475 479,0 1 3 % 25,3
294 332 353 360 361 372 410 432 454 470 480 498 505 507 511 533 539 587 690 742 761 781 787 858,0 1 2 % 24,3
306 325 328 343 368 371 375 382 384 392 406 412 455 495 505 515 524 533 543 544 559 564 592 612,1 3 % 24,2
306 325 328 343 368 371 375 382 384 392 406 412 455 495 505 515 524 533 543 544 559 564 612,0 1 3 % 23,3
63 95 97 135 157 175 183 233 249 250 272 277 279 283 295 307 315 326 401 407 430 484 1009,2 3 % 23,2
329 390 394 425 499 610 625 628 632 648 663 664 665 666 667 673 685 695 697 800 932 961,0 2 % 22,2
0 26 35 37 38 45 48 51 52 62 65 66 70 83 127 188 235 236 247 292 324 1009,1 3 % 22,2
437 461 463 465 483 495 510 516 517 526 557 663 664 665 666 667 773 786 822 859 891 898,0 2 % 22,2
63 95 97 135 157 175 183 233 249 250 272 277 279 283 295 307 315 326 401 407 430 484,0 2 3 % 22,3
432 511 512 549 555 559 560 564 584 589 602 624 646 698 699 700 701 702 717 950 962,0 2 % 21,2
119 292 336 357 387 417 438 444 492 593 671 691 697 799 814 855 856 863 865 920 978,2 3 % 21,2
293 298 327 359 365 370 379 380 390 394 410 418 519 555 557 560 623 651 1029 1193 1310,1 % 21,1
530 573 585 587 613 626 659 662 668 765 795 801 805 816 824 842 844 903 939 960 1008,0 3 % 21,2
446 499 501 506 513 530 535 541 556 572 575 582 594 624 628 648 662 694 696 705 726,0 1 3 % 21,3
859 891 898 912 915 975 1067 1076 1080 1081 1083 1088 1090 1099 1102 1104 1126 1139 1149 1168 1169,0 1 2 % 21,3
0 26 35 37 38 45 48 51 52 62 65 66 70 83 127 188 235 236 247 292 324,0 1 3 % 21,3
581 742 744 830 853 883 894 902 908 911 924 931 952 958 971 1065 1075 1078 1094 1114 1159,3 % 21,1
519 596 612 615 670 677 678 679 680 681 691 732 743 788 848 864 896 928 951 988,0 2 3 % 20,3
698 699 700 701 702 829 845 850 867 869 883 887 894 902 905 908 911 915 917 1029,0 1 % 20,2
606 806 807 812 817 832 861 875 886 941 1002 1012 1013 1024 1066 1098 1108 1123 1148 1153,3 % 20,1
293 327 359 365 370 379 380 390 394 410 418 519 555 557 560 623 651 1029 1193 1310,1 3 % 20,2
581 742 744 830 853 883 894 902 908 911 924 931 952 958 971 1075 1078 1094 1114 1159,2 3 % 20,2
538 547 558 595 637 653 658 675 676 747 770 775 784 798 799 820 835 838 846 868,0 1 % 20,2
329 390 394 610 625 628 632 648 663 664 665 666 667 673 685 695 697 800 932 961,0 2 3 % 20,3
368 371 406 541 620 650 694 698 699 700 701 702 705 738 754 794 837 964 994,0 2 % 19,2
4 5 7 8 10 13 20 25 27 29 57 88 119 134 153 166 225 262 264,0 3 % 19,2
349 398 476 593 609 675 703 708 709 710 711 712 715 757 813 831 840 872 933,0 2 3 % 19,3
318 434 469 663 664 665 666 667 873 882 884 998 1046 1058 1067 1075 1078 1122 1137,1 2 % 19,2
538 547 558 595 653 658 675 676 747 770 775 784 798 799 820 835 838 846 868,0 1 3 % 19,3
508 513 529 535 536 645 670 695 703 704 715 722 732 737 743 757 788 797,0 1 2 % 18,3
421 443 462 489 522 540 554 566 619 631 636 641 657 683 684 734 745 762,0 1 3 % 18,3
581 742 744 830 853 883 894 902 908 911 924 931 952 958 971 1065 1075 1078,0 3 % 18,2
368 371 406 620 650 694 698 699 700 701 702 705 738 754 794 837 964 994,0 2 3 % 18,3
166 303 385 401 415 435 441 442 456 461 464 468 473 510 516 534 571 796,0 1 2 % 18,3
354 377 436 469 479 481 546 577 592 637 639 740 763 797 880 904 921 940,0 2 3 % 18,3
795 801 805 816 824 842 844 903 939 943 960 1008 1027 1037 1194 1232 1251 1269,1 3 % 18,2
308 698 699 700 701 702 941 958 990 1022 1077 1081 1088 1090 1233 1255 1285 1287,1 2 % 18,2
437 461 463 465 483 495 510 516 517 526 557 773 786 822 859 891 898,0 2 3 % 17,3
581 742 744 830 853 883 894 902 908 911 924 931 952 958 971 1075 1078,0 2 3 % 17,3
806 812 817 832 861 875 886 1002 1012 1013 1024 1066 1098 1108 1123 1148 1153,1 3 % 17,2
530 573 585 587 613 626 659 662 668 765 943 1027 1037 1194 1232 1251 1269,2 3 % 17,2
639 663 664 665 666 667 779 821 826 830 833 847 853 885 888 892 912,0 1 % 17,2
480 515 548 550 571 572 575 580 591 597 598 627 733 767 841 934,0 2 3 % 16,3
293 298 327 359 365 370 379 380 390 394 410 418 519 555 557 560,0 1 % 16,2
432 511 512 549 555 559 560 564 584 589 602 624 646 717 950 962,0 2 3 % 16,3
293 327 359 365 370 379 380 390 394 410 418 519 555 557 560,0 1 3 % 15,3
6 14 15 32 40 43 49 53 58 64 67 68 73 76 215,0 1 3 % 15,3
829 845 850 867 869 883 887 894 902 905 908 911 915 917 1029,0 1 3 % 15,3
747 827 836 869 892 905 917 919 922 943 1092 1095 1122 1137 1167,0 2 3 % 15,3
842 934 950 960 962 1011 1022 1060 1082 1096 1120 1134 1142 1181,0 2 % 14,2
12 79 80 98 102 106 129 202 207 219 224 246 305 393,0 2 3 % 14,3
753 802 803 804 824 834 939 1008 1027 1037 1049 1050 1051 1194,0 2 3 % 14,3
677 678 679 680 681 749 752 827 836 919 922 924 931 978,0 1 3 % 14,3
318 434 469 873 882 884 998 1046 1058 1067 1075 1078 1122 1137,1 2 3 % 14,3
389 414 451 521 542 567 578 585 586 606 608 629 682 717,0 1 3 % 14,3
343 435 442 473 531 637 696 726 755 768 780 825 828 857,0 2 % 14,2
606 806 807 812 817 832 861 875 886 941 1002 1012 1013 1024,0 3 % 14,2
971 975 1011 1060 1082 1083 1092 1095 1096 1102 1120 1126 1142,1 2 3 % 13,3
308 941 958 990 1022 1077 1081 1088 1090 1233 1255 1285 1287,1 2 3 % 13,3
357 387 417 438 444 492 671 799 855 856 863 865 920,0 2 3 % 13,3
795 805 815 816 844 854 893 1002 1012 1013 1024 1066 1098,0 3 % 13,2
343 435 442 473 531 696 726 755 768 780 825 828 857,0 2 3 % 13,3
639 779 821 826 830 833 847 853 885 888 892 912,0 1 3 % 12,3
812 832 875 886 942 1065 1094 1108 1114 1123 1148 1159,0 2 3 % 12,3
795 805 815 816 844 893 1002 1012 1013 1024 1066 1098,0 2 3 % 12,3
806 812 817 832 861 875 886 1002 1012 1013 1024,0 1 3 % 11,3
327 345 391 418 525 546 567 577 630 707 739,0 1 2 % 11,3
795 801 805 816 824 842 844 903 939 960 1008,0 1 3 % 11,3
4 5 7 8 10 13 20 25 27 29 119,0 1 3 % 11,3
530 573 585 587 613 626 659 662 668 765,0 2 3 % 10,3
934 950 962 1011 1022 1060 1082 1096 1134 1181,0 1 2 % 10,3
