843
2157
3421
2057
2007
3808
1470
3271
3627
3090
833
2553
2634
2584
1089
2809
602
471
2322
958
2759
908
2272
858
321
1685
271
2072
3436
3386
3742
2899
3255
3692
3205
1435
3155
3105
3461
2387
1023
2287
923
2237
3551
3501
3807
1600
1063
1419
3270
3576
3089
1238
1725
3039
601
2889
1038
2402
501
14
2252
2121
89
3741
2377
1890
3204
3641
3154
1790
1740
1253
716
1153
666
2467
616
2336
2417
1930
79
1880
29
2492
285
641
154
2005
235
3319
104
1955
1905
1418
1855
1368
2682
2988
3069
1218
2938
2888
681
2045
2482
2838
1995
2707
1343
856
631
500
2657
2170
2351
400
2120
269
2070
219
300
3740
1533
1970
1483
3334
3690
3640
3234
1383
2747
3184
3540
3053
1283
3003
3309
1458
2772
921
434
2285
2722
821
334
2185
2135
1648
284
3449
3805
234
3755
1548
1498
3705
1011
3299
1448
961
3168
3249
1754
1167
1523
2837
986
499
2787
449
886
2250
2150
2100
3333
1482
2275
3639
1738
1251
3102
3052
1201
1688
1051
2852
2365
514
464
2265
1778
414
2215
364
233
1953
102
2440
2390
1903
183
1853
3654
1316
3017
2530
2480
1066
2430
2299
2380
2736
42
835
348
2068
704
2555
298
248
604
1968
3769
3719
1868
3232
1331
2645
3001
3082
2595
3032
1181
2495
1000
513
2720
1356
3207
463
2670
2620
413
282
2570
363
669
182
3347
1496
132
1983
3297
3653
3247
3603
1883
3116
32
3197
3553
1396
1296
1165
2885
1471
3272
1421
1015
2735
2248
2685
2198
2148
2098
1611
1561
3768
3362
147
1280
1636
3437
2950
1099
3387
3337
999
2800
2313
2750
2700
362
2113
262
1932
3652
1882
3602
2238
1751
3065
1701
3015
1651
2865
1014
2815
964
2328
2278
2147
2228
1741
733
2453
246
2403
65
2353
1866
146
3717
452
1816
1766
1279
3517
1179
2493
642
2849
1079
592
2880
2262
2618
767
848
798
311
667
1981
130
2418
567
80
1931
211
161
3245
1881
3682
1831
1344
3145
1244
2608
2558
1013
2733
3220
2683
3120
2633
2583
2096
682
632
3716
3797
3310
1896
3616
45
1409
3260
1846
3210
3079
3160
1534
1128
3285
3235
1384
2748
978
310
2598
260
210
3375
110
3681
1830
1699
3500
1730
3450
1549
1062
2863
1012
2763
2276
425
2713
862
2226
812
325
2126
1639
2788
3615
1764
2151
3515
2978
3365
1514
2828
977
927
2597
746
2466
2547
2497
159
1879
515
2266
9
1729
1242
1679
1192
1142
2862
2943
2893
3118
374
3018
680
2968
274
1117
630
224
1944
580
3745
530
43
2331
1844
3158
1744
3058
1694
1076
1432
1513
3233
1382
3183
1332
926
2646
3133
1282
3083
2596
745
826
695
208
158
1959
3679
3760
3273
58
3710
8
1678
3398
3348
3298
1934
2761
941
2661
1297
3148
2124
710
223
2024
3744
3338
2330
1843
479
1793
2149
3463
2099
2049
3413
1562
1643
1025
3313
1412
925
2239
388
825
644
2364
157
594
107
2801
2751
2264
57
1727
2941
3378
1527
2841
1477
990
2791
940
2610
759
1246
628
2916
709
478
428
22
378
1692
3056
3006
1155
2956
924
3212
1230
3031
2544
337
1180
1130
2494
643
237
187
543
2394
1907
2344
3708
6
493
3658
443
1807
3608
3558
1707
212
3783
3733
1526
3683
939
2659
3146
3096
758
1195
2559
789
2509
171
2459
121
558
71
1922
3642
2097
2178
1641
3361
1947
3311
3748
1541
2724
823
3111
2624
773
2574
723
2087
236
2037
186
1856
2212
5
2699
2293
442
2162
1756
392
2062
1575
3426
1656
2012
3326
1475
2839
3276
2789
938
3226
2739
888
2202
351
3351
657
2508
2327
2408
2277
507
20
2227
3541
1690
1640
3391
2904
1053
1490
1003
1440
2804
1309
822
2673
3516
3466
1209
2929
722
591
2392
135
491
1805
441
2242
3606
1705
3506
3019
1655
3456
1118
3631
1293
3225
3581
1374
1243
3531
2994
2507
656
250
687
1043
200
556
150
506
3571
2026
3696
1002
3209
1489
3646
1308
1389
3109
2622
902
3059
2572
721
1208
852
1158
671
2472
1985
2422
2372
2241
2191
340
2060
290
1654
2091
3324
1910
1504
3711
1373
1323
3124
1273
786
2050
199
2356
992
2225
1819
2612
405
355
1538
1975
3339
951
1388
3189
1338
3008
3364
670
2877
2958
2827
2421
2777
2290
2371
2677
2140
2090
2040
3304
3123
2992
785
1222
3429
2942
2892
2405
554
2355
2792
454
48
304
1618
1131
123
1487
3775
1437
3594
23
1387
1337
3057
850
3494
800
3007
2957
1106
2470
750
2907
213
569
700
1056
650
163
2320
469
1833
2270
1783
3634
419
2008
238
1958
188
3759
3222
1371
1808
3172
1758
915
3122
3072
3022
1171
684
2972
1121
634
3799
2435
1948
890
403
353
2073
2154
1667
303
253
2460
203
1923
1436
3774
3287
1517
1873
3187
1823
1236
749
3037
2550
2906
2419
2775
2856
2369
2269
2138
2219
368
2088
2169
1988
1501
2765
3202
864
1220
3427
3508
3021
1170
3327
2790
2253
2690
2284
2640
433
383
3467
2053
202
2003
1822
3186
3542
1335
3136
1285
3492
3005
2955
3036
1185
698
2986
1004
2368
2805
598
111
2318
954
548
3582
1731
3532
317
2118
136
1937
86
1887
3688
3507
1300
813
763
1119
1200
1069
2870
2383
532
3647
301
201
1871
3185
1821
3135
1284
1771
1365
878
3572
3035
2548
1134
2448
597
903
2267
416
2217
853
2654
2523
2036
266
2067
2017
1399
1836
3200
1349
3637
1786
3150
1380
762
2738
2819
2688
431
2638
2182
2132
2001
3802
3315
1951
3752
1901
1414
1720
3440
1233
3521
3390
1620
3340
2984
2934
1083
596
2803
2884
1033
2753
2653
2116
265
346
215
2016
165
3199
1835
3636
1298
3505
1735
1248
3099
3049
711
1067
2918
2999
3355
2868
661
3305
611
2818
2768
561
430
24
380
867
2668
817
2487
2437
586
1950
3751
49
3620
1363
1313
3520
3470
1619
1163
1032
2346
495
2602
264
2552
214
164
3735
1528
1884
1965
3685
1834
1784
3098
1684
1197
3048
2998
1147
1634
2817
966
916
2586
379
2667
816
766
279
1999
2080
229
3800
1899
1980
3700
1849
3213
129
1493
3163
1749
3113
3419
2882
2345
494
2295
2651
444
3088
2145
294
2014
2095
1964
3765
1914
63
3278
1427
3715
2220
1733
3534
3047
3403
1146
2816
3203
509
946
2616
278
359
2079
309
2385
534
3749
484
1798
3518
3112
1748
1698
1161
3368
2881
1030
3318
1111
624
930
524
880
2244
2681
830
343
699
2500
2450
3764
1913
62
2400
3714
1863
3583
1376
1326
1682
3614
1763
1276
2996
2946
739
3383
2896
1045
2846
2615
2565
227
2515
2028
1978
127
1491
1928
3598
1697
1210
3498
3011
1597
3317
2961
979
1466
3267
1416
2780
2680
2193
779
2093
242
729
1556
1912
1993
1862
1943
3176
1812
1275
1581
1094
1531
3332
2845
1481
457
2258
894
2614
3101
2695
407
357
2564
2514
2464
3778
3597
332
3416
3497
1159
3803
3397
1546
2860
3216
959
472
2679
291
2579
2092
1911
2348
2298
1811
3662
3481
1224
3512
1661
1174
637
993
2844
1074
2794
1024
537
893
2694
3050
1199
712
2463
3777
562
75
2363
512
3596
1745
3677
1826
3546
1695
1239
1545
702
1139
652
1008
3165
827
3115
777
2578
727
2528
190
2478
627
140
1941
2297
3611
1760
1354
1660
3330
1479
3280
2793
3230
1379
1329
842
2562
2643
792
2512
2106
2462
3776
2362
1875
2312
1906
55
2131
280
1644
3495
2081
1594
2031
180
3395
3264
3295
1394
3114
2627
2221
370
2658
3014
320
2527
757
3791
445
2246
3560
1709
2196
295
3460
2973
3329
1122
3766
2923
1509
2742
3179
2773
3129
791
385
2105
610
2898
2411
2311
3675
460
2261
3625
410
1724
3444
1674
1187
3475
1137
1574
1087
3294
1037
550
3244
987
1162
2526
1112
2476
3790
1939
88
2426
575
525
38
2326
475
1839
3509
1658
1252
3459
2922
1071
1558
3228
13
1377
1864
3665
3178
1277
2641
2591
3028
2541
2410
640
2360
590
2310
1954
1773
3574
1804
1673
178
1542
3293
78
1929
3243
2756
2706
3143
3012
2606
755
2962
2556
2912
2506
168
1888
1969
2325
1838
2631
2144
780
3458
243
3408
1994
143
3308
1407
2590
3027
2540
333
2621
283
589
945
458
2259
895
408
489
2209
308
2109
258
3342
2936
1085
3779
2886
1035
3242
1522
3323
1472
2836
3142
2655
448
398
754
2911
2424
573
960
3638
423
2224
1737
2174
1687
3488
3794
3307
1456
1406
919
1225
1175
688
2489
1125
2926
2439
588
51
1852
488
2289
1571
1652
1877
26
1390
3678
1827
1340
753
2554
703
2504
116
2323
553
2354
16
1736
2223
3587
1817
2173
1330
322
1505
3793
91
1455
3743
3256
3206
3075
3156
1305
1255
2488
2082
2925
2875
1982
131
1851