2 5 24 36 48 101 102 116 129 131 143 152 154 155 161 168 230 231 237 247 248 273 293 302 303 319 320 321 322 329 333 334 341 342 343 344 348 349 , 11 13 15 3 5 7 9 % 38 , 7
5 16 38 88 99 106 114 131 138 143 145 149 154 155 156 203 205 231 258 259 276 284 286 287 318 319 321 322 329 331 332 333 334 335 341 344 347 348 , 0 1 21 23 25 27 33 % 38 , 7
9 16 38 88 114 131 137 138 143 145 147 149 152 154 155 156 168 203 231 256 273 276 284 286 287 318 319 321 322 329 331 333 334 335 341 346 347 348 , 1 17 21 23 25 27 29 % 38 , 7
16 38 88 114 131 137 138 143 145 147 149 152 154 155 156 178 203 205 231 246 256 276 284 286 287 318 319 321 322 329 331 333 334 335 341 346 347 348 , 0 1 17 19 21 23 25 % 38 , 7
16 38 88 114 131 137 138 143 145 147 149 152 154 155 156 168 203 231 233 256 276 284 286 287 318 319 321 322 329 330 331 333 334 335 341 346 347 348 , 1 17 19 21 23 27 29 % 38 , 7
5 16 38 99 106 114 117 131 138 143 145 149 154 155 156 168 231 233 259 276 284 286 287 318 319 321 322 329 330 331 332 333 334 335 341 344 347 348 , 1 21 23 27 29 31 33 % 38 , 7
16 38 88 114 131 137 138 143 145 147 149 152 154 155 156 203 205 231 256 276 284 286 287 290 318 319 321 322 323 329 331 333 334 335 341 346 347 348 , 0 1 17 19 21 25 27 % 38 , 7
9 16 38 88 114 131 137 138 143 145 147 149 152 154 155 156 203 231 256 273 276 284 286 287 318 319 321 322 323 329 331 333 334 335 341 346 347 348 , 0 1 17 21 25 27 29 % 38 , 7
16 22 38 114 131 138 141 143 145 149 151 154 155 156 160 168 177 205 231 233 276 284 286 287 289 318 319 321 322 329 330 331 333 334 335 341 347 348 , 1 17 19 23 27 31 33 % 38 , 7
16 38 102 114 131 137 138 143 145 147 149 152 154 155 156 168 230 231 246 248 256 276 284 286 287 318 319 321 322 323 329 331 333 334 335 341 347 348 , 1 17 19 21 25 29 31 % 38 , 7
5 16 38 88 99 106 114 131 138 143 145 149 154 155 156 178 203 231 246 259 276 284 286 287 318 319 321 322 329 331 332 333 334 335 341 344 347 348 , 0 1 21 23 25 29 33 % 38 , 7
5 16 38 99 114 117 131 138 143 145 149 154 155 156 231 233 246 257 259 276 284 286 287 318 319 321 322 329 330 331 332 333 334 335 341 344 347 348 , 0 1 19 21 29 31 33 % 38 , 7
16 38 102 114 131 137 138 143 145 147 149 152 154 155 156 168 205 230 231 246 248 256 276 284 286 287 318 319 321 322 329 331 333 334 335 341 347 348 , 1 17 19 21 23 25 31 % 38 , 7
16 38 88 102 114 131 138 143 145 149 154 155 156 168 178 203 205 224 230 231 246 248 276 284 286 287 318 319 321 322 329 331 333 334 335 341 347 348 , 1 17 19 21 23 25 33 % 38 , 7
5 16 38 99 114 117 131 138 143 145 149 154 155 156 168 231 233 257 259 276 284 286 287 318 319 321 322 329 330 331 332 333 334 335 341 344 347 348 , 1 19 21 27 29 31 33 % 38 , 7
16 38 39 114 131 137 138 143 145 147 149 152 154 155 156 231 233 256 257 273 276 284 286 287 318 319 321 322 323 329 330 331 333 334 335 341 347 348 , 0 1 17 21 27 29 31 % 38 , 7
16 22 38 88 114 131 138 141 143 145 149 151 154 155 156 160 168 203 205 231 276 284 286 287 289 318 319 321 322 329 331 333 334 335 341 342 347 348 , 1 17 19 23 25 27 33 % 38 , 7
16 38 88 102 114 128 131 138 143 145 149 154 155 156 168 178 203 224 230 231 246 248 276 284 286 287 318 319 321 322 329 331 333 334 335 341 347 348 , 1 17 19 21 25 29 33 % 38 , 7
16 38 102 114 131 137 138 143 145 147 149 152 154 155 156 168 230 231 246 248 256 273 276 284 286 287 318 319 321 322 329 331 333 334 335 341 347 348 , 1 17 21 23 25 29 31 % 38 , 7
16 38 88 114 131 137 138 143 145 147 149 152 154 155 156 178 203 231 233 246 256 276 284 286 287 318 319 321 322 329 330 331 333 334 335 341 346 347 348 , 0 1 17 19 21 23 29 % 39 , 7
5 16 38 85 99 106 114 117 131 138 143 145 149 154 155 156 231 233 257 259 276 284 286 287 318 319 321 322 329 330 331 332 333 334 335 341 344 347 348 , 0 1 21 27 29 31 33 % 39 , 7
16 38 88 114 121 131 137 138 143 145 147 149 152 154 155 156 203 205 231 233 256 276 284 286 287 318 319 321 322 329 330 331 333 334 335 341 346 347 348 , 0 1 17 19 21 23 27 % 39 , 7
16 22 38 102 114 131 138 141 143 145 149 151 154 155 156 160 168 230 231 246 248 260 276 284 286 287 289 318 319 321 322 329 331 333 334 335 341 347 348 , 1 17 19 25 29 31 33 % 39 , 7
16 22 38 88 114 131 138 141 143 145 149 151 154 155 156 160 178 203 205 231 246 276 284 286 287 289 318 319 321 322 329 331 333 334 335 341 342 347 348 , 0 1 17 19 23 25 33 % 39 , 7
16 22 38 114 131 138 141 143 145 149 151 154 155 156 160 168 177 231 233 257 260 276 284 286 287 289 318 319 321 322 329 330 331 333 334 335 341 347 348 , 1 17 19 27 29 31 33 % 39 , 7
16 22 38 88 114 131 138 141 143 145 149 151 154 155 156 160 168 177 203 231 233 276 284 286 287 289 318 319 321 322 329 330 331 333 334 335 341 347 348 , 1 17 19 23 27 29 33 % 39 , 7
16 22 38 88 114 131 138 141 143 145 149 151 154 155 156 160 203 205 231 260 276 284 286 287 289 290 318 319 321 322 329 331 333 334 335 341 342 347 348 , 0 1 17 19 25 27 33 % 39 , 7
5 16 38 84 88 99 114 131 138 143 145 149 154 155 156 203 205 231 258 259 276 284 286 287 290 318 319 321 322 329 331 332 333 334 335 341 344 347 348 , 0 1 19 21 25 27 33 % 39 , 7
16 22 38 86 114 131 138 141 143 145 149 151 154 155 156 160 177 231 233 257 260 276 284 286 287 289 318 319 321 322 329 330 331 333 334 335 341 347 348 , 0 1 17 27 29 31 33 % 39 , 7
16 38 88 114 128 131 137 138 143 145 147 149 152 154 155 156 178 203 231 246 256 276 284 286 287 318 319 321 322 323 329 331 333 334 335 341 346 347 348 , 0 1 17 19 21 25 29 % 39 , 7
5 16 38 99 102 106 114 131 138 143 145 149 154 155 156 168 230 231 246 248 259 276 284 286 287 318 319 321 322 329 331 332 333 334 335 341 344 347 348 , 1 21 23 25 29 31 33 % 39 , 7
16 22 38 88 114 128 131 138 141 143 145 149 151 154 155 156 160 178 203 231 246 260 276 284 286 287 289 318 319 321 322 329 331 333 334 335 341 347 348 , 0 1 17 19 25 29 33 % 39 , 7
16 22 38 114 131 138 141 143 145 149 151 154 155 156 160 177 205 212 231 233 246 276 284 286 287 289 318 319 321 322 329 330 331 333 334 335 341 347 348 , 0 1 17 19 23 31 33 % 39 , 7
5 16 38 88 99 114 117 131 138 143 145 149 154 155 156 168 203 231 233 259 276 284 286 287 318 319 321 322 329 330 331 332 333 334 335 341 344 347 348 , 1 19 21 23 27 29 33 % 39 , 7
16 38 88 102 114 131 138 143 145 149 154 155 156 168 178 203 224 230 231 233 246 248 276 284 286 287 318 319 321 322 329 330 331 333 334 335 341 347 348 , 1 17 19 21 23 29 33 % 39 , 7
16 22 38 102 114 131 138 141 143 145 149 151 154 155 156 160 168 205 230 231 246 248 276 284 286 287 289 318 319 321 322 329 331 333 334 335 341 347 348 , 1 17 19 23 25 31 33 % 39 , 7
5 16 38 88 99 114 131 138 143 145 149 154 155 156 178 203 205 231 246 258 259 276 284 286 287 318 319 321 322 329 331 332 333 334 335 341 344 347 348 , 0 1 19 21 23 25 33 % 39 , 7
9 16 38 88 114 131 137 138 143 145 147 149 152 154 155 156 178 203 231 246 256 273 276 284 286 287 318 319 321 322 329 331 333 334 335 341 346 347 348 , 0 1 17 21 23 25 29 % 39 , 7
9 16 38 88 114 131 137 138 143 145 147 149 152 154 155 156 203 205 231 256 273 276 284 286 287 318 319 321 322 329 331 333 334 335 341 346 347 348 349 , 0 1 17 21 23 25 27 % 39 , 7
16 38 88 114 131 137 138 143 145 147 149 152 154 155 156 203 231 233 256 257 276 284 286 287 318 319 321 322 323 329 330 331 333 334 335 341 346 347 348 , 0 1 17 19 21 27 29 % 39 , 7
5 16 38 88 99 114 117 131 138 143 145 149 154 155 156 203 231 233 257 259 276 284 286 287 318 319 321 322 329 330 331 332 333 334 335 341 344 347 348 , 0 1 19 21 27 29 33 % 39 , 7
16 22 38 114 131 138 141 143 145 149 151 154 155 156 160 177 205 231 233 257 260 276 284 286 287 289 318 319 321 322 329 330 331 333 334 335 341 347 348 , 0 1 17 19 27 31 33 % 39 , 7
16 38 102 114 131 137 138 143 145 147 149 152 154 155 156 168 230 231 233 246 248 256 276 284 286 287 318 319 321 322 329 330 331 333 334 335 341 347 348 , 1 17 19 21 23 29 31 % 39 , 7
16 22 38 73 114 131 138 141 143 145 149 151 154 155 156 160 177 212 231 233 246 276 284 286 287 289 318 319 321 322 329 330 331 333 334 335 341 347 348 , 0 1 17 23 29 31 33 % 39 , 7
16 22 38 114 131 137 138 141 143 145 147 149 151 152 154 155 156 160 231 246 256 260 276 284 286 287 289 318 319 321 322 323 329 331 333 334 335 341 347 348 , 0 1 17 19 25 29 31 % 40 , 7
5 16 38 88 99 114 122 128 131 134 138 143 145 149 154 155 156 178 203 231 246 259 276 284 286 287 318 319 321 322 329 331 332 333 334 335 341 344 347 348 , 0 1 19 21 25 29 33 % 40 , 7
5 16 38 99 106 114 117 131 138 143 145 149 154 155 156 205 207 231 233 258 259 276 284 286 287 318 319 321 322 329 330 331 332 333 334 335 341 344 347 348 , 0 1 21 23 27 31 33 % 40 , 7
5 16 38 88 92 99 106 114 117 131 138 143 145 149 154 155 156 203 231 233 259 276 284 286 287 318 319 321 322 329 330 331 332 333 334 335 341 344 347 348 , 0 1 21 23 27 29 33 % 40 , 7
5 16 38 99 114 131 137 138 143 145 147 149 152 154 155 156 205 231 246 256 258 259 276 284 286 287 318 319 321 322 329 331 332 333 334 335 341 344 347 348 , 0 1 19 21 23 25 31 % 40 , 7
16 22 38 114 131 138 141 143 145 149 151 154 155 156 160 177 212 231 233 246 257 260 276 284 286 287 289 318 319 321 322 329 330 331 333 334 335 341 347 348 , 0 1 17 19 29 31 33 % 40 , 7
5 16 38 99 106 114 131 137 138 143 145 147 149 152 154 155 156 168 231 256 259 273 276 284 286 287 318 319 321 322 329 331 332 333 334 335 341 344 347 348 , 1 21 23 25 27 29 31 % 40 , 7
5 16 38 99 114 117 131 138 143 145 149 154 155 156 168 205 207 231 233 258 259 276 284 286 287 318 319 321 322 329 330 331 332 333 334 335 341 344 347 348 , 1 19 21 23 27 31 33 % 40 , 7
5 16 38 99 102 114 131 138 143 145 149 154 155 156 168 205 230 231 246 248 258 259 276 284 286 287 318 319 321 322 329 331 332 333 334 335 341 344 347 348 , 1 19 21 23 25 31 33 % 40 , 7
5 16 38 99 106 114 131 137 138 143 145 147 149 152 154 155 156 231 246 256 259 273 276 284 286 287 318 319 321 322 329 331 332 333 334 335 341 344 347 348 , 0 1 21 23 25 29 31 % 40 , 7
16 22 38 88 114 131 138 141 143 145 149 151 154 155 156 160 177 203 205 231 233 276 284 286 287 289 318 319 321 322 329 330 331 333 334 335 341 342 347 348 , 0 1 17 19 23 27 33 % 40 , 7
16 22 38 114 131 137 138 141 143 145 147 149 151 152 154 155 156 160 168 205 231 237 256 276 284 286 287 289 318 319 321 322 329 331 333 334 335 341 347 348 , 1 17 19 23 25 27 31 % 40 , 7
