16 22 38 114 131 137 138 141 143 145 147 149 151 152 154 155 156 160 231 246 256 270 273 276 284 286 287 289 318 319 321 322 329 331 333 334 335 341 347 348 , 0 1 17 23 25 29 31 % 40 , 7
16 22 38 114 131 137 138 141 143 145 147 149 151 152 154 155 156 160 168 231 256 260 276 284 286 287 289 318 319 321 322 323 329 331 333 334 335 341 347 348 , 1 17 19 25 27 29 31 % 40 , 7
5 16 38 88 99 114 117 131 138 143 145 149 154 155 156 178 203 231 233 246 259 276 284 286 287 318 319 321 322 329 330 331 332 333 334 335 341 344 347 348 , 0 1 19 21 23 29 33 % 40 , 7
5 16 38 99 114 131 137 138 143 145 147 149 152 154 155 156 168 205 231 256 258 259 276 284 286 287 318 319 321 322 329 331 332 333 334 335 341 344 347 348 , 1 19 21 23 25 27 31 % 40 , 7
16 22 38 114 131 137 138 141 143 145 147 149 151 152 154 155 156 160 205 231 237 246 256 276 284 286 287 289 318 319 321 322 329 331 333 334 335 341 347 348 , 0 1 17 19 23 25 31 % 40 , 7
9 16 38 39 88 114 131 137 138 143 145 147 149 152 154 155 156 203 231 233 256 273 276 284 286 287 318 319 321 322 329 330 331 333 334 335 341 346 347 348 , 0 1 17 21 23 27 29 % 40 , 7
16 22 38 88 114 131 138 141 143 145 149 151 154 155 156 160 177 203 231 233 257 260 276 284 286 287 289 318 319 321 322 329 330 331 333 334 335 341 347 348 , 0 1 17 19 27 29 33 % 40 , 7
5 16 38 73 99 106 112 114 117 131 138 143 145 149 154 155 156 231 233 246 259 276 284 286 287 318 319 321 322 329 330 331 332 333 334 335 341 344 347 348 , 0 1 21 23 29 31 33 % 40 , 7
5 16 38 99 114 117 131 138 143 145 149 154 155 156 205 207 231 233 257 258 259 276 284 286 287 318 319 321 322 329 330 331 332 333 334 335 341 344 347 348 , 0 1 19 21 27 31 33 % 40 , 7
16 22 38 114 131 137 138 141 143 145 147 149 151 152 154 155 156 160 168 231 256 270 273 276 284 286 287 289 318 319 321 322 329 331 333 334 335 341 347 348 , 1 17 23 25 27 29 31 % 40 , 7
5 16 38 94 99 114 115 131 137 138 143 145 147 149 152 154 155 156 231 246 256 259 276 284 286 287 318 319 321 322 323 329 331 332 333 334 335 341 344 347 348 , 0 1 19 21 25 29 31 % 41 , 7
5 16 22 38 99 114 131 138 141 143 145 149 151 154 155 156 160 205 231 246 258 259 276 284 286 287 289 318 319 321 322 329 331 332 333 334 335 341 344 347 348 , 0 1 19 23 25 31 33 % 41 , 7
5 16 38 99 114 117 131 137 138 143 145 147 149 152 154 155 156 231 233 246 256 259 276 284 286 287 318 319 321 322 329 330 331 332 333 334 335 341 344 347 348 , 0 1 19 21 23 29 31 % 41 , 7
5 16 38 99 102 114 117 131 138 143 145 149 154 155 156 168 230 231 233 246 248 259 276 284 286 287 318 319 321 322 329 330 331 332 333 334 335 341 344 347 348 , 1 19 21 23 29 31 33 % 41 , 7
5 16 22 38 99 106 114 131 138 141 143 145 149 151 154 155 156 160 198 231 246 259 276 284 286 287 289 318 319 321 322 329 331 332 333 334 335 341 344 347 348 , 0 1 23 25 29 31 33 % 41 , 7
16 22 38 114 131 137 138 141 143 145 147 149 151 152 154 155 156 160 231 256 260 270 273 276 284 286 287 289 318 319 321 322 323 329 331 333 334 335 341 347 348 , 0 1 17 25 27 29 31 % 41 , 7
5 16 38 94 99 114 115 131 137 138 143 145 147 149 152 154 155 156 168 231 256 259 276 284 286 287 318 319 321 322 323 329 331 332 333 334 335 341 344 347 348 , 1 19 21 25 27 29 31 % 41 , 7
5 16 22 38 99 106 114 131 138 141 143 145 149 151 154 155 156 160 168 198 231 259 276 284 286 287 289 318 319 321 322 329 331 332 333 334 335 341 344 347 348 , 1 23 25 27 29 31 33 % 41 , 7
5 16 22 38 99 114 131 138 141 143 145 149 151 154 155 156 160 168 231 259 260 276 284 286 287 288 289 318 319 321 322 329 331 332 333 334 335 341 344 347 348 , 1 19 25 27 29 31 33 % 41 , 7
5 16 22 38 99 114 131 138 141 143 145 149 151 154 155 156 160 231 246 259 260 276 284 286 287 288 289 318 319 321 322 329 331 332 333 334 335 341 344 347 348 , 0 1 19 25 29 31 33 % 41 , 7
5 16 22 38 99 114 131 138 141 143 145 149 151 154 155 156 160 168 205 231 258 259 276 284 286 287 289 318 319 321 322 329 331 332 333 334 335 341 344 347 348 , 1 19 23 25 27 31 33 % 41 , 7
5 16 38 88 99 114 131 137 138 143 145 147 149 152 154 155 156 168 203 231 256 259 276 284 286 287 318 319 321 322 329 331 332 333 334 335 341 344 346 347 348 , 1 19 21 23 25 27 29 % 41 , 7
16 22 38 114 131 137 138 141 143 145 147 149 151 152 154 155 156 160 205 231 237 256 270 273 276 284 286 287 289 318 319 321 322 329 331 333 334 335 341 347 348 , 0 1 17 23 25 27 31 % 41 , 7
5 16 22 38 88 99 114 131 138 141 143 145 149 151 154 155 156 160 168 203 231 259 276 284 286 287 289 318 319 321 322 329 331 332 333 334 335 341 344 347 348 , 1 19 23 25 27 29 33 % 41 , 7
5 16 38 99 114 117 131 137 138 143 145 147 149 152 154 155 156 168 231 233 256 259 276 284 286 287 318 319 321 322 329 330 331 332 333 334 335 341 344 347 348 , 1 19 21 23 27 29 31 % 41 , 7
5 16 38 99 114 117 131 138 143 145 149 154 155 156 205 207 231 233 246 258 259 268 276 284 286 287 318 319 321 322 329 330 331 332 333 334 335 341 344 347 348 , 0 1 19 21 23 31 33 % 41 , 7
5 16 38 88 99 114 117 131 138 143 145 149 154 155 156 203 205 207 231 233 258 259 276 284 286 287 318 319 321 322 329 330 331 332 333 334 335 341 344 347 348 , 0 1 19 21 23 27 33 % 41 , 7
16 22 38 114 131 137 138 141 143 145 147 149 151 152 154 155 156 160 205 231 237 256 260 276 284 286 287 289 318 319 321 322 323 329 331 333 334 335 341 347 348 , 0 1 17 19 25 27 31 % 41 , 7
16 22 38 88 114 131 138 141 143 145 149 151 154 155 156 160 177 178 203 212 231 233 246 276 284 286 287 289 318 319 321 322 329 330 331 333 334 335 341 347 348 , 0 1 17 19 23 29 33 % 41 , 7
5 16 22 38 88 99 114 131 138 141 143 145 149 151 154 155 156 160 203 231 259 260 276 284 286 287 288 289 318 319 321 322 329 331 332 333 334 335 341 344 347 348 , 0 1 19 25 27 29 33 % 42 , 7
5 16 38 88 99 102 114 131 138 143 145 149 154 155 156 168 178 203 224 230 231 246 248 259 276 284 286 287 318 319 321 322 329 331 332 333 334 335 341 344 347 348 , 1 19 21 23 25 29 33 % 42 , 7
16 22 38 114 131 137 138 141 143 145 147 149 151 152 154 155 156 160 168 177 231 233 256 272 276 284 286 287 289 318 319 321 322 329 330 331 333 334 335 341 347 348 , 1 17 19 23 27 29 31 % 42 , 7
5 16 38 94 99 114 115 131 137 138 143 145 147 149 152 154 155 156 205 231 256 258 259 276 284 286 287 318 319 321 322 323 329 331 332 333 334 335 341 344 347 348 , 0 1 19 21 25 27 31 % 42 , 7
16 22 38 102 114 131 137 138 141 143 145 147 149 151 152 154 155 156 160 168 230 231 246 248 256 276 284 286 287 289 318 319 321 322 329 331 333 334 335 341 347 348 , 1 17 19 23 25 29 31 % 42 , 7
5 16 22 38 99 106 114 131 138 141 143 145 149 151 154 155 156 160 198 231 259 260 276 284 286 287 288 289 318 319 321 322 329 331 332 333 334 335 341 344 347 348 , 0 1 25 27 29 31 33 % 42 , 7
5 16 38 88 99 114 131 137 138 143 145 147 149 152 154 155 156 178 203 231 246 256 259 276 284 286 287 318 319 321 322 329 331 332 333 334 335 341 344 346 347 348 , 0 1 19 21 23 25 29 % 42 , 7
5 16 38 94 99 106 114 115 131 137 138 143 145 147 149 152 154 155 156 231 256 259 273 276 284 286 287 318 319 321 322 323 329 331 332 333 334 335 341 344 347 348 , 0 1 21 25 27 29 31 % 42 , 7
16 38 88 102 114 131 137 138 143 145 147 149 152 154 155 156 168 178 203 224 230 231 246 248 256 276 284 286 287 318 319 321 322 329 331 333 334 335 341 346 347 348 , 1 17 19 21 23 25 29 % 42 , 7
5 16 38 99 106 114 131 137 138 143 145 147 149 152 154 155 156 161 205 231 256 258 259 273 276 284 286 287 318 319 321 322 329 331 332 333 334 335 341 344 347 348 , 0 1 21 23 25 27 31 % 42 , 7
5 16 22 38 99 114 131 138 141 143 145 149 151 154 155 156 160 205 231 258 259 260 276 284 286 287 288 289 318 319 321 322 329 331 332 333 334 335 341 344 347 348 , 0 1 19 25 27 31 33 % 42 , 7
5 16 38 99 102 114 131 137 138 143 145 147 149 152 154 155 156 168 230 231 246 248 256 259 276 284 286 287 318 319 321 322 329 331 332 333 334 335 341 344 347 348 , 1 19 21 23 25 29 31 % 42 , 7
5 16 22 38 88 99 114 131 138 141 143 145 149 151 154 155 156 160 178 203 231 246 259 276 284 286 287 289 318 319 321 322 329 331 332 333 334 335 341 344 347 348 , 0 1 19 23 25 29 33 % 42 , 7
5 16 22 38 99 106 114 131 138 141 143 145 149 151 154 155 156 160 198 205 231 258 259 276 284 286 287 289 318 319 321 322 329 331 332 333 334 335 341 344 347 348 , 0 1 23 25 27 31 33 % 42 , 7
16 22 38 88 102 114 131 138 141 143 145 149 151 154 155 156 160 168 178 203 224 230 231 246 248 276 284 286 287 289 318 319 321 322 329 331 333 334 335 341 347 348 , 1 17 19 23 25 29 33 % 42 , 7
5 16 22 38 88 99 106 114 131 138 141 143 145 149 151 154 155 156 160 198 203 231 259 276 284 286 287 289 318 319 321 322 329 331 332 333 334 335 341 344 347 348 , 0 1 23 25 27 29 33 % 42 , 7
16 22 38 102 114 131 138 141 143 145 149 151 154 155 156 160 168 177 212 230 231 233 246 248 276 284 286 287 289 318 319 321 322 329 330 331 333 334 335 341 347 348 , 1 17 19 23 29 31 33 % 42 , 7
16 22 38 114 131 137 138 141 143 145 147 149 151 152 154 155 156 160 177 205 231 233 237 256 272 276 284 286 287 289 318 319 321 322 329 330 331 333 334 335 341 347 348 , 0 1 17 19 23 27 31 % 43 , 7
5 16 38 88 94 99 114 115 131 137 138 143 145 147 149 152 154 155 156 203 231 256 259 276 284 286 287 318 319 321 322 323 329 331 332 333 334 335 341 344 346 347 348 , 0 1 19 21 25 27 29 % 43 , 7
5 16 22 38 99 102 114 131 138 141 143 145 149 151 154 155 156 160 168 230 231 246 248 259 276 284 286 287 289 318 319 321 322 329 331 332 333 334 335 341 344 347 348 , 1 19 23 25 29 31 33 % 43 , 7
5 16 22 38 99 114 117 131 138 141 143 145 149 151 154 155 156 160 168 177 231 233 259 276 284 286 287 289 318 319 321 322 329 330 331 332 333 334 335 341 344 347 348 , 1 19 23 27 29 31 33 % 43 , 7
5 16 22 38 88 99 114 131 138 141 143 145 149 151 154 155 156 160 203 205 231 258 259 276 284 286 287 289 318 319 321 322 329 331 332 333 334 335 341 342 344 347 348 , 0 1 19 23 25 27 33 % 43 , 7
16 22 38 88 114 129 131 137 138 141 143 145 147 149 151 152 154 155 156 160 168 203 231 256 276 284 286 287 289 305 318 319 321 322 329 331 333 334 335 341 346 347 348 , 1 17 19 23 25 27 29 % 43 , 7
5 16 38 88 99 114 117 131 137 138 143 145 147 149 152 154 155 156 203 231 233 256 259 276 284 286 287 318 319 321 322 329 330 331 332 333 334 335 341 344 346 347 348 , 0 1 19 21 23 27 29 % 43 , 7
5 16 38 99 114 117 131 137 138 143 145 147 149 152 154 155 156 205 207 231 233 256 258 259 276 284 286 287 318 319 321 322 329 330 331 332 333 334 335 341 344 347 348 , 0 1 19 21 23 27 31 % 43 , 7
5 16 38 39 99 106 114 117 131 137 138 143 145 147 149 152 154 155 156 231 233 256 259 273 276 284 286 287 318 319 321 322 329 330 331 332 333 334 335 341 344 347 348 , 0 1 21 23 27 29 31 % 43 , 7
