16 38 114 131 137 138 143 145 147 149 152 154 155 156 205 231 256 273 276 284 286 287 318 319 321 322 329 331 333 334 335 341 347 348 , 0 1 17 21 23 25 27 31 % 34 , 8
16 38 88 114 131 138 143 145 149 154 155 156 178 203 231 233 246 276 284 286 287 318 319 321 322 329 330 331 333 334 335 341 347 348 , 0 1 17 19 21 23 29 33 % 34 , 8
16 38 114 131 137 138 143 145 147 149 152 154 155 156 231 246 256 273 276 284 286 287 318 319 321 322 329 331 333 334 335 341 347 348 , 0 1 17 21 23 25 29 31 % 34 , 8
16 38 114 131 137 138 143 145 147 149 152 154 155 156 231 233 246 256 276 284 286 287 318 319 321 322 329 330 331 333 334 335 341 347 348 , 0 1 17 19 21 23 29 31 % 35 , 8
16 22 38 114 131 138 141 143 145 149 151 154 155 156 160 205 231 246 276 284 286 287 289 318 319 321 322 329 331 333 334 335 341 347 348 , 0 1 17 19 23 25 31 33 % 35 , 8
5 16 38 99 106 114 131 138 143 145 149 154 155 156 168 231 259 276 284 286 287 318 319 321 322 329 331 332 333 334 335 341 344 347 348 , 1 21 23 25 27 29 31 33 % 35 , 8
16 38 102 114 131 138 143 145 149 154 155 156 168 230 231 233 246 248 276 284 286 287 318 319 321 322 329 330 331 333 334 335 341 347 348 , 1 17 19 21 23 29 31 33 % 35 , 8
16 22 38 114 131 138 141 143 145 149 151 154 155 156 160 168 231 260 276 284 286 287 289 318 319 321 322 329 331 333 334 335 341 347 348 , 1 17 19 25 27 29 31 33 % 35 , 8
16 22 38 114 131 138 141 143 145 149 151 154 155 156 160 168 205 231 276 284 286 287 289 318 319 321 322 329 331 333 334 335 341 347 348 , 1 17 19 23 25 27 31 33 % 35 , 8
16 38 114 131 137 138 143 145 147 149 152 154 155 156 205 231 233 256 276 284 286 287 318 319 321 322 329 330 331 333 334 335 341 347 348 , 0 1 17 19 21 23 27 31 % 35 , 8
5 16 38 99 106 114 131 138 143 145 149 154 155 156 231 246 259 276 284 286 287 318 319 321 322 329 331 332 333 334 335 341 344 347 348 , 0 1 21 23 25 29 31 33 % 35 , 8
16 22 38 114 131 138 141 143 145 149 151 154 155 156 160 205 231 260 276 284 286 287 289 318 319 321 322 329 331 333 334 335 341 347 348 , 0 1 17 19 25 27 31 33 % 35 , 8
16 22 38 114 131 138 141 143 145 149 151 154 155 156 160 231 246 260 276 284 286 287 289 318 319 321 322 329 331 333 334 335 341 347 348 , 0 1 17 19 25 29 31 33 % 35 , 8
16 38 114 131 137 138 143 145 147 149 152 154 155 156 168 231 233 256 276 284 286 287 318 319 321 322 329 330 331 333 334 335 341 347 348 , 1 17 19 21 23 27 29 31 % 35 , 8
5 16 38 88 99 114 131 138 143 145 149 154 155 156 168 203 231 259 276 284 286 287 318 319 321 322 329 331 332 333 334 335 341 344 347 348 , 1 19 21 23 25 27 29 33 % 36 , 8
5 16 38 99 114 131 138 143 145 149 154 155 156 168 205 231 258 259 276 284 286 287 318 319 321 322 329 331 332 333 334 335 341 344 347 348 , 1 19 21 23 25 27 31 33 % 36 , 8
16 22 38 88 114 131 138 141 143 145 149 151 154 155 156 160 203 231 260 276 284 286 287 289 318 319 321 322 329 331 333 334 335 341 347 348 , 0 1 17 19 25 27 29 33 % 36 , 8
16 38 39 114 131 137 138 143 145 147 149 152 154 155 156 231 233 256 273 276 284 286 287 318 319 321 322 329 330 331 333 334 335 341 347 348 , 0 1 17 21 23 27 29 31 % 36 , 8
5 16 38 99 114 131 138 143 145 149 154 155 156 205 231 246 258 259 276 284 286 287 318 319 321 322 329 331 332 333 334 335 341 344 347 348 , 0 1 19 21 23 25 31 33 % 36 , 8
16 38 88 114 131 137 138 143 145 147 149 152 154 155 156 168 203 231 256 276 284 286 287 318 319 321 322 329 331 333 334 335 341 346 347 348 , 1 17 19 21 23 25 27 29 % 36 , 8
5 16 38 99 106 114 131 138 143 145 149 154 155 156 205 231 258 259 276 284 286 287 318 319 321 322 329 331 332 333 334 335 341 344 347 348 , 0 1 21 23 25 27 31 33 % 36 , 8
16 38 88 114 131 137 138 143 145 147 149 152 154 155 156 203 205 231 256 276 284 286 287 318 319 321 322 329 331 333 334 335 341 346 347 348 , 0 1 17 19 21 23 25 27 % 36 , 8
16 22 38 88 114 131 138 141 143 145 149 151 154 155 156 160 168 203 231 276 284 286 287 289 318 319 321 322 329 331 333 334 335 341 347 348 , 1 17 19 23 25 27 29 33 % 36 , 8
16 38 88 114 131 137 138 143 145 147 149 152 154 155 156 203 231 256 276 284 286 287 318 319 321 322 323 329 331 333 334 335 341 346 347 348 , 0 1 17 19 21 25 27 29 % 36 , 8
5 16 38 88 99 106 114 131 138 143 145 149 154 155 156 203 231 259 276 284 286 287 318 319 321 322 329 331 332 333 334 335 341 344 347 348 , 0 1 21 23 25 27 29 33 % 36 , 8
16 38 114 131 137 138 143 145 147 149 152 154 155 156 231 233 256 257 276 284 286 287 318 319 321 322 323 329 330 331 333 334 335 341 347 348 , 0 1 17 19 21 27 29 31 % 36 , 8
16 38 88 114 131 137 138 143 145 147 149 152 154 155 156 178 203 231 246 256 276 284 286 287 318 319 321 322 329 331 333 334 335 341 346 347 348 , 0 1 17 19 21 23 25 29 % 37 , 8
5 16 38 99 114 117 131 138 143 145 149 154 155 156 231 233 246 259 276 284 286 287 318 319 321 322 329 330 331 332 333 334 335 341 344 347 348 , 0 1 19 21 23 29 31 33 % 37 , 8
16 38 88 102 114 131 138 143 145 149 154 155 156 168 178 203 224 230 231 246 248 276 284 286 287 318 319 321 322 329 331 333 334 335 341 347 348 , 1 17 19 21 23 25 29 33 % 37 , 8
16 22 38 88 114 131 138 141 143 145 149 151 154 155 156 160 203 205 231 276 284 286 287 289 318 319 321 322 329 331 333 334 335 341 342 347 348 , 0 1 17 19 23 25 27 33 % 37 , 8
16 22 38 114 131 138 141 143 145 149 151 154 155 156 160 168 177 231 233 276 284 286 287 289 318 319 321 322 329 330 331 333 334 335 341 347 348 , 1 17 19 23 27 29 31 33 % 37 , 8
16 22 38 114 131 138 141 143 145 149 151 154 155 156 160 177 205 231 233 276 284 286 287 289 318 319 321 322 329 330 331 333 334 335 341 347 348 , 0 1 17 19 23 27 31 33 % 37 , 8
16 22 38 88 114 131 138 141 143 145 149 151 154 155 156 160 178 203 231 246 276 284 286 287 289 318 319 321 322 329 331 333 334 335 341 347 348 , 0 1 17 19 23 25 29 33 % 37 , 8
16 38 88 114 131 137 138 143 145 147 149 152 154 155 156 203 231 233 256 276 284 286 287 318 319 321 322 329 330 331 333 334 335 341 346 347 348 , 0 1 17 19 21 23 27 29 % 37 , 8
5 16 38 99 114 117 131 138 143 145 149 154 155 156 231 233 257 259 276 284 286 287 318 319 321 322 329 330 331 332 333 334 335 341 344 347 348 , 0 1 19 21 27 29 31 33 % 37 , 8
9 16 38 88 114 131 137 138 143 145 147 149 152 154 155 156 203 231 256 273 276 284 286 287 318 319 321 322 329 331 333 334 335 341 346 347 348 , 0 1 17 21 23 25 27 29 % 37 , 8
5 16 38 99 114 117 131 138 143 145 149 154 155 156 168 231 233 259 276 284 286 287 318 319 321 322 329 330 331 332 333 334 335 341 344 347 348 , 1 19 21 23 27 29 31 33 % 37 , 8
5 16 38 99 106 114 117 131 138 143 145 149 154 155 156 231 233 259 276 284 286 287 318 319 321 322 329 330 331 332 333 334 335 341 344 347 348 , 0 1 21 23 27 29 31 33 % 37 , 8
5 16 38 88 99 114 131 138 143 145 149 154 155 156 203 205 231 258 259 276 284 286 287 318 319 321 322 329 331 332 333 334 335 341 344 347 348 , 0 1 19 21 23 25 27 33 % 37 , 8
16 38 102 114 131 137 138 143 145 147 149 152 154 155 156 168 230 231 246 248 256 276 284 286 287 318 319 321 322 329 331 333 334 335 341 347 348 , 1 17 19 21 23 25 29 31 % 37 , 8
5 16 38 88 99 114 131 138 143 145 149 154 155 156 178 203 231 246 259 276 284 286 287 318 319 321 322 329 331 332 333 334 335 341 344 347 348 , 0 1 19 21 23 25 29 33 % 37 , 8
16 22 38 114 131 137 138 141 143 145 147 149 151 152 154 155 156 160 168 231 256 276 284 286 287 289 318 319 321 322 329 331 333 334 335 341 347 348 , 1 17 19 23 25 27 29 31 % 38 , 8
5 16 38 99 102 114 131 138 143 145 149 154 155 156 168 230 231 246 248 259 276 284 286 287 318 319 321 322 329 331 332 333 334 335 341 344 347 348 , 1 19 21 23 25 29 31 33 % 38 , 8
16 22 38 88 114 131 138 141 143 145 149 151 154 155 156 160 177 203 231 233 276 284 286 287 289 318 319 321 322 329 330 331 333 334 335 341 347 348 , 0 1 17 19 23 27 29 33 % 38 , 8
16 22 38 114 131 138 141 143 145 149 151 154 155 156 160 177 212 231 233 246 276 284 286 287 289 318 319 321 322 329 330 331 333 334 335 341 347 348 , 0 1 17 19 23 29 31 33 % 38 , 8
16 22 38 114 131 137 138 141 143 145 147 149 151 152 154 155 156 160 231 246 256 276 284 286 287 289 318 319 321 322 329 331 333 334 335 341 347 348 , 0 1 17 19 23 25 29 31 % 38 , 8
5 16 38 88 99 114 117 131 138 143 145 149 154 155 156 203 231 233 259 276 284 286 287 318 319 321 322 329 330 331 332 333 334 335 341 344 347 348 , 0 1 19 21 23 27 29 33 % 38 , 8
16 22 38 114 131 138 141 143 145 149 151 154 155 156 160 177 231 233 257 260 276 284 286 287 289 318 319 321 322 329 330 331 333 334 335 341 347 348 , 0 1 17 19 27 29 31 33 % 38 , 8
5 16 38 99 114 131 137 138 143 145 147 149 152 154 155 156 168 231 256 259 276 284 286 287 318 319 321 322 329 331 332 333 334 335 341 344 347 348 , 1 19 21 23 25 27 29 31 % 38 , 8
5 16 38 99 114 131 137 138 143 145 147 149 152 154 155 156 231 246 256 259 276 284 286 287 318 319 321 322 329 331 332 333 334 335 341 344 347 348 , 0 1 19 21 23 25 29 31 % 38 , 8
16 22 38 102 114 131 138 141 143 145 149 151 154 155 156 160 168 230 231 246 248 276 284 286 287 289 318 319 321 322 329 331 333 334 335 341 347 348 , 1 17 19 23 25 29 31 33 % 38 , 8
5 16 38 99 114 131 137 138 143 145 147 149 152 154 155 156 205 231 256 258 259 276 284 286 287 318 319 321 322 329 331 332 333 334 335 341 344 347 348 , 0 1 19 21 23 25 27 31 % 39 , 8
5 16 22 38 99 114 131 138 141 143 145 149 151 154 155 156 160 168 231 259 276 284 286 287 289 318 319 321 322 329 331 332 333 334 335 341 344 347 348 , 1 19 23 25 27 29 31 33 % 39 , 8
16 22 38 114 131 137 138 141 143 145 147 149 151 152 154 155 156 160 205 231 237 256 276 284 286 287 289 318 319 321 322 329 331 333 334 335 341 347 348 , 0 1 17 19 23 25 27 31 % 39 , 8
5 16 38 99 106 114 131 137 138 143 145 147 149 152 154 155 156 231 256 259 273 276 284 286 287 318 319 321 322 329 331 332 333 334 335 341 344 347 348 , 0 1 21 23 25 27 29 31 % 39 , 8
5 16 38 99 114 117 131 138 143 145 149 154 155 156 205 207 231 233 258 259 276 284 286 287 318 319 321 322 329 330 331 332 333 334 335 341 344 347 348 , 0 1 19 21 23 27 31 33 % 39 , 8
