16 22 32 38 48 60 155 161 195 241 243 245 259 287 288 321 330 331 332 342 344 347 348 349 350 , 10 14 16 18 22 6 8 % 25 , 7
16 48 54 107 155 161 205 241 243 245 287 288 304 319 321 329 330 331 332 342 346 347 348 349 350 , 10 12 14 22 26 6 8 % 25 , 7
16 22 26 32 38 40 48 60 62 72 90 107 125 169 177 241 243 287 293 304 321 332 347 348 349 , 10 12 14 16 2 4 8 % 25 , 7
8 10 12 16 22 32 38 44 46 48 54 60 76 90 117 179 241 243 287 293 321 329 332 348 349 , 12 14 18 2 20 4 6 % 25 , 7
16 38 48 50 60 155 161 195 241 243 245 259 287 288 293 321 330 331 332 342 344 347 348 349 350 , 10 14 16 18 24 6 8 % 25 , 7
16 48 50 107 155 161 177 241 243 245 287 288 289 293 304 319 321 330 331 332 342 347 348 349 350 , 10 12 14 16 24 26 8 % 25 , 7
8 12 16 38 44 46 48 60 74 76 107 203 205 241 243 245 259 287 319 321 331 332 344 348 349 , 10 14 20 22 24 4 6 % 25 , 7
10 12 16 22 32 38 44 46 48 60 76 107 177 241 243 245 259 287 319 321 331 332 344 348 349 , 10 12 14 16 20 22 4 % 25 , 7
16 22 32 38 48 54 60 117 155 161 241 243 245 259 287 318 321 329 331 332 342 344 348 349 350 , 12 14 18 20 22 6 8 % 25 , 7
10 12 16 22 32 38 44 46 48 60 74 76 107 241 243 245 259 287 319 321 331 332 344 348 349 , 10 14 16 20 22 4 6 % 25 , 7
2 16 22 32 38 48 60 90 155 161 234 241 243 245 259 287 293 321 331 332 342 344 348 349 350 , 10 12 16 18 20 6 8 % 25 , 7
16 38 48 50 60 155 161 241 243 245 259 287 288 289 293 321 330 331 332 342 344 347 348 349 350 , 10 12 14 16 18 24 8 % 25 , 7
10 12 16 22 24 32 38 44 46 48 60 74 76 241 243 245 259 287 321 331 332 344 347 348 349 , 10 14 16 18 22 4 6 % 25 , 7
8 10 12 16 22 32 38 44 46 48 54 60 74 76 90 179 241 243 287 293 321 329 332 348 349 , 10 14 18 2 20 4 6 % 25 , 7
8 12 16 38 44 46 48 60 76 107 179 205 241 243 245 259 287 293 319 321 331 332 344 348 349 , 10 12 14 20 24 4 6 % 25 , 7
16 22 32 38 48 60 84 90 155 161 234 241 243 245 259 287 293 321 331 332 342 344 348 349 350 , 12 14 16 18 20 6 8 % 25 , 7
12 16 24 38 44 46 48 60 76 179 241 243 245 259 287 293 303 321 331 332 341 344 347 348 349 , 10 12 16 18 24 4 6 % 25 , 7
12 16 24 38 44 46 48 58 60 76 107 179 231 241 243 287 293 303 304 321 332 341 347 348 349 , 10 12 16 2 24 4 6 % 25 , 7
16 46 48 50 58 107 155 161 241 243 245 287 288 293 304 319 321 330 331 332 342 347 348 349 350 , 10 12 14 16 24 26 6 % 25 , 7
16 22 32 38 48 60 90 155 161 195 234 241 243 245 259 287 293 321 331 332 342 344 348 349 350 , 10 14 16 18 20 6 8 % 25 , 7
12 16 38 44 46 48 60 76 107 177 179 241 243 245 259 287 289 293 319 321 331 332 344 348 349 , 10 12 14 16 20 24 4 % 25 , 7
8 10 12 16 22 32 38 44 46 48 54 60 74 76 107 203 205 241 243 287 321 329 332 348 349 , 10 14 2 20 22 4 6 % 25 , 7
16 48 50 54 155 161 234 241 243 245 270 287 288 293 317 321 329 330 331 332 342 347 348 349 350 , 10 12 14 18 26 6 8 % 25 , 7
12 16 38 46 48 50 58 107 155 161 241 243 245 259 287 288 293 304 319 321 331 332 342 344 350 , 10 12 14 16 24 30 6 % 25 , 7
11 14 25 30 35 69 80 81 101 105 129 147 173 175 189 214 216 222 228 302 312 320 333 334 335 , 14 18 20 22 24 30 32 % 25 , 7
16 38 48 50 60 84 155 161 241 243 245 259 287 288 293 321 330 331 332 342 344 347 348 349 350 , 12 14 16 18 24 6 8 % 25 , 7
16 38 48 60 107 117 155 161 205 241 243 245 259 287 292 318 319 321 331 332 342 344 348 349 350 , 12 14 20 22 24 6 8 % 25 , 7
12 16 24 38 46 48 58 155 161 241 243 245 287 288 293 319 321 330 331 332 342 344 348 349 350 , 10 12 14 16 24 28 6 % 25 , 7
12 16 24 38 46 48 58 155 161 241 243 245 287 288 303 319 321 330 331 332 342 344 348 349 350 , 10 12 16 22 24 28 6 % 25 , 7
11 14 25 30 35 80 81 101 105 129 141 147 173 175 189 214 216 222 228 302 312 320 333 334 335 , 18 20 22 24 28 30 32 % 25 , 7
16 22 32 38 48 54 60 107 117 205 241 243 245 259 287 292 318 319 321 329 331 332 344 348 349 , 12 14 20 22 4 6 8 % 25 , 7
16 22 32 38 48 60 155 161 241 243 245 259 287 288 303 321 330 331 332 342 344 347 348 349 350 , 10 12 16 18 22 6 8 % 25 , 7
16 38 48 60 155 161 195 241 243 245 259 287 288 303 313 321 330 331 332 342 344 347 348 349 350 , 10 16 18 22 24 6 8 % 25 , 7
10 12 16 22 24 32 38 44 46 48 60 76 241 243 245 259 287 303 321 331 332 344 347 348 349 , 10 12 16 18 22 4 6 % 25 , 7
16 22 32 38 48 60 62 72 90 169 234 241 243 245 259 287 289 293 321 331 332 344 347 348 349 , 10 12 14 16 18 4 8 % 25 , 7
12 16 24 38 46 48 90 155 161 234 241 243 245 287 288 293 321 330 331 332 342 344 348 349 350 , 10 12 14 16 18 28 6 % 25 , 7
16 22 32 38 48 60 126 155 161 241 243 245 259 287 288 321 330 331 332 342 344 347 348 349 350 , 10 12 14 16 18 22 8 % 25 , 7
8 12 16 38 44 46 48 60 76 107 117 205 241 243 245 259 287 292 318 319 321 331 332 344 348 349 , 12 14 20 22 24 4 6 % 26 , 7
16 38 48 60 107 155 161 195 241 243 245 259 287 288 304 319 321 330 331 332 342 344 347 348 349 350 , 10 14 16 22 24 6 8 % 26 , 7
2 16 22 32 38 48 60 62 72 90 234 241 243 245 259 287 293 303 321 331 332 341 344 347 348 349 , 10 12 16 18 4 6 8 % 26 , 7
12 16 20 24 36 38 44 46 48 60 74 76 119 179 241 243 287 293 303 313 321 332 341 347 348 349 , 10 16 18 2 24 4 6 % 26 , 7
16 22 32 38 48 54 60 90 155 161 234 241 243 245 259 287 293 321 329 331 332 342 344 348 349 350 , 10 12 14 18 20 6 8 % 26 , 7
16 38 48 60 107 155 161 241 243 245 259 287 288 303 304 319 321 330 331 332 342 344 347 348 349 350 , 10 12 16 22 24 6 8 % 26 , 7
16 48 50 107 155 161 231 241 243 245 287 288 293 303 304 319 321 330 331 332 341 342 347 348 349 350 , 10 12 16 24 26 6 8 % 26 , 7
10 12 16 22 24 32 38 44 46 48 60 62 72 74 76 90 179 241 243 287 293 321 332 347 348 349 , 10 14 16 18 2 4 6 % 26 , 7
8 10 12 16 22 32 38 44 46 48 54 60 74 76 241 243 245 259 287 321 329 331 332 344 348 349 , 10 14 18 20 22 4 6 % 26 , 7
12 16 24 38 44 46 48 58 60 76 107 177 241 243 245 259 287 304 319 321 331 332 344 347 348 349 , 10 12 14 16 22 24 4 % 26 , 7
10 12 16 22 26 32 38 39 44 46 48 60 74 76 90 107 179 201 241 243 287 293 321 332 348 349 , 10 14 16 2 20 4 6 % 26 , 7
12 16 24 38 44 46 48 58 60 76 107 241 243 245 259 287 292 304 319 321 331 332 344 347 348 349 , 12 14 16 22 24 4 6 % 26 , 7
2 10 12 16 22 26 32 38 39 44 46 48 60 76 90 107 179 201 241 243 287 293 321 332 348 349 , 10 12 16 2 20 4 6 % 26 , 7
16 22 26 32 38 48 60 90 107 169 177 234 241 243 245 259 287 289 293 319 321 331 332 344 348 349 , 10 12 14 16 20 4 8 % 26 , 7
16 38 48 50 60 155 161 241 243 245 259 287 288 293 303 321 330 331 332 341 342 344 347 348 349 350 , 10 12 16 18 24 6 8 % 26 , 7
10 12 16 22 24 32 38 44 46 48 60 62 72 76 90 179 241 243 287 288 293 321 332 347 348 349 , 10 12 14 16 18 2 6 % 26 , 7
12 16 24 38 44 46 48 58 60 74 76 107 241 243 245 259 287 304 319 321 331 332 344 347 348 349 , 10 14 16 22 24 4 6 % 26 , 7
8 12 16 38 44 46 48 60 76 117 155 161 241 243 245 259 287 318 321 331 332 342 344 348 349 350 , 12 14 18 20 22 24 6 % 26 , 7
