8 12 16 38 44 46 48 60 74 76 155 161 195 241 243 245 259 287 321 331 332 342 344 348 349 350 , 10 14 18 20 22 24 6 % 26 , 7
16 22 32 38 48 60 90 155 161 169 234 241 243 245 259 287 289 293 321 331 332 342 344 348 349 350 , 10 12 14 16 18 20 8 % 26 , 7
16 22 32 38 48 54 60 155 161 241 243 245 259 287 288 321 329 330 331 332 342 344 347 348 349 350 , 10 12 14 18 22 6 8 % 26 , 7
16 38 48 60 107 155 161 177 241 243 245 259 287 288 304 319 321 330 331 332 342 344 347 348 349 350 , 10 12 14 16 22 24 8 % 26 , 7
11 13 14 25 30 35 80 81 101 105 129 142 147 173 175 189 214 216 222 228 302 312 320 333 334 335 , 14 18 22 24 28 30 32 % 26 , 7
10 12 16 22 24 32 38 44 46 48 60 62 72 76 90 169 179 241 243 287 293 321 332 347 348 349 , 10 12 14 16 18 2 4 % 26 , 7
12 16 24 38 44 46 48 58 60 76 107 241 243 245 259 287 303 304 319 321 331 332 344 347 348 349 , 10 12 16 22 24 4 6 % 26 , 7
11 14 25 30 35 80 81 101 105 129 147 173 175 189 214 216 222 228 270 302 312 320 333 334 335 341 , 14 20 22 24 28 30 32 % 26 , 7
2 8 10 12 16 22 32 38 44 46 48 54 60 76 90 179 241 243 287 293 321 322 329 332 348 349 , 10 12 18 2 20 4 6 % 26 , 7
16 22 26 32 38 48 54 60 90 107 205 234 241 243 245 259 287 293 319 321 329 331 332 344 348 349 , 10 12 14 20 4 6 8 % 26 , 7
8 12 16 38 44 46 48 60 76 155 161 179 241 243 245 259 287 293 321 331 332 342 344 348 349 350 , 10 12 14 18 20 24 6 % 26 , 7
12 16 38 44 46 48 60 76 155 161 179 241 243 245 259 287 289 293 321 331 332 342 344 348 349 350 , 10 12 14 16 18 20 24 % 26 , 7
16 38 48 60 107 155 161 241 243 245 259 287 288 292 304 319 321 330 331 332 342 344 347 348 349 350 , 12 14 16 22 24 6 8 % 26 , 7
10 12 16 22 32 38 44 46 48 60 76 107 207 241 243 245 259 287 292 319 321 331 332 344 348 349 , 12 14 16 20 22 4 6 % 26 , 7
12 16 38 44 46 48 60 76 107 155 161 177 241 243 245 259 287 319 321 331 332 342 344 348 349 350 , 10 12 14 16 20 22 24 % 26 , 7
11 14 25 30 35 67 80 81 101 105 129 147 173 175 189 196 214 216 222 228 302 312 320 333 334 335 , 14 18 20 22 24 28 32 % 26 , 7
8 10 12 16 22 32 38 44 46 48 54 60 76 90 116 169 179 241 243 287 293 321 329 332 348 349 , 10 12 14 18 2 20 4 % 26 , 7
16 48 50 119 148 155 161 195 241 243 245 287 288 293 303 313 321 330 331 332 341 342 347 348 349 350 , 10 16 18 24 26 6 8 % 26 , 7
12 16 24 38 46 48 58 99 155 161 241 243 245 287 288 292 319 321 330 331 332 342 344 348 349 350 , 12 14 16 22 24 28 6 % 26 , 7
16 20 33 36 46 48 119 148 155 161 241 243 245 287 288 293 303 313 321 330 331 332 342 348 349 350 , 10 16 18 24 26 28 6 % 26 , 7
16 38 48 60 107 155 161 205 241 243 245 259 287 288 304 319 321 330 331 332 342 344 347 348 349 350 , 10 12 14 22 24 6 8 % 26 , 7
12 16 38 44 46 48 60 76 84 155 161 179 241 243 245 259 287 293 321 331 332 342 344 348 349 350 , 12 14 16 18 20 24 6 % 26 , 7
16 22 32 38 48 60 107 155 161 241 243 245 259 287 288 304 319 321 330 331 332 342 344 347 348 349 350 , 10 12 14 16 22 6 8 % 27 , 7
12 16 38 44 46 48 60 76 107 155 161 179 241 243 245 259 287 293 319 321 331 332 342 344 348 349 350 , 10 12 14 16 20 24 6 % 27 , 7
16 38 48 50 60 107 155 161 241 243 245 259 287 288 293 304 319 321 330 331 332 342 344 347 348 349 350 , 10 12 14 16 24 6 8 % 27 , 7
16 22 26 32 38 48 60 90 107 155 161 234 241 243 245 259 287 293 319 321 331 332 342 344 348 349 350 , 10 12 14 16 20 6 8 % 27 , 7
10 12 16 22 32 38 44 46 48 60 74 76 90 179 234 241 243 245 259 287 293 321 331 332 344 348 349 , 10 14 16 18 20 4 6 % 27 , 7
12 16 38 44 46 48 60 74 76 107 155 161 195 241 243 245 259 287 319 321 331 332 342 344 348 349 350 , 10 14 16 20 22 24 6 % 27 , 7
2 16 22 32 38 48 54 60 62 72 90 127 241 243 270 287 293 303 317 321 322 329 332 341 347 348 349 , 10 12 18 2 4 6 8 % 27 , 7
12 16 38 44 46 48 60 74 76 155 161 179 195 241 243 245 259 287 293 321 331 332 342 344 348 349 350 , 10 14 16 18 20 24 6 % 27 , 7
12 16 38 44 46 48 60 76 99 107 155 161 241 243 245 259 287 292 319 321 331 332 342 344 348 349 350 , 12 14 16 20 22 24 6 % 27 , 7
10 12 16 22 26 32 38 39 44 46 48 60 76 90 107 169 177 179 201 241 243 287 293 321 332 348 349 , 10 12 14 16 2 20 4 % 27 , 7
16 22 32 38 48 54 60 62 72 90 234 241 243 245 259 270 287 293 317 321 329 331 332 344 347 348 349 , 10 12 14 18 4 6 8 % 27 , 7
8 10 12 16 22 24 32 38 44 46 48 54 58 60 76 107 205 241 243 287 304 321 329 332 347 348 349 , 10 12 14 2 22 4 6 % 27 , 7
8 12 16 38 44 46 48 60 76 107 155 161 205 241 243 245 259 287 319 321 331 332 342 344 348 349 350 , 10 12 14 20 22 24 6 % 27 , 7
8 10 12 16 22 32 38 44 46 48 54 60 76 117 241 243 245 259 287 318 321 329 331 332 344 348 349 , 12 14 18 20 22 4 6 % 27 , 7
2 10 12 16 22 32 38 44 46 48 60 76 90 179 234 241 243 245 259 287 293 321 331 332 344 348 349 , 10 12 16 18 20 4 6 % 27 , 7
8 12 16 24 38 44 46 48 58 60 76 107 205 241 243 245 259 287 304 319 321 331 332 344 347 348 349 , 10 12 14 22 24 4 6 % 27 , 7
16 48 54 107 127 141 147 205 231 241 243 270 287 293 302 303 304 317 321 322 329 332 333 341 347 348 349 , 10 12 2 26 4 6 8 % 27 , 7
11 14 25 30 31 35 80 81 101 105 129 147 173 175 189 213 214 216 222 228 231 302 312 320 333 334 335 , 14 18 20 22 28 30 32 % 27 , 7
8 10 12 16 22 24 32 38 44 46 48 54 60 76 241 243 245 259 287 321 329 331 332 344 347 348 349 , 10 12 14 18 22 4 6 % 27 , 7
12 16 24 38 44 46 48 58 60 76 107 179 241 243 245 259 287 293 304 319 321 331 332 344 347 348 349 , 10 12 14 16 24 4 6 % 27 , 7
16 22 32 38 48 54 60 107 155 161 205 241 243 245 259 287 319 321 329 331 332 342 344 346 348 349 350 , 10 12 14 20 22 6 8 % 27 , 7
8 10 12 16 22 32 38 44 46 48 54 60 76 107 205 241 243 245 259 287 319 321 329 331 332 344 348 349 , 10 12 14 20 22 4 6 % 28 , 7
10 12 16 22 24 32 38 44 46 48 58 60 76 107 241 243 245 259 287 304 319 321 331 332 344 347 348 349 , 10 12 14 16 22 4 6 % 28 , 7
12 16 24 38 44 46 48 60 76 155 161 241 243 245 259 287 288 303 321 330 331 332 342 344 347 348 349 350 , 10 12 16 18 22 24 6 % 28 , 7
2 16 22 26 32 38 40 48 60 62 72 90 107 125 147 231 241 243 287 293 303 304 321 332 341 347 348 349 , 10 12 16 2 4 6 8 % 28 , 7
8 12 16 24 38 44 46 48 60 76 155 161 241 243 245 259 287 288 321 330 331 332 342 344 347 348 349 350 , 10 12 14 18 22 24 6 % 28 , 7
10 12 16 22 32 38 44 46 48 60 74 76 155 161 195 241 243 245 259 287 321 331 332 342 344 348 349 350 , 10 14 16 18 20 22 6 % 28 , 7
10 12 16 22 32 38 44 46 48 60 76 90 169 179 234 241 243 245 259 287 289 293 321 331 332 344 348 349 , 10 12 14 16 18 20 4 % 28 , 7
10 12 16 22 32 38 44 46 48 60 76 107 155 161 241 243 245 258 259 287 319 321 331 332 342 344 348 349 350 , 10 12 14 16 20 22 6 % 29 , 7
8 10 12 16 22 32 38 44 46 48 54 60 76 155 161 241 243 245 259 287 321 329 331 332 342 344 348 349 350 , 10 12 14 18 20 22 6 % 29 , 7
16 22 26 32 38 40 48 60 62 72 90 107 125 234 241 243 245 259 287 293 304 319 321 331 332 344 347 348 349 , 10 12 14 16 4 6 8 % 29 , 7
8 10 12 16 22 32 38 44 46 48 54 60 76 90 179 234 241 243 245 259 287 293 321 329 331 332 344 348 349 , 10 12 14 18 20 4 6 % 29 , 7
2 10 12 16 22 24 32 38 44 46 48 60 62 72 76 90 179 197 241 243 287 293 303 321 332 341 347 348 349 , 10 12 16 18 2 4 6 % 29 , 7
12 16 24 38 44 46 48 60 74 76 155 161 195 241 243 245 259 287 288 321 330 331 332 342 344 347 348 349 350 , 10 14 16 18 22 24 6 % 29 , 7
