10 12 16 22 24 32 38 44 46 48 60 62 72 76 90 179 234 241 243 245 259 287 293 321 331 332 344 347 348 349 , 10 12 14 16 18 4 6 % 30 , 7
10 12 16 22 24 32 38 44 46 48 60 76 155 161 241 243 245 259 287 288 321 330 331 332 342 344 347 348 349 350 , 10 12 14 16 18 22 6 % 30 , 7
8 10 12 16 22 26 32 38 39 44 46 48 54 60 76 90 107 179 201 205 209 241 243 287 293 321 329 332 348 349 , 10 12 14 2 20 4 6 % 30 , 7
10 12 16 22 32 38 44 46 48 60 76 90 155 161 179 234 241 243 245 259 287 293 321 331 332 342 344 348 349 350 , 10 12 14 16 18 20 6 % 30 , 7
12 16 24 38 44 46 48 50 60 76 155 161 179 241 243 245 259 287 288 293 321 330 331 332 342 344 347 348 349 350 , 10 12 14 16 18 24 6 % 30 , 7
16 22 32 38 48 50 60 62 72 90 155 161 234 241 243 245 259 287 288 293 321 330 331 332 342 344 347 348 349 350 , 10 12 14 16 18 6 8 % 30 , 7
8 10 12 16 22 24 32 38 44 46 48 54 60 62 72 76 90 179 241 243 270 287 293 317 321 329 332 347 348 349 , 10 12 14 18 2 4 6 % 30 , 7
12 16 24 38 44 46 48 58 60 76 107 155 161 241 243 245 259 287 288 304 319 321 330 331 332 342 344 347 348 349 350 , 10 12 14 16 22 24 6 % 31 , 7
16 38 114 131 138 143 145 149 154 155 156 205 231 246 252 276 284 286 287 318 319 321 322 329 331 333 334 335 341 347 348 , 0 1 17 21 25 31 33 % 31 , 7
10 12 16 22 26 32 38 39 44 46 48 60 76 90 107 179 201 234 241 243 245 259 287 293 319 321 331 332 344 348 349 , 10 12 14 16 20 4 6 % 31 , 7
10 12 16 22 24 26 32 38 39 40 44 46 48 58 60 62 72 76 90 107 125 179 201 241 243 287 293 304 321 332 347 348 349 , 10 12 14 16 2 4 6 % 33 , 7
16 38 88 114 131 138 143 145 149 154 155 156 168 203 205 231 276 284 286 287 290 318 319 321 322 329 331 333 334 335 341 347 348 , 1 17 19 21 25 27 33 % 33 , 7
16 38 114 131 138 143 145 149 154 155 156 168 205 231 233 257 276 284 286 287 318 319 321 322 329 330 331 333 334 335 341 347 348 , 1 17 19 21 27 31 33 % 33 , 7
16 38 73 114 131 138 143 145 149 154 155 156 205 231 233 246 276 284 286 287 318 319 321 322 329 330 331 333 334 335 341 347 348 , 0 1 17 21 23 31 33 % 33 , 7
16 38 114 131 138 143 145 149 154 155 156 205 231 233 246 257 276 284 286 287 318 319 321 322 329 330 331 333 334 335 341 347 348 , 0 1 17 19 21 31 33 % 33 , 7
16 38 88 114 131 138 143 145 149 154 155 156 168 203 205 231 233 276 284 286 287 318 319 321 322 329 330 331 333 334 335 341 347 348 , 1 17 19 21 23 27 33 % 34 , 7
16 38 73 114 131 138 143 145 149 154 155 156 231 233 246 252 257 276 284 286 287 318 319 321 322 329 330 331 333 334 335 341 347 348 , 0 1 17 21 29 31 33 % 34 , 7
16 38 88 114 131 138 143 145 149 154 155 156 168 203 231 233 257 276 284 286 287 318 319 321 322 329 330 331 333 334 335 341 347 348 , 1 17 19 21 27 29 33 % 34 , 7
16 38 102 114 131 138 143 145 149 154 155 156 168 230 231 246 248 252 276 284 286 287 318 319 321 322 329 331 333 334 335 341 347 348 , 1 17 21 25 29 31 33 % 34 , 7
16 38 88 114 128 131 138 143 145 149 154 155 156 178 203 231 246 252 276 284 286 287 318 319 321 322 329 331 333 334 335 341 347 348 , 0 1 17 21 25 29 33 % 34 , 7
6 16 22 26 32 38 40 48 54 60 62 72 82 90 107 125 141 183 205 217 223 241 243 270 287 293 304 317 321 329 332 347 348 349 , 10 12 14 2 4 6 8 % 34 , 7
16 38 114 131 137 138 143 145 147 149 152 154 155 156 168 205 231 256 273 276 284 286 287 318 319 321 322 329 331 333 334 335 341 347 348 , 1 17 21 23 25 27 31 % 35 , 7
16 38 88 114 131 138 143 145 149 154 155 156 203 205 231 233 257 276 284 286 287 290 318 319 321 322 329 330 331 333 334 335 341 347 348 , 0 1 17 19 21 27 33 % 35 , 7
16 38 114 131 137 138 143 145 147 149 152 154 155 156 205 231 246 256 276 284 286 287 318 319 321 322 323 329 331 333 334 335 341 347 348 , 0 1 17 19 21 25 31 % 35 , 7
16 38 88 114 131 138 143 145 149 154 155 156 178 203 205 231 233 246 276 284 286 287 318 319 321 322 329 330 331 333 334 335 341 347 348 , 0 1 17 19 21 23 33 % 35 , 7
16 38 114 131 137 138 143 145 147 149 152 154 155 156 168 205 231 256 276 284 286 287 318 319 321 322 323 329 331 333 334 335 341 347 348 , 1 17 19 21 25 27 31 % 35 , 7
16 38 88 114 128 131 138 143 145 149 154 155 156 178 203 205 231 246 276 284 286 287 290 318 319 321 322 329 331 333 334 335 341 347 348 , 0 1 17 19 21 25 33 % 35 , 7
16 38 114 131 137 138 143 145 147 149 152 154 155 156 168 231 256 273 276 284 286 287 318 319 321 322 323 329 331 333 334 335 341 347 348 , 1 17 21 25 27 29 31 % 35 , 7
16 38 114 131 137 138 143 145 147 149 152 154 155 156 205 231 246 256 273 276 284 286 287 318 319 321 322 329 331 333 334 335 341 347 348 , 0 1 17 21 23 25 31 % 35 , 7
16 38 114 131 137 138 143 145 147 149 152 154 155 156 205 231 256 273 276 284 286 287 318 319 321 322 323 329 331 333 334 335 341 347 348 , 0 1 17 21 25 27 31 % 35 , 7
16 38 102 114 131 138 143 145 149 154 155 156 168 230 231 233 246 248 257 276 284 286 287 318 319 321 322 329 330 331 333 334 335 341 347 348 , 1 17 19 21 29 31 33 % 36 , 7
16 38 88 114 128 131 138 143 145 149 154 155 156 178 203 231 233 246 257 276 284 286 287 318 319 321 322 329 330 331 333 334 335 341 347 348 , 0 1 17 19 21 29 33 % 36 , 7
16 38 114 131 137 138 143 145 147 149 152 154 155 156 231 246 252 256 273 276 284 286 287 318 319 321 322 323 329 331 333 334 335 341 347 348 , 0 1 17 21 25 29 31 % 36 , 7
16 38 114 131 137 138 143 145 147 149 152 154 155 156 168 205 231 233 256 276 284 286 287 318 319 321 322 329 330 331 333 334 335 341 347 348 , 1 17 19 21 23 27 31 % 36 , 7
16 22 38 114 131 138 141 143 145 149 151 154 155 156 160 205 231 246 260 276 284 286 287 289 318 319 321 322 329 331 333 334 335 341 347 348 , 0 1 17 19 25 31 33 % 36 , 7
15 16 38 73 88 114 131 138 143 145 149 154 155 156 178 203 231 233 246 276 284 286 287 318 319 321 322 329 330 331 333 334 335 341 347 348 , 0 1 17 21 23 29 33 % 36 , 7
16 22 38 114 131 138 141 143 145 149 151 154 155 156 160 168 205 231 260 276 284 286 287 289 318 319 321 322 329 331 333 334 335 341 347 348 , 1 17 19 25 27 31 33 % 36 , 7
16 38 102 114 131 138 143 145 149 154 155 156 168 205 230 231 233 246 248 276 284 286 287 318 319 321 322 329 330 331 333 334 335 341 347 348 , 1 17 19 21 23 31 33 % 36 , 7
16 38 114 131 137 138 143 145 147 149 152 154 155 156 205 231 233 246 256 276 284 286 287 318 319 321 322 329 330 331 333 334 335 341 347 348 , 0 1 17 19 21 23 31 % 36 , 7
5 16 38 99 106 114 131 138 143 145 149 154 155 156 231 246 252 259 276 284 286 287 318 319 321 322 329 331 332 333 334 335 341 344 347 348 , 0 1 21 25 29 31 33 % 36 , 7
16 38 73 102 114 131 138 143 145 149 154 155 156 168 230 231 233 246 248 276 284 286 287 318 319 321 322 329 330 331 333 334 335 341 347 348 , 1 17 21 23 29 31 33 % 36 , 7
5 16 38 88 99 106 114 131 138 143 145 149 154 155 156 168 203 231 259 276 284 286 287 318 319 321 322 329 331 332 333 334 335 341 344 347 348 , 1 21 23 25 27 29 33 % 37 , 7
16 38 114 131 137 138 143 145 147 149 152 154 155 156 231 233 246 256 257 276 284 286 287 318 319 321 322 323 329 330 331 333 334 335 341 347 348 , 0 1 17 19 21 29 31 % 37 , 7
16 38 114 131 137 138 143 145 147 149 152 154 155 156 205 231 233 256 257 276 284 286 287 318 319 321 322 323 329 330 331 333 334 335 341 347 348 , 0 1 17 19 21 27 31 % 37 , 7
16 38 88 114 131 137 138 143 145 147 149 152 154 155 156 168 203 231 256 276 284 286 287 318 319 321 322 323 329 331 333 334 335 341 346 347 348 , 1 17 19 21 25 27 29 % 37 , 7
16 38 88 114 131 137 138 143 145 147 149 152 154 155 156 168 203 205 231 256 276 284 286 287 318 319 321 322 329 331 333 334 335 341 346 347 348 , 1 17 19 21 23 25 27 % 37 , 7
16 22 38 88 114 131 138 141 143 145 149 151 154 155 156 160 171 203 231 260 276 284 286 287 289 318 319 321 322 329 331 333 334 335 341 347 348 , 0 1 17 25 27 29 33 % 37 , 7
16 38 39 114 131 137 138 143 145 147 149 152 154 155 156 168 231 233 256 273 276 284 286 287 318 319 321 322 329 330 331 333 334 335 341 347 348 , 1 17 21 23 27 29 31 % 37 , 7
5 16 38 99 106 114 131 138 143 145 149 154 155 156 205 231 246 258 259 276 284 286 287 318 319 321 322 329 331 332 333 334 335 341 344 347 348 , 0 1 21 23 25 31 33 % 37 , 7
16 22 38 88 114 131 138 141 143 145 149 151 154 155 156 160 168 203 231 260 276 284 286 287 289 318 319 321 322 329 331 333 334 335 341 347 348 , 1 17 19 25 27 29 33 % 37 , 7
16 38 114 131 137 138 143 145 147 149 152 154 155 156 168 231 233 256 257 276 284 286 287 318 319 321 322 323 329 330 331 333 334 335 341 347 348 , 1 17 19 21 27 29 31 % 37 , 7
16 22 38 114 131 138 141 143 145 149 151 154 155 156 160 208 231 246 252 260 276 284 286 287 289 318 319 321 322 329 331 333 334 335 341 347 348 , 0 1 17 25 29 31 33 % 37 , 7
5 16 38 99 106 114 131 138 143 145 149 154 155 156 168 205 231 258 259 276 284 286 287 318 319 321 322 329 331 332 333 334 335 341 344 347 348 , 1 21 23 25 27 31 33 % 37 , 7
16 38 39 114 131 137 138 143 145 147 149 152 154 155 156 205 231 233 238 256 273 276 284 286 287 318 319 321 322 329 330 331 333 334 335 341 347 348 , 0 1 17 21 23 27 31 % 38 , 7
16 38 39 73 114 131 137 138 143 145 147 149 152 154 155 156 231 233 246 256 273 276 284 286 287 318 319 321 322 329 330 331 333 334 335 341 347 348 , 0 1 17 21 23 29 31 % 38 , 7
5 16 38 88 99 114 131 138 143 145 149 154 155 156 168 203 205 231 258 259 276 284 286 287 318 319 321 322 329 331 332 333 334 335 341 344 347 348 , 1 19 21 23 25 27 33 % 38 , 7
