5 16 38 88 99 114 131 137 138 143 145 147 149 152 154 155 156 203 205 231 256 258 259 276 284 286 287 303 318 319 321 322 329 331 332 333 334 335 341 344 346 347 348 , 0 1 19 21 23 25 27 % 43 , 7
16 22 38 114 131 137 138 141 143 145 147 149 151 152 154 155 156 160 177 212 231 233 246 256 272 276 284 286 287 289 318 319 321 322 329 330 331 333 334 335 341 347 348 , 0 1 17 19 23 29 31 % 43 , 7
5 16 22 38 99 114 131 137 138 141 143 145 147 149 151 152 154 155 156 160 168 211 231 256 259 276 284 286 287 289 318 319 321 322 329 331 332 333 334 335 341 344 347 348 , 1 19 23 25 27 29 31 % 44 , 7
16 22 38 88 114 129 131 137 138 141 143 145 147 149 151 152 154 155 156 160 203 231 256 260 276 284 286 287 289 305 318 319 321 322 323 329 331 333 334 335 341 346 347 348 , 0 1 17 19 25 27 29 % 44 , 7
5 16 22 38 99 114 117 131 138 141 143 145 149 151 154 155 156 160 177 212 231 233 246 259 276 284 286 287 289 318 319 321 322 329 330 331 332 333 334 335 341 344 347 348 , 0 1 19 23 29 31 33 % 44 , 7
5 16 22 38 99 114 131 137 138 141 143 145 147 149 151 152 154 155 156 160 211 231 246 256 259 276 284 286 287 289 318 319 321 322 329 331 332 333 334 335 341 344 347 348 , 0 1 19 23 25 29 31 % 44 , 7
16 22 38 39 114 131 137 138 141 143 145 147 149 151 152 154 155 156 160 177 231 233 256 270 272 273 276 284 286 287 289 318 319 321 322 329 330 331 333 334 335 341 347 348 , 0 1 17 23 27 29 31 % 44 , 7
16 22 38 88 114 129 131 137 138 141 143 145 147 149 151 152 154 155 156 160 178 203 231 246 256 276 284 286 287 289 305 318 319 321 322 329 331 333 334 335 341 346 347 348 , 0 1 17 19 23 25 29 % 44 , 7
5 16 38 94 99 114 115 117 131 137 138 143 145 147 149 152 154 155 156 231 233 256 257 259 276 277 284 286 287 318 319 321 322 323 329 330 331 332 333 334 335 341 344 347 348 , 0 1 19 21 27 29 31 % 45 , 7
5 16 22 38 99 114 117 131 138 141 143 145 149 151 154 155 156 160 177 231 233 257 259 260 276 284 286 287 288 289 318 319 321 322 329 330 331 332 333 334 335 341 344 347 348 , 0 1 19 27 29 31 33 % 45 , 7
9 16 22 38 88 114 129 131 137 138 141 143 145 147 149 151 152 154 155 156 160 203 231 256 270 273 276 284 286 287 289 305 318 319 321 322 329 331 333 334 335 341 346 347 348 , 0 1 17 23 25 27 29 % 45 , 7
5 16 22 38 99 106 114 117 131 138 141 143 145 146 149 151 154 155 156 160 177 198 231 233 259 276 284 286 287 289 318 319 321 322 329 330 331 332 333 334 335 341 344 347 348 , 0 1 23 27 29 31 33 % 45 , 7
5 16 22 38 99 114 117 131 138 141 143 145 149 151 154 155 156 160 177 205 207 231 233 258 259 276 284 286 287 289 318 319 321 322 329 330 331 332 333 334 335 341 344 347 348 , 0 1 19 23 27 31 33 % 45 , 7
5 16 22 38 88 99 114 117 131 138 141 143 145 149 151 154 155 156 160 177 203 213 231 233 259 276 284 286 287 289 318 319 321 322 329 330 331 332 333 334 335 341 344 347 348 , 0 1 19 23 27 29 33 % 45 , 7
5 9 16 38 88 99 106 114 131 137 138 143 145 147 149 152 154 155 156 197 203 231 239 256 259 273 276 284 286 287 318 319 321 322 329 331 332 333 334 335 341 344 346 347 348 , 0 1 21 23 25 27 29 % 45 , 7
16 22 38 87 114 131 137 138 141 143 145 147 149 151 152 154 155 156 160 177 231 233 256 257 260 272 276 284 286 287 289 318 319 321 322 323 329 330 331 333 334 335 341 347 348 , 0 1 17 19 27 29 31 % 45 , 7
16 22 38 88 114 129 131 137 138 141 143 145 147 149 151 152 154 155 156 160 173 203 205 231 237 256 276 284 286 287 289 305 318 319 321 322 329 331 333 334 335 341 342 346 347 348 , 0 1 17 19 23 25 27 % 46 , 7
5 16 22 38 99 114 131 137 138 141 143 145 147 149 151 152 154 155 156 160 205 211 231 237 256 258 259 276 284 286 287 289 318 319 321 322 329 331 332 333 334 335 341 344 347 348 , 0 1 19 23 25 27 31 % 46 , 7
16 22 38 88 114 120 129 131 137 138 141 143 145 147 149 151 152 154 155 156 160 177 203 231 233 256 272 276 284 286 287 289 305 318 319 321 322 329 330 331 333 334 335 341 346 347 348 , 0 1 17 19 23 27 29 % 47 , 7
5 16 22 38 94 99 114 115 131 137 138 141 143 145 147 149 151 152 154 155 156 160 211 231 256 259 260 276 284 286 287 288 289 318 319 321 322 323 329 331 332 333 334 335 341 344 347 348 , 0 1 19 25 27 29 31 % 48 , 7
5 16 22 38 99 106 114 131 137 138 141 143 145 147 149 151 152 154 155 156 160 198 211 231 256 259 270 273 276 284 286 287 289 313 318 319 321 322 329 331 332 333 334 335 341 344 347 348 , 0 1 23 25 27 29 31 % 48 , 7
5 16 22 38 99 114 117 131 137 138 141 143 145 147 149 151 152 154 155 156 160 177 211 231 233 256 259 272 276 284 286 287 289 318 319 321 322 329 330 331 332 333 334 335 341 344 347 348 , 0 1 19 23 27 29 31 % 48 , 7
5 16 22 38 88 99 114 129 131 137 138 141 143 145 147 149 151 152 154 155 156 160 203 211 231 247 256 259 276 284 286 287 289 305 318 319 321 322 329 331 332 333 334 335 341 344 345 346 347 348 , 0 1 19 23 25 27 29 % 50 , 7
12 16 38 44 46 48 60 76 155 161 179 241 243 245 259 287 293 321 331 332 342 344 348 349 350 , 10 12 14 16 18 20 24 6 % 25 , 8
10 12 16 22 26 32 38 39 44 46 48 60 76 90 107 179 201 241 243 287 293 321 332 348 349 , 10 12 14 16 2 20 4 6 % 25 , 8
16 38 48 60 107 155 161 241 243 245 259 287 288 304 319 321 330 331 332 342 344 347 348 349 350 , 10 12 14 16 22 24 6 8 % 25 , 8
8 10 12 16 22 32 38 44 46 48 54 60 76 241 243 245 259 287 321 329 331 332 344 348 349 , 10 12 14 18 20 22 4 6 % 25 , 8
12 16 38 44 46 48 60 76 107 155 161 241 243 245 259 287 319 321 331 332 342 344 348 349 350 , 10 12 14 16 20 22 24 6 % 25 , 8
12 16 24 38 44 46 48 58 60 76 107 241 243 245 259 287 304 319 321 331 332 344 347 348 349 , 10 12 14 16 22 24 4 6 % 25 , 8
10 12 16 22 24 32 38 44 46 48 60 62 72 76 90 179 241 243 287 293 321 332 347 348 349 , 10 12 14 16 18 2 4 6 % 25 , 8
12 16 38 44 46 48 60 74 76 155 161 195 241 243 245 259 287 321 331 332 342 344 348 349 350 , 10 14 16 18 20 22 24 6 % 25 , 8
10 12 16 22 32 38 44 46 48 60 76 155 161 241 243 245 259 287 321 331 332 342 344 348 349 350 , 10 12 14 16 18 20 22 6 % 26 , 8
10 12 16 22 32 38 44 46 48 60 76 90 179 234 241 243 245 259 287 293 321 331 332 344 348 349 , 10 12 14 16 18 20 4 6 % 26 , 8
12 16 24 38 44 46 48 60 76 155 161 241 243 245 259 287 288 321 330 331 332 342 344 347 348 349 350 , 10 12 14 16 18 22 24 6 % 27 , 8
16 38 114 131 138 143 145 149 154 155 156 231 246 252 276 284 286 287 318 319 321 322 329 331 333 334 335 341 347 348 , 0 1 17 21 25 29 31 33 % 30 , 8
16 38 114 131 138 143 145 149 154 155 156 168 205 231 233 276 284 286 287 318 319 321 322 329 330 331 333 334 335 341 347 348 , 1 17 19 21 23 27 31 33 % 32 , 8
16 38 73 114 131 138 143 145 149 154 155 156 231 233 246 276 284 286 287 318 319 321 322 329 330 331 333 334 335 341 347 348 , 0 1 17 21 23 29 31 33 % 32 , 8
16 38 114 131 138 143 145 149 154 155 156 205 231 233 257 276 284 286 287 318 319 321 322 329 330 331 333 334 335 341 347 348 , 0 1 17 19 21 27 31 33 % 32 , 8
16 38 114 131 138 143 145 149 154 155 156 168 231 233 257 276 284 286 287 318 319 321 322 329 330 331 333 334 335 341 347 348 , 1 17 19 21 27 29 31 33 % 32 , 8
16 38 88 114 131 138 143 145 149 154 155 156 203 205 231 276 284 286 287 290 318 319 321 322 329 331 333 334 335 341 347 348 , 0 1 17 19 21 25 27 33 % 32 , 8
16 38 114 131 138 143 145 149 154 155 156 205 231 233 246 276 284 286 287 318 319 321 322 329 330 331 333 334 335 341 347 348 , 0 1 17 19 21 23 31 33 % 32 , 8
16 38 114 131 138 143 145 149 154 155 156 231 233 246 257 276 284 286 287 318 319 321 322 329 330 331 333 334 335 341 347 348 , 0 1 17 19 21 29 31 33 % 32 , 8
16 38 88 114 131 138 143 145 149 154 155 156 168 203 205 231 276 284 286 287 318 319 321 322 329 331 333 334 335 341 347 348 , 1 17 19 21 23 25 27 33 % 32 , 8
16 38 88 114 128 131 138 143 145 149 154 155 156 178 203 231 246 276 284 286 287 318 319 321 322 329 331 333 334 335 341 347 348 , 0 1 17 19 21 25 29 33 % 33 , 8
16 38 88 114 131 138 143 145 149 154 155 156 168 203 231 233 276 284 286 287 318 319 321 322 329 330 331 333 334 335 341 347 348 , 1 17 19 21 23 27 29 33 % 33 , 8
16 38 88 114 131 138 143 145 149 154 155 156 203 231 233 257 276 284 286 287 318 319 321 322 329 330 331 333 334 335 341 347 348 , 0 1 17 19 21 27 29 33 % 33 , 8
16 38 88 114 131 138 143 145 149 154 155 156 203 205 231 233 276 284 286 287 318 319 321 322 329 330 331 333 334 335 341 347 348 , 0 1 17 19 21 23 27 33 % 33 , 8
16 38 88 114 131 138 143 145 149 154 155 156 178 203 205 231 246 276 284 286 287 318 319 321 322 329 331 333 334 335 341 347 348 , 0 1 17 19 21 23 25 33 % 33 , 8
16 38 114 131 137 138 143 145 147 149 152 154 155 156 205 231 246 256 276 284 286 287 318 319 321 322 329 331 333 334 335 341 347 348 , 0 1 17 19 21 23 25 31 % 34 , 8
16 38 114 131 137 138 143 145 147 149 152 154 155 156 231 256 273 276 284 286 287 318 319 321 322 323 329 331 333 334 335 341 347 348 , 0 1 17 21 25 27 29 31 % 34 , 8
16 38 114 131 137 138 143 145 147 149 152 154 155 156 168 205 231 256 276 284 286 287 318 319 321 322 329 331 333 334 335 341 347 348 , 1 17 19 21 23 25 27 31 % 34 , 8
16 38 114 131 137 138 143 145 147 149 152 154 155 156 168 231 256 276 284 286 287 318 319 321 322 323 329 331 333 334 335 341 347 348 , 1 17 19 21 25 27 29 31 % 34 , 8
16 38 102 114 131 138 143 145 149 154 155 156 168 205 230 231 246 248 276 284 286 287 318 319 321 322 329 331 333 334 335 341 347 348 , 1 17 19 21 23 25 31 33 % 34 , 8
16 38 114 131 137 138 143 145 147 149 152 154 155 156 168 231 256 273 276 284 286 287 318 319 321 322 329 331 333 334 335 341 347 348 , 1 17 21 23 25 27 29 31 % 34 , 8
16 38 114 131 137 138 143 145 147 149 152 154 155 156 205 231 256 276 284 286 287 318 319 321 322 323 329 331 333 334 335 341 347 348 , 0 1 17 19 21 25 27 31 % 34 , 8
16 38 114 131 137 138 143 145 147 149 152 154 155 156 231 246 256 276 284 286 287 318 319 321 322 323 329 331 333 334 335 341 347 348 , 0 1 17 19 21 25 29 31 % 34 , 8
