420
249
1360
2554
3498
1068
1402
2509
1031
3340
2072
397
1824
1587
350
2017
513
2647
3762
189
360
2027
3804
1342
280
3215
3692
2577
1262
3571
2540
36
744
1684
2095
373
3155
1726
3318
383
1355
2252
2415
3609
1147
1100
3238
2141
703
1656
1110
3248
258
59
1077
2071
3502
100
396
512
3131
2646
3390
934
151
1123
2401
489
3061
1133
2794
2109
605
2739
1424
3733
1271
1434
2331
2877
1846
3307
2210
2840
1008
3317
2906
164
794
2002
3663
1984
2298
1517
3292
2261
1146
1776
3618
2140
465
2770
2599
3247
2933
1447
887
2191
1076
3501
1869
558
1498
2645
2808
3686
2025
1377
2655
1340
2284
1970
2163
2793
2326
1132
3223
1544
233
2367
2997
1052
381
3316
2048
2001
326
1363
2011
3454
1526
2890
1775
1308
3246
627
1901
256
886
1609
2190
1868
2516
3339
1831
349
1539
2654
3551
3714
1168
16
1798
724
1761
450
1706
2584
2117
3232
2700
1098
242
1432
2376
1061
751
3199
2255
3782
2121
172
3107
3737
2422
3616
1937
1154
2931
2214
3092
1900
1729
2560
3037
1455
2399
428
66
1867
4
1200
2144
1029
1659
348
1288
2816
2608
1130
570
103
1923
612
2746
871
1223
2167
542
608
2676
1361
3736
3670
1524
964
843
1783
2977
3407
884
3036
2351
676
209
2981
1083
1028
3337
2143
1658
802
3184
3300
3129
194
310
1547
3504
398
102
1588
2236
732
1922
2582
3059
2745
3689
1714
3805
403
870
699
2537
3197
1222
662
3531
2329
541
3160
1014
3323
3790
704
170
2541
1426
1990
37
2420
745
125
2259
2212
3090
1727
2138
1574
1107
893
426
3045
3391
1245
3554
1657
2305
2935
259
1620
1449
3758
768
2290
2606
3721
101
3600
494
1921
2865
3058
286
2591
3068
402
2165
661
1851
2795
2328
2911
1013
3322
1643
332
3581
962
2800
2629
1781
2258
1944
3252
2221
3415
1106
1736
892
1365
2512
1244
2188
3619
847
3182
2151
192
1829
355
985
518
147
3646
2615
3057
2493
1712
697
3020
3650
1504
2957
3321
2053
378
615
1022
1197
3743
123
1780
1063
753
2257
1943
2887
382
1105
545
2395
1364
3673
1527
2187
1873
1090
2521
846
1035
2313
3507
3385
220
1457
3548
21
929
146
776
2233
2863
2080
1595
2243
1758
3066
2752
3696
1896
2544
1429
1641
2118
614
1804
2748
1270
960
3112
789
1433
2627
44
122
752
2256
1942
1225
3534
915
3371
2886
2419
1104
3413
707
1114
270
3205
3617
2349
2979
1034
3343
474
1664
637
2942
1293
266
1619
145
3394
308
3557
1127
567
1757
901
979
196
2817
3477
868
3440
821
3603
3778
613
2681
1020
539
3158
1479
1813
3741
168
502
1988
2636
53
1854
380
543
3162
2677
2010
335
1525
2469
681
691
3626
1663
2311
3764
362
1618
2515
3393
3709
1084
1593
2241
566
2404
3064
1385
200
2334
659
2964
1066
2909
241
1431
3740
3569
42
52
913
2894
1779
1112
431
1534
2728
2194
2310
2940
2769
1291
9
264
894
65
2611
936
1409
2287
783
565
2403
3347
728
1918
1765
291
3226
454
2607
866
2170
3601
1969
3277
2592
2908
621
1811
2755
796
1440
1269
3578
959
1603
1899
2263
1778
3541
2838
2685
1523
3115
3624
2986
8
1671
990
3772
2657
74
1626
2286
3183
1037
2661
986
1546
1709
1338
3647
2453
657
3276
2962
1064
1301
1694
3165
1486
2917
2383
50
3530
1898
587
2892
3540
1231
2054
550
1569
2217
2684
2847
3211
342
1532
2009
3003
3299
2985
1087
262
2100
425
2559
3207
3553
217
2522
1407
3345
726
28
573
1392
2040
1555
2749
2203
1718
244
2081
3275
1759
285
2590
2123
448
2916
3109
1601
2545
1277
2424
3368
749
2271
596
3331
1902
2475
1160
679
133
2984
1790
3414
3261
642
1115
2309
2939
3599
72
1624
1253
943
105
1045
354
2488
3136
517
2822
3766
1391
364
3645
1966
2614
2377
3492
3808
1346
2340
1855
2122
2799
2970
294
1017
457
1058
2173
1688
1021
2682
711
2845
340
169
1530
970
3122
3668
1989
2474
503
1322
2983
3631
2993
641
2145
804
3423
651
3052
433
2567
2520
3561
1882
2075
571
1207
1553
526
1716
1182
3024
2539
3654
664
3065
2751
3695
3228
609
1483
94
248
831
594
1067
2844
2061
1576
2224
549
720
2854
1109
2428
640
1580
2774
2307
3422
432
3051
2566
2900
2729
1414
2292
3399
2237
2867
2084
1770
1836
2612
937
3490
154
1344
784
2288
1974
2622
1507
317
900
663
3445
455
2589
0
2923
1808
1274
3583
247
1284
593
3375
1696
2843
385
2472
2635
3579
1367
1950
2427
1159
2936
2153
3097
2783
3213
441
1880
2866
2149
1205
1835
361
2495
2658
3773
153
3652
1973
2621
946
1353
3281
825
108
672
2176
3018
1273
3648
47
1065
3374
2180
1695
384
2852
1737
1700
2644
969
1996
1158
2523
1111
3420
3249
551
2055
714
2218
3096
1904
3467
848
2564
3212
1533
2727
222
1459
3397
778
1422
1204
2082
1051
2245
3189
3360
1214
370
199
1389
533
1723
1505
3280
1134
1764
2412
737
2958
3072
616
2921
245
875
3373
1227
1791
1074
546
958
175
1602
2480
1995
2643
968
921
3703
597
1157
1787
2272
476
2944
268
2573
602
2106
69
2736
3730
1203
3512
2147
1833
2777
3141
2110
435
3304
3771
2819
1625
161
1981
3605
499
1926
3234
1306
407
1347
3656
2341
666
2504
829
3164
1018
2133
708
1648
174
2679
1994
2805
3465
129
300
693
3628
2780
3257
1578
504
3049
3002
860
31
2994
1842
197
3150
2665
3488
1513
1762
3354
735
2239
3233
406
1280
3655
253
2387
2503
1235
1865
391
717
3118
595
128
721
2225
600
896
2104
276
1703
2363
3011
1878
1258
1888
1841
359
2901
81
942
322
952
114
1771
1304
3279
289
2594
3242
1563
3751
3034
1605
2720
2502
827
2178
2761
619
1
1493
3584
182
2803
2432
1947
1164
3473
12
3710
2988
3539
1957
1910
3265
646
2951
2733
2016
1998
2362
2992
1331
3469
1039
1669
2784
813
988
80
1632
3103
1187
2618
35
525
2029
2830
2593
1715
3033
2501
1070
1233
2511
3171
1492
2686
1655
181
1818
2478
974
507
919
1738
1585
2015
511
1701
3209
2524
1093
3802
1256
229
812
738
3357
3769
2291
1260
3102
34
1302
2409
3069
534
3699
2918
2384
3032
413
2547
3662
2394
1279
1862
3704
617
1491
2922
1024
1807
1654
3745
343
1283
3755
57
918
1792
2440
1325
1955
2899
3500
1584
1117
1747
2111
436
3685
2152
477
2782
1121
440
1630
2107
3101
1185
3731
158
33
2463
788
1978
1311
1941
3402
296
2667
3031
1352
1982
1515
3606
3290
834
463
2597
1816
3591
1445
3754
56
134
764
1954
927
144
393
1820
2013
1375
2198
694
3009
2161
1046
3355
1676
2791
820
1839
528
3147
1468
3777
79
1097
740
2874
1213
532
3697
1722
3077
1514
2392
2708
2555
833
1069
213
1699
2347
388
2759
1281
3123
254
2388
3753
55
763
1236
926
1582
2230
555
3174
1745
2860
718
3053
3216
347
1537
281
226
2531
856
3475
2790
648
601
994
277
78
156
786
1259
3521
2090
2406
1138
578
3447
2883
2416
1731
2925
1142
3451
115
2966
1290
2721
1999
1453
925
2276
3270
1591
1907
3682
2651
3627
3007
3637
647
1837
610
3308
1800
318
1192
948
2623
3567
165
795
2318
1767
2882
3075
369
2674
3104
2553
3497
878
1522
211
1697
3460
2345
2975
2508
3168
3798
2137
1823
2483
2895
924
1864
1081
716
1906
1590
563
2020
1535
508
2813
1545
3636
1891
2368
3362
3428
493
275
3774
76
1094
401
3729
1220
2414
1049
3358
1558
702
2206
1568
3029
3200
1933
298
99
414
261
1451
3760
62
3542
1080
3705
303
1960
1789
2437
599
17
2066
2696
725
1915
3472
136
1793
1326
766
3635
2441
1173
645
3264
3427
808
1682
1748
2159
2742
3219
284
1474
1637
400
3565
1419
3728
1983
1266
3575
956
1145
2260
1011
3149
330
3028
1520
3495
3658
3611
1196
668
2973
3621
1487
3796
3079
631
2765
1821
5
1450
186
61
2807
2273
1242
3170
2302
190
506
353
2487
516
3634
3644
2529
807
1681
2158
3273
654
1844
1255
695
3564
2533
584
2041
2671
1010
529
3148
1719
2051
255
2389
885
1358
3667
2505
3620
1237
2134
630
1570
2709
3587
3041
214
1871
3379
15
2064
1033
3342
3505
399
352
1589
1542
982
515
2649
861
1552
2157
653
1909
3217
282
1472
2120
1635
2750
2579
1264
954
1894
1427
1773
1056
2421
746
1936
909
2050
375
2680
1565
3110
1977
2625
1194
167
1139
750
1940
1769
458
3411
421
2773
2718
1403
3712
139
1796
14
2693
2226
2856
981
2018
1704
2648
3642
1125
815
2949
444
1634
607
1481
92
236
1893
1208
582
2879
3146
374
1564
2624
2471
1356
2004
675
3294
1148
838
2513
467