2 6 8 9 16 37 48 50 56 60 70 79 80 85 88 91 94 103 110 117 127 129 130 132 155 157 161 165 175 177 183 186 187 189 192 209 221 225 232 234 243 246 247 256 257 259 260 261 275 281 282 288 294 299 310 328 331 333 334 336 337 339 346 347 348 356 357 360 361 362 363 365 368 371 373 376 379 380 396 401 402 403 424 429 443 444 445 447 454 461 467 477 481 485 486 489 500 504 505 510 511 517 518 519 520 532 536 541 545 546 573 577 582 585 599 600 603 609 614 620 626 628 630 631 639 644 645 647 654 663 665 666 670 674 680 681 682 685 709 710 733 741 760,3 % 143,1
2 6 8 9 16 37 48 50 56 60 70 80 85 88 91 94 103 110 117 127 129 130 132 155 157 161 165 175 177 183 186 187 189 192 209 221 225 232 234 243 246 247 256 257 259 260 261 275 281 282 294 299 310 328 331 333 334 336 337 339 346 347 348 356 357 360 361 362 363 365 368 371 373 376 379 380 396 401 402 403 424 429 443 444 445 447 454 461 467 477 481 485 486 489 500 504 505 510 511 517 518 519 520 532 536 541 545 546 573 577 582 585 599 600 603 609 614 620 626 628 630 631 639 644 645 647 654 663 665 666 670 674 680 681 682 685 709 710 733 741 760,0 3 % 141,2
6 16 17 31 49 60 61 65 75 77 78 79 85 91 94 114 118 132 133 140 159 174 180 192 193 197 213 216 232 234 235 242 246 257 259 265 288 293 294 312 319 329 330 331 336 337 347 348 361 362 379 382 396 397 405 407 410 424 431 437 443 444 447 454 456 457 466 469 471 479 483 490 500 501 510 511 514 517 520 524 532 533 536 541 548 564 568 584 592 596 600 601 603 619 626 627 630 631 645 647 654 659 661 665 666 675 676 678 679 680 686 703 710 714 734 745 747 752 757 761 789 792 853 904 911 917 924 972 985 1033 1039 1046 1107 1155 1168 1351,1 % 136,1
4 6 16 17 21 31 43 49 60 61 63 65 75 77 79 85 91 94 111 118 132 133 140 159 174 187 192 193 197 213 234 235 242 246 257 259 265 288 294 300 312 315 319 329 330 331 336 337 338 339 347 348 352 353 361 362 379 382 392 396 397 405 407 410 424 431 437 443 444 447 454 456 457 466 469 479 483 490 500 501 510 511 514 517 520 522 524 532 533 536 538 541 548 564 568 600 601 603 619 626 630 631 635 641 645 647 654 659 661 665 675 678 680 694 703 710 714 734 745 747 757 761 792 853 916 1014,2 % 126,1
61 63 77 78 87 133 141 145 170 204 217 222 224 226 248 290 298 317 320 351 368 380 395 399 400 404 409 417 436 437 446 469 471 476 480 498 499 548 555 584 596 618 643 648 668 671 686 691 709 716 723 728 748 749 770 785 799 802 803 807 808 818 846 850 863 864 868 892 921 925 929 932 933 940 946 953 968 975 986 990 991 1000 1001 1043 1047 1051 1054 1062 1104 1108 1112 1115 1123 1151 1158 1161 1165 1169 1173 1174 1212 1216 1219 1226 1229 1234 1235 1273 1277 1280 1287 1290 1295 1296 1319 1348 1352 1356 1359 1367,3 % 120,1
4 16 17 21 31 43 49 63 75 78 79 111 114 118 132 140 159 174 180 187 192 197 213 216 232 234 242 246 257 265 288 293 300 312 315 329 330 331 337 338 339 352 353 362 382 392 396 405 410 424 431 444 454 456 457 466 471 483 490 501 514 517 522 524 532 538 548 564 584 592 596 600 601 619 626 627 630 631 635 641 665 666 676 678 679 686 694 703 710 745 752 761 789 904 911 916 917 924 972 985 1014 1033 1039 1046 1107 1155 1168 1351,0 % 108,1
6 16 17 31 49 60 61 65 75 77 79 85 91 94 118 132 133 140 159 174 192 193 197 213 234 235 242 246 257 259 265 288 294 312 319 329 330 331 336 337 347 348 361 362 379 382 396 397 405 407 410 424 431 437 443 444 447 454 456 457 466 469 479 483 490 500 501 510 511 514 517 520 524 532 533 536 541 548 564 568 600 601 603 619 626 630 631 645 647 654 659 661 665 675 678 680 703 710 714 734 745 747 757 761 792 853,1 2 % 106,2
4 6 21 43 60 61 63 65 77 78 85 91 94 111 114 133 180 187 193 216 232 235 242 259 293 294 300 315 319 330 336 338 339 347 348 352 353 361 379 392 397 407 437 443 447 466 469 471 479 500 501 510 511 520 522 524 533 536 538 541 568 584 592 596 603 627 635 641 645 647 654 659 661 666 675 676 679 680 686 694 714 734 745 747 752 757 789 792 853 904 911 916 917 924 972 985 1014 1033 1039 1046 1107 1155 1168 1351,3 % 104,1
0 11 14 32 38 40 44 54 58 66 73 84 89 93 97 116 118 125 140 142 143 147 156 160 171 188 193 196 198 201 237 240 245 250 272 273 292 301 309 311 324 325 340 344 366 387 398 410 415 438 440 449 458 472 487 491 494 496 502 507 547 549 554 558 559 564 568 583 590 616 621 623 625 632 633 636 637 638 651 652 653 660 683 697 698 700 704 705 707 708 712 715 718 719 735 739 746 754,0 3 % 98,2
10 17 26 30 31 35 36 43 49 52 53 65 75 87 90 96 100 111 115 119 141 158 159 174 190 204 212 213 217 222 224 228 235 264 265 268 289 290 293 298 312 313 314 317 319 329 338 349 353 369 382 392 399 400 409 417 428 431 435 446 456 457 479 499 514 523 553 555 571 574 578 592 601 618 627 629 641 643 648 659 672 678 688 689 703 714 723 725 734 748 749 757 761 1094 1338,3 % 95,1
10 26 30 31 35 36 46 49 52 53 65 75 87 90 96 100 111 115 119 141 158 159 174 190 204 212 213 217 222 225 228 235 264 265 268 289 290 293 298 312 313 314 317 319 329 353 369 382 391 392 399 400 402 409 417 428 431 435 446 456 479 488 499 514 523 553 555 571 574 578 592 601 618 627 629 641 648 659 672 678 688 689 703 714 723 725 734 748 749 757 761 1094 1338,0 % 93,1
63 141 180 216 217 222 224 290 298 317 368 369 380 395 399 400 417 446 480 555 618 694 709 748 749 770 785 799 802 803 807 808 818 846 850 863 864 868 921 925 929 932 933 940 946 953 968 975 986 990 991 1000 1001 1043 1047 1051 1054 1062 1104 1108 1112 1115 1123 1151 1158 1161 1165 1169 1173 1174 1212 1216 1219 1226 1229 1234 1235 1273 1277 1280 1287 1290 1295 1296 1319 1348 1352 1356 1359 1367,1 % 90,1
16 17 31 49 75 78 79 114 118 132 140 159 174 180 192 197 213 216 232 234 242 246 257 265 288 293 312 329 330 331 337 362 382 396 405 410 424 431 444 454 456 457 466 471 483 490 501 514 517 524 532 548 564 584 592 596 600 601 619 626 627 630 631 665 666 676 678 679 686 703 710 745 752 761 789 904 911 917 924 972 985 1033 1039 1046 1107 1155 1168 1351,0 1 % 88,2
10 26 30 31 35 36 49 52 53 65 75 87 90 96 100 111 115 119 141 158 159 174 190 204 212 213 217 222 228 235 264 265 268 289 290 293 298 312 313 314 317 319 329 353 369 382 392 399 400 409 417 428 431 435 446 456 479 499 514 523 553 555 571 574 578 592 601 618 627 629 641 648 659 672 678 688 689 703 714 723 725 734 748 749 757 761 1094 1338,0 3 % 88,2
63 141 217 222 224 290 298 317 368 380 395 399 400 417 446 480 555 618 709 748 749 770 785 799 802 803 807 808 818 846 850 863 864 868 921 925 929 932 933 940 946 953 968 975 986 990 991 1000 1001 1043 1047 1051 1054 1062 1104 1108 1112 1115 1123 1151 1158 1161 1165 1169 1173 1174 1212 1216 1219 1226 1229 1234 1235 1273 1277 1280 1287 1290 1295 1296 1319 1348 1352 1356 1359 1367,1 3 % 86,2
6 60 61 65 77 78 85 91 94 114 133 180 193 216 232 235 242 259 293 294 319 330 336 347 348 361 379 397 407 437 443 447 466 469 471 479 500 501 510 511 520 524 533 536 541 568 584 592 596 603 627 645 647 654 659 661 666 675 676 679 680 686 714 734 745 747 752 757 789 792 853 904 911 917 924 972 985 1033 1039 1046 1107 1155 1168 1351,1 3 % 84,2
166 297 397 407 452 460 483 522 533 538 565 586 661 675 676 679 731 738 742 747 752 810 811 812 817 824 831 860 869 871 872 873 878 879 884 899 931 934 935 939 982 993 994 995 996 1006 1021 1053 1055 1056 1057 1061 1067 1074 1082 1114 1116 1117 1118 1122 1129 1136 1176 1177 1178 1183 1184 1190 1197 1230 1237 1238 1244 1251 1258 1291 1298 1299 1300 1360 1361 1362 1366,3 % 83,1
42 69 252 266 305 470 509 605 650 687 763 770 774 777 782 785 813 818 824 831 835 843 856 870 874 879 885 889 896 904 923 931 935 940 946 953 957 965 978 1001 1007 1011 1014 1018 1021 1026 1045 1062 1067 1072 1079 1082 1087 1123 1129 1136 1140 1148 1179 1184 1190 1197 1201 1209 1222 1236 1239 1240 1251 1258 1262 1270 1283 1297 1301 1316 1323 1326 1327 1331 1334 1367,2 % 82,1
61 63 77 78 87 133 145 170 180 204 216 226 248 290 317 320 351 368 369 399 404 409 436 437 446 469 471 476 498 499 548 555 584 596 618 643 648 668 671 686 691 694 709 716 723 728 785 799 807 808 846 868 892 921 929 968 975 990 991 1000 1043 1051 1104 1112 1151 1158 1165 1173 1174 1212 1219 1226 1234 1235 1273 1280 1287 1295 1296 1348 1356,2 % 81,1
61 77 78 87 133 141 145 170 180 204 216 217 222 224 226 248 298 320 351 369 380 395 400 404 409 417 436 437 469 471 476 480 498 499 548 584 596 643 648 668 671 686 691 694 716 723 728 748 749 770 802 803 818 850 863 864 892 925 932 933 940 946 953 986 1001 1047 1054 1062 1108 1115 1123 1161 1169 1216 1229 1277 1290 1319 1352 1359 1367,0 % 81,1
4 16 17 21 31 43 49 63 75 79 111 118 132 140 159 174 187 192 197 213 234 242 246 257 265 288 300 312 315 329 330 331 337 338 339 352 353 362 382 392 396 405 410 424 431 444 454 456 457 466 483 490 501 514 517 522 524 532 538 548 564 600 601 619 626 630 631 635 641 665 678 694 703 710 745 761 916 1014,0 2 % 78,2
42 69 252 266 305 470 509 605 650 687 729 763 770 774 782 785 818 824 831 835 843 856 879 885 889 891 896 904 923 931 935 940 946 953 957 965 978 1001 1007 1011 1013 1014 1018 1021 1026 1045 1062 1067 1072 1079 1082 1087 1123 1129 1136 1140 1148 1184 1190 1197 1201 1209 1222 1245 1251 1258 1262 1270 1283 1306 1311 1316 1317 1323 1327 1331 1334 1367,0 % 78,1
61 77 78 87 133 141 145 170 204 217 222 224 226 248 298 320 351 380 395 400 404 409 417 436 437 469 471 476 480 498 499 548 584 596 643 648 668 671 686 691 716 723 728 748 749 770 802 803 818 850 863 864 892 925 932 933 940 946 953 986 1001 1047 1054 1062 1108 1115 1123 1161 1169 1216 1229 1277 1290 1319 1352 1359 1367,0 3 % 77,2
61 63 77 78 87 133 145 170 204 226 248 290 317 320 351 368 399 404 409 436 437 446 469 471 476 498 499 548 555 584 596 618 643 648 668 671 686 691 709 716 723 728 785 799 807 808 846 868 892 921 929 968 975 990 991 1000 1043 1051 1104 1112 1151 1158 1165 1173 1174 1212 1219 1226 1234 1235 1273 1280 1287 1295 1296 1348 1356,2 3 % 77,2
170 226 248 404 436 476 498 522 538 668 691 728 810 811 812 817 831 860 869 871 872 873 878 879 884 892 899 931 934 935 939 982 993 994 995 996 1006 1021 1053 1055 1056 1057 1061 1067 1068 1074 1075 1082 1114 1116 1117 1118 1122 1136 1176 1177 1178 1183 1184 1190 1197 1230 1237 1238 1244 1251 1258 1291 1298 1299 1300 1312 1319 1360 1361 1362 1366,1 % 77,1
729 763 770 774 777 782 785 813 818 824 831 835 843 856 870 874 879 885 889 891 896 904 923 931 935 940 946 953 957 965 978 1001 1007 1011 1013 1014 1018 1026 1045 1062 1072 1079 1087 1123 1129 1136 1140 1148 1179 1184 1190 1197 1201 1209 1222 1236 1239 1240 1245 1251 1258 1262 1270 1283 1297 1301 1306 1311 1316 1317 1323 1326 1327 1331 1334 1367,1 % 76,1
6 8 9 16 48 56 79 80 85 91 117 132 161 177 183 187 221 234 243 257 260 261 275 288 299 328 333 336 339 348 356 357 361 362 368 373 376 379 396 402 424 443 444 447 454 461 467 477 481 485 486 489 500 504 505 511 517 519 520 541 546 573 600 603 609 614 626 630 645 647 654 665 674 680 685 709,1 3 % 76,2
4 6 21 43 60 61 63 65 77 85 91 94 111 133 187 193 235 242 259 294 300 315 319 330 336 338 339 347 348 352 353 361 379 392 397 407 437 443 447 466 469 479 500 501 510 511 520 522 524 533 536 538 541 568 603 635 641 645 647 654 659 661 675 680 694 714 734 745 747 757 792 853 916 1014,2 3 % 74,2
6 8 9 16 48 56 80 85 91 117 132 161 177 183 187 221 234 243 257 260 261 275 299 328 333 336 339 348 356 357 361 362 368 373 376 379 396 402 424 443 444 447 454 461 467 477 481 485 486 489 500 504 505 511 517 519 520 541 546 573 600 603 609 614 626 630 645 647 654 665 674 680 685 709,0 1 3 % 74,3
42 69 252 266 305 470 509 605 650 687 763 770 774 782 785 818 824 831 835 843 856 879 885 889 896 904 923 931 935 940 946 953 957 965 978 1001 1007 1011 1014 1018 1021 1026 1045 1062 1067 1072 1079 1082 1087 1123 1129 1136 1140 1148 1184 1190 1197 1201 1209 1222 1251 1258 1262 1270 1283 1316 1323 1327 1331 1334 1367,0 2 % 71,2
2 37 50 60 70 79 88 94 103 110 127 129 130 155 157 165 175 186 189 192 209 225 232 246 247 256 259 281 282 288 294 310 331 334 337 346 347 360 363 365 371 380 401 403 429 445 510 518 532 536 545 577 582 585 599 620 628 631 639 644 663 666 670 681 682 710 733 741 760,2 3 % 69,2
763 770 774 777 782 785 813 818 824 831 835 843 856 870 874 879 885 889 896 904 923 931 935 940 946 953 957 965 978 1001 1007 1011 1014 1018 1026 1045 1062 1072 1079 1087 1123 1129 1136 1140 1148 1179 1184 1190 1197 1201 1209 1222 1236 1239 1240 1251 1258 1262 1270 1283 1297 1301 1316 1323 1326 1327 1331 1334 1367,1 2 % 69,2
2 37 50 60 70 88 94 103 110 127 129 130 155 157 165 175 186 189 192 209 225 232 246 247 256 259 281 282 294 310 331 334 337 346 347 360 363 365 371 380 401 403 429 445 510 518 532 536 545 577 582 585 599 620 628 631 639 644 663 666 670 681 682 710 733 741 760,0 2 3 % 67,3
166 170 226 248 297 397 404 407 436 452 460 476 483 498 533 565 586 661 668 675 676 679 691 728 731 738 742 747 752 812 817 824 860 869 873 878 892 899 934 935 939 982 995 996 1021 1056 1057 1061 1068 1075 1082 1117 1118 1122 1129 1178 1183 1190 1197 1244 1251 1300 1312 1319 1361 1362 1366,2 % 67,1
166 170 226 248 297 397 404 407 436 452 460 476 483 498 522 533 538 565 586 661 668 675 676 679 691 728 731 738 742 747 752 810 811 824 831 871 872 879 884 892 931 993 994 1006 1053 1055 1067 1068 1074 1075 1114 1116 1129 1136 1176 1177 1184 1230 1237 1238 1258 1291 1298 1299 1312 1319 1360,0 % 67,1
729 763 770 774 782 785 818 824 831 835 843 856 879 885 889 891 896 904 923 931 935 940 946 953 957 965 978 1001 1007 1011 1013 1014 1018 1026 1045 1062 1072 1079 1087 1123 1129 1136 1140 1148 1184 1190 1197 1201 1209 1222 1245 1251 1258 1262 1270 1283 1306 1311 1316 1317 1323 1327 1331 1334 1367,0 1 % 65,2
522 538 810 811 812 817 831 860 869 871 872 873 878 879 884 899 931 934 935 939 982 993 994 995 996 1006 1021 1053 1055 1056 1057 1061 1067 1074 1082 1114 1116 1117 1118 1122 1136 1176 1177 1178 1183 1184 1190 1197 1230 1237 1238 1244 1251 1258 1291 1298 1299 1300 1360 1361 1362 1366,1 3 % 62,2
763 770 774 782 785 818 824 831 835 843 856 879 885 889 896 904 923 931 935 940 946 953 957 965 978 1001 1007 1011 1014 1018 1026 1045 1062 1072 1079 1087 1123 1129 1136 1140 1148 1184 1190 1197 1201 1209 1222 1251 1258 1262 1270 1283 1316 1323 1327 1331 1334 1367,0 1 2 % 58,3
16 17 31 49 75 79 118 132 140 159 174 192 197 213 234 242 246 257 265 288 312 329 330 331 337 362 382 396 405 410 424 431 444 454 456 457 466 483 490 501 514 517 524 532 548 564 600 601 619 626 630 631 665 678 703 710 745 761,0 1 2 % 58,3
11 58 66 73 89 93 97 118 140 143 147 156 171 188 198 201 237 245 250 272 311 324 387 398 410 415 440 449 458 491 494 496 502 547 549 554 558 559 564 583 590 621 625 632 633 636 651 652 653 660 683 698 705 707 719 739 754,0 2 3 % 57,3
10 17 35 36 43 46 52 53 75 87 90 96 111 115 159 204 212 224 225 264 265 289 290 313 314 317 319 338 349 353 391 392 399 402 409 431 435 446 457 488 499 555 574 601 618 641 643 648 659 688 703 714 723 757 761 1094 1338,1 % 57,1
4 21 43 63 78 111 114 180 187 216 232 242 293 300 315 330 338 339 352 353 392 466 471 501 522 524 538 584 592 596 627 635 641 666 676 679 686 694 745 752 789 904 911 916 917 924 972 985 1014 1033 1039 1046 1107 1155 1168 1351,0 3 % 56,2
17 26 30 31 43 46 49 65 100 119 141 158 174 190 213 217 222 224 225 228 235 268 293 298 312 329 338 349 369 382 391 400 402 417 428 456 457 479 488 514 523 553 571 578 592 627 629 643 672 678 689 725 734 748 749,2 % 55,1
6 60 61 65 77 85 91 94 133 193 235 242 259 294 319 330 336 347 348 361 379 397 407 437 443 447 466 469 479 500 501 510 511 520 524 533 536 541 568 603 645 647 654 659 661 675 680 714 734 745 747 757 792 853,1 2 3 % 54,3
166 297 397 407 452 460 483 533 565 586 661 675 676 679 731 738 742 747 752 812 817 824 860 869 873 878 899 934 935 939 982 995 996 1021 1056 1057 1061 1082 1117 1118 1122 1129 1178 1183 1190 1197 1244 1251 1300 1361 1362 1366,2 3 % 52,2
166 297 397 407 452 460 483 522 533 538 565 586 661 675 676 679 731 738 742 747 752 810 811 824 831 871 872 879 884 931 993 994 1006 1053 1055 1067 1074 1114 1116 1129 1136 1176 1177 1184 1230 1237 1238 1258 1291 1298 1299 1360,0 3 % 52,2
10 17 35 36 43 52 53 75 87 90 96 111 115 159 204 212 224 264 265 289 290 313 314 317 319 338 349 353 392 399 409 431 435 446 457 499 555 574 601 618 641 643 648 659 688 703 714 723 757 761 1094 1338,1 3 % 52,2
17 26 30 31 43 49 65 100 119 141 158 174 190 213 217 222 224 228 235 268 293 298 312 329 338 349 369 382 400 417 428 456 457 479 514 523 553 571 578 592 627 629 643 672 678 689 725 734 748 749,2 3 % 50,2
10 35 36 46 52 53 75 87 90 96 111 115 159 204 212 225 264 265 289 290 313 314 317 319 353 391 392 399 402 409 431 435 446 488 499 555 574 601 618 641 648 659 688 703 714 723 757 761 1094 1338,0 1 % 50,2
