2207
793
1570
3321
1470
3271
3627
2734
883
2634
2990
2503
2809
602
2322
2759
908
2222
371
3536
1685
2122
2072
1585
221
3692
998
3205
3105
3461
1254
1204
2387
1023
2774
2237
3551
3370
3451
3807
3320
3401
1063
3576
2989
601
2352
2302
2252
401
2121
89
2377
3691
1840
1790
3104
2567
2954
516
2317
3319
3269
54
1418
1855
4
2632
781
2938
2888
2401
631
2351
269
169
3771
3284
69
3103
2697
2516
1021
3309
2822
971
1458
2772
434
2722
2672
284
3399
3755
3349
3218
3655
2987
1217
3424
2887
986
2100
249
1563
1919
2275
1788
1869
3589
1738
1688
3052
1201
1151
2902
2365
1778
414
1728
2084
233
2440
102
2390
52
2
1266
1703
679
2967
2430
2299
2380
298
2018
1918
1431
1381
2645
794
2495
513
1356
3157
463
2670
2133
282
769
719
3753
3347
1496
3784
3116
3197
1346
3503
3016
1165
2885
1471
984
3272
1421
834
2048
1561
3181
1767
3437
1586
1099
3387
2900
2850
949
899
2700
2213
1676
1932
1882
31
1701
1651
1601
2915
2428
1014
2815
2278
2147
3767
502
1816
1766
1716
3030
2849
2930
2443
542
2618
767
3055
261
1981
567
1931
3732
3245
3632
1194
707
2733
476
2683
782
326
2046
632
3797
3747
3260
1409
1846
3210
1359
1178
1534
1028
1384
2698
747
2111
3781
1524
3731
3325
466
3550
3500
1730
1062
3350
2276
912
2713
862
2226
2176
275
1639
2432
3615
3565
3515
1077
2953
2547
2903
1879
2316
1829
3630
1779
415
9
2993
1092
2406
3118
3068
861
3018
274
2431
224
3645
3595
1744
3464
2927
1432
1463
2646
1282
826
2546
2059
208
645
2009
595
3679
1372
1678
3398
2034
1141
1578
1934
3198
2711
3148
1297
810
2661
2561
2511
660
3338
2686
429
2099
1512
1025
3313
2826
3263
2726
2676
338
157
2801
107
2395
544
2214
2164
3528
2114
1627
1527
3328
2304
453
2610
759
2560
709
222
578
3593
1155
1411
3131
874
337
2544
2931
1080
593
2444
543
1907
1857
6
2294
443
3527
1757
1270
1576
3296
3783
1426
3146
3096
758
2559
789
2022
171
1972
2409
3642
3236
21
1385
2097
3592
2178
1641
3361
1591
1947
1104
1460
3748
1054
1541
3211
823
3111
2624
186
1856
2212
2699
1756
1525
2839
838
607
2327
2277
2177
2077
226
1590
2904
1053
3291
2804
953
1309
1209
591
2342
85
35
1605
1118
3275
1293
3225
1374
887
3094
1193
250
687
19
1820
50
1770
225
3259
3646
952
1308
1795
3159
1389
3109
902
852
2572
3059
802
671
1985
1935
3736
2372
2141
290
2010
240
1960
1473
3274
1423
3711
836
2637
2537
2050
199
555
2356
505
2662
2612
1769
2025
1975
3289
951
1388
2702
1338
3008
670
620
2908
33
2677
2190
339
2140
1653
239
1603
3404
1553
3354
2867
3304
1322
3479
3073
3429
735
2942
2892
2405
148
48
404
3569
2155
1668
3775
1874
3594
3057
2957
1106
750
619
2907
700
569
1056
2857
469
2270
1783
238
1958
1552
1908
1989
138
1858
3609
915
1271
2972
1121
97
403
353
2023
1973
3774
1923
1436
1873
1286
749
1186
2419
2856
2319
468
2188
1782
2625
368
318
1501
864
1170
3377
2971
2790
2253
2284
2640
1616
2053
3417
1566
3367
3542
3623
1235
748
3442
648
2368
598
111
904
417
498
2218
317
1681
2118
623
3707
1887
36
3607
1837
3507
813
582
663
1019
2333
3647
738
2102
3772
201
1821
1771
1284
3085
878
3035
2935
1084
2623
2523
2473
3787
216
3687
3200
1836
3150
1555
968
481
2282
381
2132
2001
3752
1414
1233
3521
3034
1083
596
2884
3240
546
2834
983
496
2653
2166
265
346
3430
2016
3686
1835
3199
3555
3149
3586
1248
2918
1148
661
1017
2949
3305
917
430
2281
2231
2487
2000
149
3801
99
1850
2933
1163
676
2396
1032
751
2065
164
1528
114
3685
1834
1915
1378
891
1734
1278
2817
3254
2767
2636
379
2667
2080
1980
129
1849
3700
3650
1393
1749
1262
2932
1081
1031
3238
2832
2295
2651
444
2501
3278
3715
3484
1633
3353
3434
1096
509
328
2566
309
2029
2385
1798
1311
3599
3112
3468
1261
3549
3062
1211
3318
930
880
474
830
343
699
2681
3714
3583
3664
1813
1682
3614
1276
2996
1145
1095
1176
2078
2515
664
1978
1797
1391
1747
3548
3061
1291
1597
3217
2549
342
2630
292
2399
1912
1993
1862
267
1631
1531
994
944
407
2695
2514
2108
126
2414
1927
2233
382
3597
3547
1159
3316
1059
2679
372
3762
10
1811
1761
3431
3512
1174
993
1074
2694
3050
1199
1149
662
612
125
1976
512
1695
1776
1239
1595
1108
3396
702
1545
3165
827
3115
1264
777
727
2528
627
1991
1404
1760
1304
3511
1479
942
1379
892
842
2643
792
2106
2412
3626
280
230
2031
2858
3164
2627
2577
2658
807
757
220
1940
1759
3510
3460
3329
1122
2923
3279
1559
2742
2823
3179
385
2592
2411
2211
3425
956
3244
550
906
3194
88
1708
1739
3359
1508
13
740
3028
2004
103
540
3624
2260
1773
1723
1673
3343
128
3293
1442
1929
2962
268
2069
2425
2506
424
193
143
970
3258
2771
920
2540
333
2977
720
895
2209
1722
308
3473
1622
3423
2936
1085
3373
1522
2836
804
2911
573
2324
1787
3357
3307
1225
2539
2976
638
2389
1
438
1752
1877
3241
1390
1827
1340
3141
2373
603
553
66
2354
1455
3256
1355
3075
3156
3025
2488
718
2925
668
2032
618
2338
1851