212
306
531
256
918
685
1295
177
360
1195
658
1370
121
325
71
21
979
348
421
1366
1287
1237
983
1106
242
365
1331
773
236
267
1000
1123
1306
209
790
282
28
994
407
9
988
357
561
32
634
126
1346
838
1317
1042
809
78
324
1159
397
224
1059
1292
530
268
676
168
147
118
1055
1026
39
164
491
114
158
595
1328
362
333
312
58
1168
1351
1097
589
81
1191
60
1149
31
641
154
612
125
358
562
329
1041
200
302
1035
781
150
1014
252
1362
710
1189
406
1262
225
1031
777
146
1358
219
190
648
517
721
548
671
367
1333
113
134
63
1173
542
288
877
390
369
1021
136
892
261
617
588
284
1250
1
532
155
228
707
686
940
301
1369
505
659
1007
703
682
653
349
116
1205
553
1134
647
524
343
699
526
395
141
643
1101
1334
1051
797
166
818
1001
1126
385
618