2207
1809
3660
356
437
1272
2992
3421
3023
2842
2355
504
2784
3627
883
3090
1718
2634
783
2503
123
3288
73
3594
23
1337
3057
321
750
2470
2907
3386
3255
2857
3205
3684
1833
2008
3809
3411
2039
2387
2337
923
2287
1758
2237
3072
2535
684
1650
1121
2485
3807
715
3799
3757
3270
1775
2741
2254
1725
2023
2104
1617
2939
2452
2054
2889
551
1517
3724
2352
14
1336
2650
1228
2419
2775
3741
2377
1005
2806
2675
3641
1782
2138
2219
2088
3402
2517
1988
2954
1103
566
79
2367
1880
29
2317
1220
2542
3508
3021
285
2005
2971
2840
3806
104
1070
2790
3756
1020
2740
3169
1318
2284
383
2103
2532
2003
1995
2351
3673
3186
2170
1772
1285
3136
3086
3442
3740
2986
119
3640
3153
548
3590
3103
3582
11
367
1333
1731
1681
2647
796
3707
921
2285
3607
434
1887
871
1837
2672
821
1169
2135
1648
3449
2433
2035
184
1069
2383
2333
3168
563
2283
788
2987
251
1565
3374
1921
1523
2837
3185
3622
3135
2737
3572
1721
1234
2200
1713
3564
3035
647
249
2100
2935
2448
1919
2275
3589
1738
18
2573
3489
614
216
1936
1530
166
1399
2365
3687
3200
1299
3100
1728
364
2440
3406
1903
531
2332
481
1803
2232
1703
3067
2182
2530
2132
2001
1116
629
3315
2917
3752
1901
42
835
2068
3521
3390
654
1133
2455
2803
3769
2397
3719
1818
2603
1231
1579
215
694
3207
1356
2670
1785
3149
363
711
2033
3753
661
1017
1496
3305
1933
3653
3297
2281
3247
430
24
3197
380
3553
2660
2000
149
3322
1950
99
3272
3620
3701
3570
834
3520
2983
1132
3420
1569
3412
197
3768
545
147
3362
3312
1636
1717
3437
1099
1536
1528
1965
949
3635
2263
312
3485
2998
1634
1932
2288
3652
379
1701
2667
1651
2130
2486
2965
229
1899
2378
1980
3163
1791
377
733
246
2932
2403
2832
2345
2303
1816
931
444
3088
3567
3080
2195
2014
2980
2493
2849
113
2443
2799
3765
3278
1029
2262
2618
2220
3715
2518
1633
2468
1981
1096
2897
3253
996
2716
1831
3195
1294
2608
2964
3220
963
1798
3120
3112
863
2096
1698
3418
2046
674
2483
2781
1409
2244
3210
3079
830
3385
1128
3335
2400
62
3583
797
3614
2598
2111
1095
2061
3383
3731
1961
3450
2086
3400
3350
1012
1847
3648
1797
2226
2176
3011
2961
2432
979
1945
2788
2780
94
2730
2201
2193
3515
292
1614
2399
192
2778
1275
1094
2903
1044
2366
2316
457
1729
3093
2695
2564
2514
2027
3480
2862
2464
2943
2456
605
2414
1927
2893
382
3068
2581
680
1646
3010
3497
2481
1117
3447
3366
1944
1059
2779
174
3745
2381
1009
530
1894
480
2810
3166
2679
959
3695
3514
2729
1794
3108
1744
2579
1694
1432
1911
3720
10
976
3183
447
3133
1274
876
3083
2546
695
1661
2009
3331
1422
1024
3710
1678
3000
1628
1984
75
3248
3198
2711
1826
941
3496
2611
2959
2561
1189
2024
2859
479
3165
1314
2149
1662
1743
2528
2876
1025
1991
140
2826
1810
1412
1891
388
3024
775
1479
2801
2743
3578
2114
3428
205
2006
2841
2304
940
759
2081
2916
3264
2858
3693
1842
1444
1792
907
22
1742
2708
1692
3014
3493
1155
270
2427
2296
3262
3618
1361
3081
3568
874
2196
3031
337
3510
2544
295
1180
2494
2973
2444
3758
1022
2823
2773
3129
3608
872
1707
1576
2898
2411
3733
2361
1476
3196
460
3146
1295
2261
808
889
658
1972
3425
3294
3236
1872
327
3013
2526
2476
1947
1939
38
873
2326
2674
1789
3509
3111
1260
236
2922
1071
665
1864
3228
1856
2641
790
1756
2591
1706
2062
2541
2410
153
3276
938
2391
1854
351
2995
1144
1979
128
2458
2814
2327
1929
2277
3243
3193
2606
2119
2962
2475
2069
218
2506
655
168
1888
1490
2019
1969
1838
953
3060
193
1994
3227
2821
3177
3656
85
35
391
3606
870
3556
1705
2192
1655
2621
1168
2977
3019
2259
1243
358
3531
2159
2994
2507
2109
3342
2944
606
2936
3779
687
2407
1043
2886
2357
150
3323
3721
2705
2836
456
2307
448
1770
2605
2911
2424
3746
1845
3209
2324
3646
3159
1795
2274
3109
3588
3059
802
2522
1150
1506
752
1985
1587
3794
1456
2422
1537
3257
1406
1885
3563
2191
1704
2010
2976
1960
1910
1504
1860
2339
1852
1
1454
1323
1802
3522
3124
1571
2356
2225
1827
455
1819
1240
2206
3439
2991
3339
1975
1967
2323
3289
2404
1867
2223
1736
851
1330
3364
670
141
3793
1057
2371
2727
2240
3125
2719
2321
2677
339
3156
2925
2032
2388
3354
1016
3702