102
256
918
664
410
635
381
127
1216
962
708
535
281
425
1370
862
608
304
71
1364
327
704
1162
625
779
292
271
475
242
1048
265
440
419
186
665
13
463
900
413
769
994
719
465
1321
669
590
540
888
257
380
1346
97
1063
1042
128
353
1138
274
253
507
224
93
1182
174
1307
168
147
626
118
424
10
955
1282
672
143
368
114
64
1153
891
870
1247
362
1328
79
29
1118
720
1199
335
60
285
1243
235
125
816
583
1143
402
229
1318
577
302
456
935
194
50
804
152
1008
377
631
1081
683
175
1010
777
15
960
1185
517
1208
975
925
1150
642
621
113
1333
84
63
877
623
136
115
594
311
7
1329
842
51
1250
255
1040
155
1265
969
105
707
1246
1369
659
528
753
1190
703
1365
857
980
116
524
880
445
395
141
1251
549
339
797
420
187
493
739
718
922
1016
110