68 112 149 169 367 527 588 595 617 657 780 796 823 829 1064 1109 1125 1128 1146 1162 1223 1284 1301 1324 1329 , 3 % 25 , 1
26 73 119 157 175 188 190 201 255 268 282 371 415 450 547 632 682 683 698 702 725 849 910 971 1093 , 1 % 25 , 1
57 206 313 316 353 362 431 596 634 690 784 797 845 858 919 967 980 1040 1041 1102 1163 1211 1224 1272 1285 1346 , 1 % 26 , 1
24 136 327 597 607 790 796 851 857 858 918 919 973 1040 1041 1101 1102 1156 1162 1217 1223 1278 1284 1285 1339 1345 , 2 % 26 , 1
17 103 141 192 225 288 294 331 335 360 382 415 450 457 522 536 547 571 631 632 702 1038 1058 1083 1097 1119 , 2 % 26 , 1
5 12 28 151 296 303 304 388 506 526 619 730 751 820 841 881 897 928 952 1040 1111 1170 1202 1204 1263 1268 1308 , 3 % 27 , 1
766 780 784 860 869 876 878 883 942 948 963 982 1009 1126 1132 1158 1181 1183 1219 1235 1240 1249 1280 1310 1314 1354 1370 , 0 % 27 , 1
156 217 222 494 538 651 653 666 749 771 793 832 915 964 969 1137 1139 1147 1159 1200 1220 1259 1281 1307 1320 1330 1342 , 2 % 27 , 1
1 5 24 38 66 74 81 101 150 188 223 250 272 308 325 387 398 458 468 507 558 590 624 633 652 705 707 746 , 0 % 28 , 1
18 46 154 249 295 297 307 391 425 470 509 556 565 586 717 768 874 890 1013 1024 1073 1074 1183 1214 1230 1244 1305 1345 , 3 % 28 , 1
25 67 95 167 179 433 488 656 838 857 902 918 926 958 960 963 987 1101 1109 1143 1146 1186 1189 1207 1250 1318 1353 1369 , 3 % 28 , 1
19 24 28 74 210 211 223 270 422 434 560 572 611 701 783 844 905 912 966 979 1027 1034 1088 1095 1149 1210 1223 1271 1332 , 2 % 29 , 1
42 76 197 208 252 277 278 414 425 473 490 535 548 587 650 762 848 942 951 970 1047 1085 1153 1230 1291 1309 1311 1317 1326 , 3 % 29 , 1
4 21 58 60 119 140 190 225 232 246 268 300 315 352 410 450 496 564 592 627 750 794 895 903 936 1017 1025 1078 1086 1160 , 2 % 30 , 1
8 43 52 54 61 111 133 177 199 317 333 338 353 364 392 397 399 438 507 515 520 530 609 641 675 686 688 690 718 1035 , 1 % 30 , 1
99 593 792 833 848 874 902 906 921 937 991 1000 1005 1010 1024 1089 1104 1153 1188 1199 1204 1214 1220 1260 1281 1315 1329 1333 1348 1364 , 0 % 30 , 1
13 19 74 98 106 109 120 135 153 173 185 200 254 358 372 375 386 416 426 463 492 512 542 560 563 602 655 656 673 684 692 , 1 % 31 , 1
62 138 144 182 185 203 210 223 358 375 384 416 422 423 448 512 521 552 563 597 607 610 692 701 713 1027 1210 1232 1271 1278 1333 , 3 % 31 , 1
15 29 31 50 79 126 143 145 175 184 224 231 250 312 320 349 351 449 458 514 545 558 577 670 671 672 673 682 707 716 914 916 , 2 % 32 , 1
8 52 58 96 108 112 125 228 256 259 261 301 319 333 348 357 367 376 399 403 445 461 467 491 520 553 595 644 651 662 689 717 753 , 0 % 33 , 1
18 50 95 100 103 189 277 307 311 318 419 425 429 535 545 554 558 571 577 707 753 819 880 895 916 976 1002 1017 1060 1185 1243 1304 1368 , 1 % 33 , 1
15 29 73 127 143 145 165 228 245 256 281 320 351 445 449 458 491 590 599 625 639 652 663 671 689 705 716 733 741 910 1022 1032 1083 , 1 % 33 , 1
23 107 166 195 208 286 305 345 385 395 525 566 567 575 591 605 650 693 711 731 738 742 787 803 813 864 878 899 909 925 996 1169 1192 1362 , 3 % 34 , 1
0 20 76 82 90 92 131 137 199 206 219 278 284 309 357 427 451 461 467 513 515 580 634 722 789 810 932 993 1054 1094 1109 1115 1176 1299 1359 , 2 % 35 , 1
19 22 108 109 120 135 287 323 354 372 384 426 441 455 512 542 572 576 611 646 655 695 732 756 759 783 790 905 906 973 1034 1088 1089 1149 1156 1293 , 3 % 36 , 1
86 134 173 185 219 236 284 341 350 418 421 427 612 814 862 889 936 952 954 956 961 977 1021 1025 1029 1114 1238 1245 1299 1306 1311 1317 1326 1330 1334 1363 , 0 % 36 , 1
9 18 31 90 111 159 192 216 217 225 277 286 297 380 395 400 431 444 501 525 546 587 591 674 703 857 972 973 1033 1100 1108 1223 1344 1346 1351 1352 , 0 % 36 , 1
75 97 106 117 158 208 209 232 257 295 299 304 313 369 370 385 391 401 433 479 506 523 526 555 571 578 583 636 659 672 681 751 761 918 1101 1345 , 0 % 36 , 1
4 21 58 66 95 103 110 130 156 158 186 250 282 286 300 315 335 352 360 494 496 553 620 651 653 670 681 711 750 788 971 1154 1215 1246 1276 1307 1337 , 1 % 37 , 1
63 155 209 233 247 283 480 537 561 578 622 649 667 719 822 875 885 892 914 923 965 997 1005 1014 1036 1045 1068 1075 1097 1148 1151 1188 1241 1249 1302 1310 1331 1371 , 1 % 38 , 1
16 36 44 60 80 96 109 118 149 183 189 234 243 273 282 317 319 356 358 360 363 378 396 455 473 481 489 493 504 512 536 542 573 602 638 645 730 734 , 0 % 38 , 1
3 5 24 28 39 45 47 67 72 108 112 124 136 179 202 236 239 266 267 270 271 305 321 323 327 370 393 412 422 433 442 453 474 552 576 730 742 1225 1286 , 1 % 39 , 1
1 23 52 92 114 131 150 244 266 289 317 318 326 419 432 452 460 468 580 605 687 688 722 724 729 821 882 884 1006 1067 1082 1108 1187 1234 1238 1239 1248 1253 1295 , 3 % 39 , 1
42 77 178 181 218 266 296 326 407 423 482 495 497 533 537 661 667 675 726 747 759 844 885 896 933 946 953 971 1001 1007 1045 1062 1106 1210 1271 1290 1323 1324 1353 1359 , 0 % 40 , 1
9 49 63 114 141 147 180 242 246 262 265 285 302 307 312 318 329 339 362 425 430 454 517 556 565 586 591 693 696 711 719 796 917 924 925 979 1040 1162 1338 1339 , 0 % 40 , 1
95 182 687 721 736 774 788 810 843 849 871 879 891 895 900 916 931 957 984 987 993 1013 1022 1038 1055 1076 1083 1086 1099 1116 1140 1141 1176 1184 1202 1209 1215 1258 1270 1318 1320 , 0 % 41 , 1
53 82 92 207 212 299 302 376 419 459 505 534 538 551 571 589 624 629 658 662 744 765 817 826 871 901 986 1021 1061 1173 1177 1178 1245 1298 1299 1300 1306 1336 1352 1366 1370 , 3 % 41 , 1
35 36 48 53 77 132 169 187 197 221 257 275 289 292 295 366 397 407 424 430 437 444 454 469 472 486 490 504 513 515 548 600 626 645 648 665 700 776 913 959 1096 1325 , 1 % 42 , 1
22 106 121 138 144 191 203 211 219 223 227 251 254 284 287 304 308 343 350 381 383 384 389 393 427 434 441 448 455 495 531 572 576 597 604 607 646 695 699 701 713 727 756 , 1 % 43 , 1
3 5 22 62 72 98 108 121 138 144 153 191 203 211 254 267 270 308 321 323 354 381 383 389 393 412 416 453 552 563 692 699 713 756 803 864 925 1047 1108 1169 1230 1291 1352 , 2 % 43 , 1
7 12 46 83 132 140 154 174 187 197 235 247 262 279 293 331 339 373 402 410 414 419 424 456 479 490 502 506 514 535 548 559 564 569 618 626 627 631 635 665 739 911 1094 , 0 % 43 , 1
35 53 56 65 67 93 115 155 156 163 179 207 212 221 239 244 264 290 294 304 429 446 455 474 494 505 512 527 532 554 566 575 601 614 630 655 678 688 710 714 754 757 918 , 0 % 43 , 1
22 39 41 45 47 106 120 135 139 176 202 203 207 212 271 376 378 414 442 448 455 495 531 551 573 602 615 662 677 775 836 897 958 986 1019 1080 1141 1170 1202 1231 1263 1292 1324 1353 , 2 % 44 , 1
0 10 14 27 40 82 131 161 166 182 249 302 314 349 357 373 390 423 435 460 461 482 487 505 506 525 546 580 586 587 589 605 662 674 715 724 726 736 744 759 806 867 989 1355 , 1 % 44 , 1
27 30 41 139 218 224 355 390 397 509 561 588 610 615 617 649 657 721 775 782 804 824 831 897 926 958 965 993 1007 1018 1054 1074 1078 1080 1109 1115 1129 1136 1148 1154 1170 1327 1350 1360 , 0 % 44 , 1
200 303 377 463 581 684 786 800 812 813 823 842 846 855 870 939 944 950 968 983 995 1008 1016 1056 1057 1063 1117 1118 1122 1133 1178 1195 1196 1208 1236 1256 1257 1261 1269 1282 1297 1321 1336 1362 , 0 % 44 , 1
10 26 43 68 79 166 167 222 249 298 305 314 330 337 338 417 435 460 466 483 488 574 579 592 598 600 605 646 658 666 731 789 790 912 973 1039 1047 1095 1107 1155 1156 1169 1284 1346 , 0 % 44 , 1
5 32 40 50 62 71 73 88 92 104 113 135 142 165 196 203 210 214 245 255 292 309 327 346 371 379 408 416 518 539 544 545 563 568 585 625 640 660 669 683 705 713 718 737 , 0 % 44 , 1
1 20 68 76 83 92 107 137 150 154 162 195 212 278 279 297 309 340 345 355 367 376 390 406 432 451 488 534 556 565 567 575 580 588 617 657 696 722 751 920 928 1042 1103 1111 , 1 % 44 , 1
49 66 101 151 157 188 220 231 237 329 371 377 387 420 426 445 456 458 492 516 532 590 635 663 684 710 725 741 745 814 839 853 975 1036 1158 1180 1188 1241 1280 1302 1310 1341 1363 1371 , 2 % 44 , 1
53 64 69 115 125 166 183 240 243 252 262 302 452 477 519 576 594 595 679 695 696 697 809 838 845 884 904 923 945 960 992 1006 1026 1045 1087 1106 1128 1204 1236 1239 1265 1297 1300 1326 1358 , 2 % 45 , 1
23 38 116 167 177 196 251 275 296 313 314 366 390 438 472 507 574 579 587 664 674 685 700 704 708 712 718 746 769 795 830 856 917 952 1013 1074 1100 1114 1135 1161 1196 1222 1257 1283 1318 1344 , 2 % 46 , 1
99 227 386 420 465 562 604 727 732 740 787 792 817 828 847 854 888 914 1028 1043 1066 1071 1085 1097 1113 1138 1143 1152 1159 1189 1191 1194 1212 1213 1227 1246 1252 1255 1265 1267 1274 1288 1302 1307 1357 1371 , 0 % 46 , 1
3 14 39 84 94 100 103 112 120 129 130 153 186 211 240 275 289 328 335 347 361 366 368 376 413 428 440 442 477 487 496 519 531 547 609 620 621 637 653 654 670 680 698 709 715 760 , 0 % 46 , 1
7 97 285 326 502 569 583 658 739 771 781 815 832 842 855 888 941 947 954 969 977 998 1010 1037 1063 1065 1071 1098 1124 1137 1139 1160 1181 1191 1198 1200 1208 1213 1221 1252 1269 1282 1320 1322 1343 1364 , 1 % 46 , 1
33 45 47 59 124 134 202 729 769 771 778 801 811 835 836 865 871 872 884 893 903 954 994 1006 1015 1017 1019 1048 1053 1067 1167 1177 1190 1197 1201 1231 1237 1251 1262 1263 1270 1276 1292 1298 1322 1343 1358 , 0 % 47 , 1
94 128 164 229 230 241 324 331 332 334 365 369 417 418 421 528 539 593 612 678 706 710 743 813 818 873 879 921 933 935 994 1001 1043 1055 1094 1104 1116 1118 1168 1178 1179 1184 1239 1245 1300 1306 1362 1367 , 1 % 48 , 1
13 122 123 230 236 241 374 426 529 543 606 656 762 773 819 830 832 839 889 899 901 907 922 964 992 997 1044 1058 1069 1072 1077 1082 1084 1090 1092 1119 1137 1139 1144 1160 1228 1266 1289 1313 1328 1335 1349 1361 1368 , 0 % 49 , 1
12 32 78 90 116 125 149 183 196 204 208 218 260 262 263 309 344 367 385 405 409 462 468 473 483 485 526 527 566 595 598 619 623 624 676 685 687 717 723 737 746 747 791 974 1050 1157 1218 1279 1340 , 1 % 49 , 1
44 46 56 84 87 113 114 117 167 240 243 264 273 296 301 328 339 391 402 409 469 471 477 499 519 533 584 614 616 637 638 643 661 679 697 704 712 735 752 776 837 852 898 1020 1081 1142 1203 1264 1340 , 1 % 49 , 1
0 6 37 76 89 105 127 148 161 175 177 211 258 260 321 324 332 344 354 366 389 393 412 415 443 450 453 485 510 528 541 549 551 552 603 623 628 629 632 647 663 682 697 702 704 706 725 735 741 , 0 % 49 , 1
29 55 73 102 140 147 152 198 237 246 253 272 274 342 363 387 398 410 458 557 590 608 613 622 632 642 719 720 750 755 758 760 778 886 910 965 1022 1086 1098 1127 1194 1255 1313 1315 1323 1327 1331 1342 1371 , 3 % 49 , 1
126 194 220 231 291 359 388 394 516 740 767 772 793 825 829 838 840 861 873 880 930 955 960 969 970 976 996 1012 1036 1052 1061 1127 1128 1130 1145 1151 1166 1180 1185 1206 1239 1241 1250 1267 1273 1297 1300 1341 1362 1366 , 0 % 50 , 1
81 86 123 205 213 235 259 269 312 319 322 337 439 456 484 510 514 532 734 755 758 802 811 863 872 874 899 911 924 932 933 985 993 996 1021 1033 1046 1082 1107 1165 1177 1229 1238 1240 1245 1290 1299 1301 1348 1351 1360 , 1 % 51 , 1
80 90 100 137 161 263 309 313 376 397 399 407 467 481 485 522 534 573 579 676 679 685 737 810 811 812 815 860 868 872 873 876 877 879 908 935 939 982 993 999 1000 1057 1092 1118 1122 1165 1184 1226 1237 1287 1303 1304 , 3 % 52 , 1
17 23 25 87 119 190 204 213 268 278 287 338 353 372 382 392 441 452 459 470 480 499 521 538 589 592 641 648 679 686 694 723 738 745 748 749 797 803 850 905 919 978 985 986 1034 1046 1093 1102 1161 1163 1168 1332 , 0 % 52 , 1
11 13 43 70 99 118 127 165 171 174 198 200 236 237 256 281 303 310 330 338 388 403 413 523 540 599 625 639 644 652 689 694 703 705 733 736 778 792 822 853 875 907 961 997 1005 1029 1090 1144 1215 1219 1249 1276 , 2 % 52 , 1
61 133 145 170 213 226 233 251 252 288 320 343 351 375 384 405 409 437 457 471 498 522 596 619 668 671 691 695 716 742 763 783 795 802 851 864 904 910 923 966 980 1034 1087 1088 1216 1217 1230 1277 1278 1291 1312 1319 1367 , 0 % 53 , 1
9 23 33 41 42 69 80 122 134 136 139 163 176 207 210 244 252 299 306 327 354 356 373 378 414 452 459 467 470 481 509 521 551 573 574 579 610 611 615 650 674 677 693 731 738 798 859 981 1164 1172 1233 1294 1347 , 1 % 53 , 1
33 37 55 61 63 122 129 242 265 319 346 347 363 365 392 397 411 437 511 518 528 582 600 619 628 633 656 669 678 726 759 760 767 785 885 910 922 950 1007 1032 1044 1093 1105 1133 1166 1194 1212 1227 1255 1273 1288 1316 1349 , 2 % 53 , 1
31 51 79 91 160 224 336 466 500 555 664 708 790 817 851 878 905 906 912 925 927 939 973 979 1000 1027 1028 1034 1047 1049 1061 1088 1089 1095 1108 1110 1122 1156 1162 1183 1196 1217 1223 1230 1232 1244 1250 1271 1278 1284 1291 1293 1305 1339 1345 1366 , 1 % 56 , 1
4 21 69 78 162 169 176 248 280 283 300 306 315 352 404 406 436 469 471 476 524 576 584 643 650 676 677 728 752 763 770 818 856 858 863 892 932 940 1014 1026 1027 1032 1041 1068 1075 1079 1123 1149 1222 1224 1229 1283 1285 1290 1331 1337 1353 , 0 % 57 , 1
1 9 10 32 38 48 54 57 76 150 292 316 333 340 364 373 435 459 462 485 486 507 521 530 534 546 609 624 634 690 737 744 768 811 829 850 872 890 933 951 972 994 1012 1039 1055 1073 1116 1134 1155 1177 1195 1216 1238 1256 1277 1317 1338 1360 , 2 % 58 , 1
71 78 81 104 124 146 170 218 226 238 258 325 332 361 369 405 406 407 423 447 471 483 488 498 533 548 557 562 596 647 648 654 659 661 668 680 686 691 706 723 767 800 828 846 861 959 968 983 1014 1068 1072 1133 1173 1174 1295 1325 1334 1357 , 2 % 58 , 1
23 51 107 113 114 142 160 169 195 215 227 249 253 260 287 302 305 343 344 345 372 375 384 395 441 460 525 526 589 594 604 605 608 616 623 637 646 693 727 762 818 823 870 879 891 931 978 1001 1053 1067 1184 1189 1245 1250 1283 1306 1311 1367 , 2 % 58 , 1
14 40 67 80 109 112 120 161 163 179 239 244 263 299 304 306 356 358 370 432 433 468 474 481 487 493 505 512 542 567 588 617 655 657 715 724 730 802 804 863 865 871 911 924 926 985 987 993 1033 1046 1048 1107 1109 1168 1170 1229 1237 1290 1298 1351 , 2 % 60 , 1
51 58 73 86 89 96 104 123 171 172 230 258 280 322 325 331 334 346 365 408 410 415 449 496 508 511 539 544 550 559 594 633 660 664 764 766 793 828 900 949 971 976 1008 1037 1038 1044 1066 1068 1069 1079 1087 1099 1100 1130 1132 1139 1140 1148 1154 1322 1349 , 3 % 61 , 1
34 107 151 168 172 184 195 322 345 478 492 673 764 768 777 779 781 785 794 809 834 842 855 875 886 890 894 908 909 915 934 935 941 945 947 951 962 1002 1011 1023 1030 1031 1037 1073 1077 1091 1098 1105 1124 1134 1135 1147 1160 1175 1198 1200 1205 1221 1259 1316 1342 , 0 % 61 , 1
11 37 79 81 84 85 88 113 143 160 193 214 225 241 245 257 261 283 288 301 337 369 402 491 497 510 517 518 532 561 570 600 612 625 630 631 683 705 710 788 793 822 885 896 941 954 956 957 961 978 1007 1025 1036 1075 1076 1097 1105 1139 1188 1191 1249 1338 , 3 % 62 , 1
4 10 21 32 78 141 145 183 196 204 260 264 285 300 314 315 320 349 351 352 356 401 451 461 462 469 486 487 533 553 574 609 671 716 799 807 815 816 833 840 870 937 990 995 998 1004 1023 1031 1056 1059 1131 1145 1160 1176 1236 1242 1243 1267 1297 1303 1360 1361 , 3 % 62 , 1
7 8 9 26 35 36 40 48 77 158 209 333 340 357 373 400 435 471 480 515 519 546 578 585 635 643 661 675 686 715 725 747 772 847 863 929 932 934 948 994 1001 1030 1054 1055 1070 1112 1115 1116 1117 1145 1152 1199 1213 1229 1258 1260 1274 1290 1314 1356 1359 1360 , 3 % 62 , 1
34 37 55 89 96 105 118 129 140 146 148 172 214 217 238 248 258 294 298 331 347 404 408 436 440 476 478 522 536 544 549 550 564 570 613 621 628 631 666 728 749 789 812 850 917 931 934 935 940 972 995 1039 1053 1056 1057 1100 1114 1117 1123 1155 1216 1277 1338 1361 , 1 % 64 , 1
60 63 87 103 119 130 177 190 199 224 228 232 242 247 268 275 282 292 293 311 330 353 380 445 477 501 502 513 520 524 530 536 618 627 636 641 648 659 707 712 746 786 802 842 846 862 869 955 962 968 969 975 985 1051 1053 1121 1136 1138 1175 1190 1235 1251 1280 1289 1296 1328 , 3 % 66 , 1
2 30 43 49 65 93 116 156 165 187 221 240 243 256 265 294 312 316 329 344 360 361 431 494 507 592 620 637 639 653 663 703 718 741 757 770 781 789 792 794 801 819 861 875 915 916 930 991 1063 1077 1094 1107 1113 1123 1147 1159 1167 1174 1185 1216 1241 1259 1270 1288 1319 1351 , 3 % 66 , 1
2 11 22 48 70 85 89 91 98 110 116 121 143 144 146 157 171 191 198 201 237 238 254 267 270 276 281 310 323 334 336 342 365 383 411 415 438 447 448 449 472 475 486 500 511 540 550 557 560 570 577 582 599 611 616 625 639 685 692 699 700 718 733 750 756 758 , 0 % 66 , 1
2 27 61 65 77 88 89 94 105 129 133 159 168 173 182 185 228 235 245 259 272 281 324 334 350 353 355 359 362 386 398 431 440 463 466 469 475 479 501 510 517 524 549 601 610 621 641 643 660 694 714 732 734 757 788 849 883 944 971 1066 1127 1151 1154 1205 1266 1327 1337 , 2 % 67 , 1
6 17 65 85 115 174 215 234 261 269 288 325 329 330 379 382 443 446 447 479 489 501 511 592 601 603 647 654 659 680 768 775 777 799 810 836 860 871 884 891 929 951 982 1006 1013 1051 1054 1067 1074 1112 1115 1134 1141 1143 1165 1176 1195 1202 1226 1237 1287 1298 1317 1324 1326 1356 1359 , 1 % 67 , 1
60 71 104 152 222 246 274 342 346 363 374 398 410 411 440 475 503 540 557 582 627 669 694 720 729 749 754 760 770 792 795 853 856 869 870 889 896 904 946 953 968 975 978 991 992 1011 1018 1026 1062 1066 1072 1079 1087 1136 1161 1197 1219 1222 1235 1236 1251 1258 1262 1280 1283 1296 1297 1344 , 1 % 68 , 1
12 16 111 128 132 149 152 162 180 197 216 229 266 274 276 289 291 341 368 391 394 396 399 409 424 444 446 464 484 489 490 503 508 565 586 598 606 640 642 687 688 709 720 761 799 824 860 867 913 920 935 965 982 991 1042 1057 1103 1111 1118 1129 1157 1172 1179 1190 1218 1233 1240 1294 1312 1362 , 2 % 70 , 1
30 102 141 147 170 192 226 232 272 276 280 293 374 380 400 413 428 464 498 508 538 559 640 642 668 691 748 763 767 774 782 785 808 809 824 828 831 835 843 846 883 930 944 950 957 1052 1113 1127 1129 1133 1140 1158 1174 1175 1190 1194 1201 1209 1212 1255 1262 1270 1273 1310 1312 1316 1319 1323 1331 1334 1341 1357 1358 , 1 % 73 , 1
765 766 780 815 816 820 821 826 827 841 876 877 881 882 887 901 902 937 938 942 943 948 949 963 998 999 1003 1004 1009 1023 1024 1059 1060 1064 1065 1070 1084 1085 1120 1121 1125 1126 1131 1132 1138 1146 1181 1182 1186 1187 1192 1193 1199 1207 1242 1243 1247 1248 1253 1254 1260 1268 1303 1304 1308 1309 1314 1315 1321 1329 1336 1364 1365 1369 1370 , 2 % 75 , 1
8 35 36 42 44 52 56 84 115 208 221 264 273 295 328 470 473 504 509 527 539 581 638 717 731 735 738 777 782 784 798 805 812 843 862 866 873 874 878 896 899 906 939 940 967 981 988 995 996 1018 1021 1028 1056 1061 1062 1079 1082 1089 1122 1123 1143 1148 1150 1175 1178 1197 1211 1232 1270 1272 1293 1300 1331 1333 1347 1354 1361 1366 , 2 % 78 , 1
87 97 110 111 115 127 155 157 175 180 181 186 216 235 250 319 330 338 364 366 368 371 392 438 446 472 478 479 523 554 558 666 670 672 682 690 700 704 709 745 779 785 808 824 832 850 853 855 880 887 894 907 911 914 924 940 943 946 953 977 984 1016 1033 1043 1046 1062 1123 1129 1168 1181 1208 1228 1241 1246 1277 1302 1307 1321 1335 1358 , 3 % 80 , 1
6 16 17 31 34 44 70 88 94 117 132 142 148 192 213 234 276 281 362 382 396 402 421 424 444 447 454 456 457 489 537 568 582 626 628 634 647 649 651 652 665 680 694 733 735 753 771 773 774 782 795 825 827 839 849 854 883 917 922 936 1014 1018 1029 1039 1045 1090 1106 1119 1144 1200 1201 1205 1209 1215 1222 1252 1254 1261 1262 1276 1281 1283 1310 1320 1341 1350 1363 , 3 % 87 , 1
0 14 20 50 54 61 133 170 189 206 217 222 226 248 290 298 328 374 404 409 417 429 436 437 466 476 477 498 499 504 545 555 569 577 583 584 593 596 616 645 668 674 681 689 691 715 721 723 728 739 748 749 752 809 818 831 847 921 931 933 938 992 1009 1060 1065 1084 1091 1104 1114 1120 1126 1151 1158 1182 1197 1206 1212 1219 1221 1269 1273 1280 1282 1348 1364 1365 1367 , 3 % 87 , 1
59 68 83 117 154 164 187 205 229 269 279 297 301 339 367 385 430 439 506 520 543 556 566 575 614 618 645 650 676 742 743 751 752 755 758 763 770 774 791 798 801 806 813 817 824 831 835 852 859 898 927 934 946 953 957 974 984 989 1000 1020 1049 1062 1081 1110 1117 1136 1140 1164 1167 1171 1183 1201 1209 1225 1228 1244 1251 1258 1262 1279 1286 1289 1301 1305 1319 1323 1340 1350 1355 , 2 % 89 , 1
38 56 57 66 75 91 125 159 174 178 188 201 233 259 273 310 336 339 347 348 361 379 403 418 428 443 500 503 514 541 547 599 601 603 614 623 638 640 644 654 667 678 697 698 708 714 734 741 761 763 800 814 834 835 843 856 892 893 903 904 923 964 972 983 997 1002 1015 1026 1052 1058 1124 1137 1155 1161 1166 1180 1193 1198 1220 1227 1262 1266 1281 1312 1330 1334 1343 1357 1368 , 3 % 89 , 1
6 16 38 49 64 75 91 142 180 193 216 225 242 253 290 348 361 368 396 457 466 568 594 608 618 630 709 714 745 757 761 762 769 783 803 804 805 807 823 829 830 836 838 844 864 865 866 868 890 897 926 945 952 958 960 966 986 987 988 990 1012 1019 1048 1073 1080 1109 1128 1135 1149 1169 1170 1171 1173 1189 1204 1210 1231 1234 1256 1257 1263 1265 1292 1295 1311 1318 1332 1352 1353 1354 , 1 % 90 , 1
6 46 75 85 87 91 96 102 134 148 193 194 204 214 234 248 257 261 290 317 336 342 348 379 402 404 408 428 436 443 444 454 465 476 482 499 500 529 541 544 550 555 568 570 584 603 613 622 626 630 665 675 687 728 740 747 776 807 808 837 868 869 889 892 921 928 929 930 990 1011 1035 1043 1050 1051 1052 1072 1075 1096 1104 1112 1113 1142 1165 1203 1226 1234 1235 1264 1287 1296 1325 1348 1356 , 2 % 93 , 1
