992
233
1360
1322
793
764
1344
317
632
227
939
1078
1031
1167
1216
585
626
770
1080
1243
933
657
360
1137
629
1341
562
593
123
1212
136
385
421
1231
1060
379
1033
546
36
686
93
1027
649
1252
536
490
1153
1258
126
1297
1289
1000
1042
565
282
637
991
524
75
153
28
1028
106
888
631
1190
1098
844
623
833
561
30
380
672
817
722
1281
1129
861
312
141
285
868
1015
1236
926
1117
224
1313
555
870
975
1327
168
502
856
283
241
1076
687
29
1265
1353
1362
125
164
335
418
222
156
327
642
813
805
1107
1204
475
537
1351
1097
1191
422
612
1041
1346
416
731
1108
1332
95
100
344
935
935
659
507
50
1058
958
490
661
175
338
1285
797
727
52
1328
1185
1062
639
132
1369
1179
610
754
896
602
326
318
825
1192
909
738
795
1260
86
1108
667
65
130
3
363
355
565
499
728
1135
299
940
598
407
280
1246
1234
464
230
522
1036
1261
863
1018
248
621
674
757
710
394
828
234
236
322
84
1178
792
620
1370
1199
1113
803
947
1028
12
1122
996
634
216
1185
329
1348
111
675
1148
331
877
1350
790
257
782