45983
68418
14328
72438
8064
94614
32904
40524
5070
48541
49485
74751
20661
79628
41722
63443
26198
45914
13036
39375
51734
14489
16798
11236
39120
53083
37604
95205
15687
14743
56331
94520
58640
6704
9957
26555
84156
61750
61579
88010
66627
85780
43766
60209
28697
40772
17051
19189
83838
15251
17560
34003
77299
51469
36571
75954
11935
93057
27572
54976
63026
28261
87056
24152
26461
28599
69527
15437
13637
35813
34164
55225
56169
38811
37162
20146
35646
50974
187
41466
93756
87672
42405
82903
50025
83563
61416
86561
10295
84761
86899
36404
11518
1571
58384
39911
46416
47531
41113
39999
42057
25100
47105
60124
44111
46249
86463
51384
93506
14418
91201
93339
94170
20497
62594
14237
53086
49320
63817
26743
63283
51315
53707
61327
20144
7400
1496
75687
40270
62525
19196
56015
72537
3198
71426
74679
46164
49667
67225
60377
83747
66540
48047
66878
48556
60915
85889
31970
38363
51382
93763
45406
36851
93337
26487
67131
13041
34102
71435
72095
85795
90162
36753
42573
3828
67292
41462
976
22818
23933
30438
31553
59007
67830
12909
75450
73650
74594
77333
76218
78527
23243
3651
4845
50647
62092
8528
3989
82042
69532
61490
82551
65707
90171
11617
19125
10932
37956
72187
31288
54658
17584
36336
38645
35651
70925
6551
71869
93761
4751
63192
7578
25825
8693
63559
39153
38297
1860
36497
58673
27160
378
25644
93947
15974
123
79308
91897
58756
5626
28187
66376
83328
69624
68259
84952
30862
38199
12369
14678
36854
55606
36428
59264
62115
46102
47555
21725
61768
51066
66816
69021
45500
18184
69814
53458
18693
36251
19123
58506
50464
95046
17607
36760
73834
93701
75183
215
94728
21886
25819
41298
88189
62359
72033
37097
79219
86677
88986
67411
75031
17768
38829
19313
74175
36950
94551
40461
60407
45338
84187
17078
67059
28469
48052
84441
85385
15282
10513
12822
57404
15791
34543
54410
58857
94453
78440
78269
90628
60230
24350
71621
74590
46100
48238
25377
62881
50404
51857
18182
59110
82831
90451
54571
93019
57139
58254
71807
2894
25225
20686
42862
6293
61614
3833
64583
68266
89327
64157
6831
41751
48144
62812
20079
58949
57471
78532
65091
39942
149
29069
79221
1969
22392
27440
42597
26584
83525
85834
52271
50471
53298
54663
2193
59711
18812
481
78722
47038
71874
65790
68358
64249
27175
65364
23521
75376
94128
70607
21031
4692
21290
72920
80085
83617
21907
15030
18283
60756
38488
52872
17172
54246
33694
74622
73507
70513
7333
6477
90718
41397
61264
80016
84634
20615
64003
27267
69139
47927
14105
13249
68963
76583
72474
3331
2216
78466
40389
61621
94224
21382
23006
25315
21891
6667
8976
24630
13606
81909
45950
14266
51770
51599
94043
52200
17264
88991
38834
30792
51853
94126
79057
665
9993
47652
66404
29330
5913
46032
24820
81991
82421
48679
30469
82930
59038
79414
70257
75990
91577
74620
13854
21474
5306
9390
93631
94825
79756
83008
29491
83267
85576
49696
40994
28914
34225
36534
51862
33540
86774
32684
33114
35423
37732
7008
26174
46550
83090
67611
22858
6665
89591
80204
82513
47577
16857
83966
51088
34131
12748
58445
59639
39008
71464
3515
36807
90191
663
79848
40293
25758
46819
51954
58097
85672
89605
16763
7530
93909
45018
90915
24466
16073
11304
26349
28658
63853
49978
68901
70103
72412
11646
75381
70612
37985
246
71639
5749
40840
28481
61901
69238
65300
11210
35524
52197
30985
58360
17970
74456
39691
78139
56927
93467
76510
84130
83015
23364
9505
67002
26867
20904
80021
4966
93721
31576
33121
58629
52896
56829
19755
1791
27375
90830
22606
72846
9666
56833
42277
64453
597
8981
24748
82349
22948
30568
50151
51095
12500
52827
16947
53487
58535
95075
71554
55541
57679
63161
670
65299
24821
2920
7263
20971
48175
64697
14461
36466
17200
74371
59836
71911
78054
7366
5057
4906
94576
51368
9758
26356
45108
62745
20902
16163
12338
63943
64887
15052
92090
3080
15845
52385
90290
253
79154
9581
91513
73955
5472
3956
67445
66589
62935
82347
15238
10728
19601
50942
94159
59394
7458
40069
56934
57594
45117
3520
78655
58024
4464
36812
71043
1299
59477
78400
952
26448
5662
49284
46824
18138
69234
84562
89439
72060
4904
48276
86181
1910
687
25953
66426
69679
74046
18328
72246
56233
70901
32712
19952
51723
26202
76697
251
79436
7099
46407
5754
65389
41868
42983
69243
86880
33220
56419
87648
68132
30055
46920
46749
54369
12526
57108
6003
9256
93472
696
83304
78937
84757
29870
47766
72000
71144
2339
54784
74651
74989
78843
83210
89711
14389
17128
15078
71050
10818
94420
44013
45207
27399
79689
49291
60535
45466
84849
41357
60109
26288
48714
69241
64986
47858
48973
52484
65925
73545
57532
93921
13718
95011
15493
54876
6001
1746
9254
41180
25701
94948
4744
61385
47681
88438
38173
64917
36657
10827
55409
19529
23734
31354
16535
17650
30498
51730
34602
1398
93147
14994
57267
54807
94771
2337
82803
45558
81154
7644
42564
23127
78841
86461
89029
6010
55315
13986
51891
6098
56768
50805
39899
63277
69519
21943
68834
14744
15688
34611
65840
72345
73460
82542
86989
38098
90671
57530
59668
34953
179
48281
61834
80052
5427
61408
24334
3627
69684
76189
51474
15594
70226
36655
37770
18333
54213
7555
94001
51557
50363
42049
540
6444
8753
44103
47356
69077
60884
68392
35363
10477
10986
35901
38870
93502
39300
7461
94955
62077
78516
40439
86136
49062
27850
29988
68323
69267
38547
70318
37862
10917
18425
19540
26045
3200
71942
77141
79279
89726
76794
34951
42571
67031
60467
89036
83837
66709
29635
37255
13734
80843
84242
60721
62859
36144
92738
40957
367
28093
65676
47354
30597
56706
57366
70919
79542
72694
91446
73124
8428
3125
25535
63190
24679
68067
83395
84760
69691
89896
15175
17484
39660
14490
6451
9019
44110
25187
5595
21533
69084
81443
63630
48561
68507
16192
30860
59258
35737
58573
72022
36142
39395
51470
57462
78523
93851
20608
6979
41899
85287
11609
32136
71519
35560
81716
88109
46951
51147
94100
59164
55510
59957
79369
9796
56963
61159
94697
29133
83051
12117
27333
51998
66182
60048
81109
63981
13315
44544
46853
52164
16284
12459
80933
14768
94261
36234
51846
58410
14772
59354
40029
19820
93434
93943
25469
44901
69875
13476
82894
66881
46250
84268
83324
67311
81808
13221
16474
90088
6126
72275
94451
40361
5779
83143
21717
41300
81627
78521
65080
40444
86141
61505
6977
12722
2095
56448
1009
383
78624
3318
90528
73321
11611
39579
72465
2207
20684
79822
62013
25732
61157
81533
83842
30696
89834
56012
13568
14683
70509
63299
84531
18082
69712
15622
73223
31209
91119
76730
84350
22640
8076
60403
46528
86492
72215
58511
89569
34819
36594
94729
57655
34794
6550
7494
35224
2191
52861
41044
558
24968
82740
44551
52171
59357
13405
80514
14858
58246
7141
75883
93779
1775
25221
80083
29668
6823
5458
7767
61439
26674
21905
48395
30185
52699
6133
74591
57747
2024
19303
1168
31892
79213
37884
26067
25382
9723
25891
81717
47896
28630
65704
36250
89484
47641
49779
86490
12303
34308
36617
94218
5208
18804
91224
25568
23768
9909
27622
7859
49343
8690
61702
81114
67239
89415
16573
38294
34469
55701
91126
56361
94379
34214
53196
30790
37183
51851
13662
21282
20167
28468
3314
4258
93777
44226
26668
80615
83868
37031
14170
35231
36175
90093
74873
77612
40195
3759
21722
22666
41418
56634
64254
28374
69811
67761
19404
35926
91218
4517
52094
88905
27366
4521
24906
26681
42009
45433
28990
85476
62899
13064
29758
37378
18112
45516
83705
84365
37632
35582
37891
57837
26074
6482
1713
67511
40032
9559
37974
661
26157
59979
5905
79562
40291
41485
87182
22503
94890
65799
23956
68538
47986
37284
11454
71364
23007
92425
93369
94734
38482
57234
4104
91314
25149
2304
47834
81121
29512
83430
14271
82574
17010
83263
44923
52543
16663
36530
10700
36359
94640
90815
23172
44233
84276
86159
81820
30190
34407
70003
19054
55443
75310
76504
36265
55017
146
9474
40569
22247
67000
87205
84975
68962
87714
10254
68027
25754
23954
12137
34313
36622
53295
18300
11452
16500
24120
23264
9405
4866
29506
20099
58969
94565
42784
82856
13947
17801
82939
51176
90559
56224
53994
70437
7257
93807
59986
22339
90813
45709
44231
81305
82420
49793
66745
40381
14538
36714
31411
3255
78561
7873
24471
45532
40993
55808
63428
93972
47924
15046
18299
50241
50579
58087
18553
93282
26173
51268
50583
52892
72838
35764
43384
57769
57940
47576
64019
12238
81656
29763
86704
37383
64787
13436
15745
72152
7172
58786
4712
93981
81220
5401
78227
95071
75997
94920
3601
5739
40830
88
58350
58179
39706
37656
89946
51869
71736
78129
72396
46215
79753
65226
49977
81748
34506
67109
15328
10789
15837
92620
92449
71897
90649
1810
93647
25060
62393
47574
13351
15489
18228
52308
38604
89529
59131
82852
33301
90472
16687
71035
59390
40065
61126
64888
67627
69936
61894
56323
57517
18134
73789
29002
79497
94061
8554
45357
68727
10019
56509
71837
78401
12332
35702
59482
59991
64187
22344
9600
29701
89611
64725
40499
85252
62925
81143
12518
11040
53676
17796
89953
54615
92270
45107
22701
5143
20989
5652
10287
62577
81500
67625
68569
11226
50075
66940
74560
72589
90147
57006
34600
34429
75587
37398
54012
59574
32800
7638
71478
41080
92539
24745
63594
45272
23889
34248
43501
62483
64792
69840
14919
51459
58023
19433
58282
36899
7799
78232
7544
86361
69517
65408
14742
35098
10633
58468
51791
17819
39461
13631
15769
51365
75679
54104
8561
47164
81244
67369
21417
24841
67114
24
63690
84751
13533
33400
83895
93310
4300
20297
18840
26460
9436
5327
876
44101
69609
69075
84937
16179
81943
11669
58305
38697
17915
71833
57958
47256
24929
83645
64208
69941
46145
15684
34436
36745
25696
50962
79531
7987
68223
60181
69676
64907
10817
93054
70193
83893
71416
36651
72076
93137
72869
53603
9689
61223
40955
21518
67724
81687
33501
88251
22716
19092
30336
61565
14323
38353
57105
58220
51372
86818
37497
56420
94438
70917
58562
267
29187
22109
9595
24418
2517
20994
23733
45738
39199
13369
10909
71141
93146
58381
36998
10404
57804
92035
6278
7643
85095
60630
86289
66622
60463
45644
53264
70216
39898
55147
78517
55656
63276
44803
38787
9178
79715
23316
8493
42298
3724
2609
48461
46661
48799
93238
58473
52510
35896
50710
52848
37779
56702
73375
75684
92127
22024
4741
60722
68059
69174
42400
80393
28784
45227
64380
62071
81616
51047
65603
82276
53101
38796
55239
12966
56070
77131
56863
23041
4927
6017
75590
79807
71765
25717
25183
4931
82124
22723
13215
83577
85886
58056
87940
86825
94445
70924
78432
77317
70390
5435
89823
31879
82975
33424
90595
36393
1585
94528
57454
33933
76206
24425
79968
89642
11067
83224
68155
68664
6026
36579
57811
25192
75707
48562
29125
4059
7483
94693
49760
23930
66203
63973
47960
47789
69965
56010
82984
32318
92228
11511
50360
71421
9185
4416
82118
29031
45837
81433
82377
65249
25715
26659
62255
63370
3814
74067
37786
51999
33677
78430
41297
19973
25284
27593
94276
6631
79457
87077
26482
5775
6890
26991
81623
45743
29730
37350
59071
35550
36494
39233
38118
71004
73313
12547
95034
79021
79280
40088
2708
23390
60464
80331
86323
62802
44309
48927
82214
47278
87776
50300
13055
67654
12904
75274
11255
89830
59261
37878
33769
41389
93850
25121
92230
70847
62170
902
83490
50461
57647
89991
50035
94725
93076
90616
1606
4859
77856
67404
61671
11005
67663
80682
68602
62698
15456
31214
33523
2114
83069
73570
3312
4506
5621
7759
22048
69110
3821
84267
48387
9813
24866
83582
87515
12364
15103
55601
50127
89657
72812
19554
27174
24714
91823
55943
75810
63563
45241
60398
80515
40276
63646
48577
67500
29311
13410
87705
36075
35924
57645
4515
76656
46087
7058
93074
78539
20002
26758
81106
46341
47285
16310
52019
56637
57297
37459
75364
52787
59351
71539
6730
24272
24781
4763
60744
9811
44731
52351
19039
80949
51495
79120
70756
4073
23514
2807
26483
1872
43185
94815
94281
24712
27965
67753
68697
37184
11354
70070
19655
56195
30365
13237
84964
47890
87703
19229
79139
9282
7766
45425
9820
14171
67939
86157
22138
23762
31382
15198
10600
36259
8274
22412
41394
3480
9472
24804
9981
23948
30090
13246
68960
31313
32507
88372
12135
13329
83862
82747
14953
34820
7065
90621
1611
45517
79999
22656
67238
60845
43717
85990
62194
47659
62987
43721
89247
45859
1180
73062
10951
55533
70861
4257
60238
3572
9564
46108
29410
11200
62889
68088
38483
32065
11797
85299
62893
82839
10427
56124
89662
93707
29855
64595
67334
73154
95159
6149
58594
78461
94048
79400
92248
40467
69036
44830
80539
66835
19138
37890
67240
14628
45857
53477
94405
70350
55531
58784
4539
5370
49276
45167
10088
69735
14451
31403
36965
17528
25148
93622
58686
1447
75388
51867
8099
92511
57575
6754
65195
42104
45866
35164
13952
55540
86598
61883
81829
89337
1099
6147
79937
46374
80454
41580
80028
82337
47572
82846
72144
72653
55809
32948
5648
90720
59467
95063
35946
1798
41766
22250
25753
92862
3852
60777
68285
69650
32003
34312
35001
86861
35339
38763
69992
11818
78042
76242
23801
1729
27200
65218
28144
42357
6752
41672
23350
47664
21834
66416
83089
62992
80800
80629
70436
55367
38410
46030
33900
78741
40664
24651
64694
68377
87300
14287
33210
16596
89947
14796
53415
89951
75395
51874
59382
70626
34746
58267
72935
59891
44249
83098
69394
40570
60516
66508
83352
65823
34060
73443
12677
14986
72587
6154
25061
27199
3160
70787
92963
38761
79518
56657
64277
83029
62477
84653
88052
64531
66669
72151
36271
74289
10441
33811
13268
92101
75996
93554
3600
4544
6853
24645
69486
5742
6686
84050
62667
26787
46654
82250
82079
44854
14285
52983
70541
53413
55981
37488
58549
35688
79585
24835
91944
6588
1819
9327
44247
12842
60773
19068
17723
25343
3442
77633
62392
67440
9943
88501
43748
5834
67014
62759
61281
82342
55305
94154
30928
55280
1035
48081
91498
77030
74908
9419
82528
67709
85497
34146
18133
11569
89860
61980
13623
16876
72168
93400
57349
91429
92544
78669
707
48780
20641
94936
48354
82434
16269
84743
23977
19008
31597
57172
91252
93644
7887
61730
24485
81142
87134
33044
85618
17031
80824
36551
17907
1317
77817
45110
93296
67115
61382
81328
44254
63006
65315
61891
26191
25076
66004
61465
70024
86718
56320
94338
18924
90229
4643
78834
21241
22435
38595
57347
3023
56946
26886
705
60966
42644
88341
44953
50264
19432
93046
15607
89109
66703
35019
80916
70214
33140
86908
37587
16805
41098
2240
23285
3693
64213
83195
60104
68405
61557
13630
70116
55047
19167
39034
7195
74993
56671
92551
94434
32724
40344
78930
48361
13282
17215
13791
30234
12705
89969
31432
2332
55829
26375
63449
21606
47695
48889
66447
82969
85708
93328
55139
33927
39919
5942
94526
3207
29192
23308
2522
82024
6969
23567
63781
22882
13374
27930
10914
16113
81422
87414
12263
13457
31524
70907
19958
2424
75421
4733
83041
22809
21331
65512
92916
41795
11505
81867
10820
94251
8494
55661
56855
92735
25092
36483
8068
5608
91624
41188
76805
3808
20406
25968
47689
66612
82091
54110
31533
80320
84767
30677
7569
6091
18856
94950
26476
45228
5940
22367
68064
82277
54819
62439
44117
60639
23565
66802
92034
56947
51644
95032
33322
5166
75703
3366
6790
4990
84492
49326
60971
88175
66963
18606
10564
61489
39392
79205
55150
3214
76211
79180
6183
24259
22630
9715
26313
45295
21010
27766
15264
67554
88615
89559
72180
92919
95124
6114
91015
4314
79620
77311
20849
56353
44908
14510
88012
67744
34715
71255
36490
94625
19362
7390
92825
91969
2959
23411
26380
3648
21611
67137
13047
82465
56000
11247
81780
66961
17410
10562
18863
56597
50634
70501
35565
36759
18437
58935
26057
93675
43009
60646
25881
81707
14064
29564
40808
68947
19371
50027
82371
15262
13746
19454
31813
93068
22305
53534
61154
5682
21449
66202
46594
64402
60043
45224
46168
43708
65600
41908
30012
67997
10938
94369
33774
2365
90690
18529
26149
94623
93258
78610
60229
92573
93767
3563
82121
22470
60738
89307
83574
48917
56537
18348
67135
68250
14160
35221
11529
80947
34365
77147
23057
4580
43433
45742
93957
25199
46431
68436
42606
28902
89472
55078
3313
52618
90523
39574
93521
94181
5171
22303
77846
40884
48392
61945
41314
34115
68597
59089
32315
66797
17246
19555
60834
9901
68342
13137
84864
83499
14761
77410
70846
60144
9211
76838
20610
43809
7411
9549
44640
65701
61342
44214
45158
50034
65534
13753
56026
6374
55679
76911
75546
51491
71437
73746
7063
34363
31903
23339
8002
77938
21710
24963
84873
14599
83503
12035
13229
12828
88810
93006
56725
94459
19989
2455
87005
2200
60319
48390
60578
24698
89147
56118
78010
53124
37111
94282
91822
9205
74160
57316
72644
10934
55516
30801
6470
92849
93680
43014
65019
29139
11100
81971
32420
17601
71098
89053
52091
69979
77344
42515
40465
22143
3745
10150
50477
14597
36773
79046
39512
93259
18960
93004
79129
18534
26154
72995
996
20529
83070
68535
89062
66735
67850
16328
68084
88460
33539
35848
75127
91820
93958
47376
24799
41413
9462
82571
58767
26060
22235
93962
45605
62278
46265
83598
68779
86337
19737
70945
36610
11724
75288
58081
70519
33445
55621
41065
5289
49082
27699
5798
81646
833
66293
33264
47649
69291
30270
53214
75219
1537
81210
45330
81039
6389
61176
44048
45163
15387
33454
17441
19579
55175
78545
52715
79489
53830
77434
21828
8800
43720
88302
28651
88561
63925
88135
16487
70434
30729
94464
3938
9137
49105
61694
63068
94297
62383
46199
81644
44570
15479
52190
68884
87636
35855
74278
36089
14877
79835
93798
20442
65024
9836
66477
85229
58084
5986
83179
44839
51774
15894
74209
2836
44320
3496
60592
65214
22941
61790
82851
31500
50482
85928
93548
75226
3060
57413
70432
17708
7252
73685
74879
55872
63492
77877
12141
65375
66569
12479
40998
10708
14792
79241
91145
93454
28228
24040
26178
8895
60258
27117
23693
89336
34052
86342
50574
51004
73009
94471
71894
10614
52202
92700
56820
45003
4350
80027
22685
48001
83789
57074
84478
68465
80540
50764
59466
79333
91237
3342
73708
27126
93379
490
29009
90919
91750
2740
82242
89428
48700
5044
54520
56658
92254
14815
33797
79494
77185
22009
73869
55547
77723
7695
8125
41700
68190
85426
86879
87309
11214
59049
31419
33728
15406
18830
55904
23026
21226
1634
61190
29527
23794
68376
18913
73775
23109
2323
79767
70781
80818
66580
87641
19417
78133
35689
5395
17112
55301
32440
40060
55810
93294
3169
8217
27917
18409
87827
62657
81409
49897
56147
19073
92536
57771
93196
77717
2841
44154
41160
20892
94394
7693
25940
60171
28508
86794
32278
15321
54170
75231
34332
90133
77907
78567
60357
24477
93895
69059
43400
605
29525
83193
66065
11315
67180
7624
28840
65914
33036
44427
81931
46995
37487
10713
95088
33378
54439
81241
22784
71571
73880
23214
9585
3622
77813
48188
24667
13021
87316
11221
13359
18407
50863
77123
33735
72584
32879
77632
81666
33309
89967
76012
33568
71473
57598
76521
80032
86024
64812
61647
44519
15065
84483
85677
63701
13265
71321
36385
37579
11920
17912
71659
21423
1831
73713
43144
28609
81333
20567
6708
78056
41094
79680
90924
24759
29014
25590
46651
22959
87408
45795
31009
64547
72167
89692
89266
86806
94426
5416
57861
2422
3616
6869
21158
9608
66249
43843
12159
19266
25780
27404
29713
35024
11503
72073
32368
79259
77380
52744
60364
8316
9431
45545
72949
79772
7890
60447
80314
21857
71574
1316
76622
34074
59753
72772
79165
91524
55644
56588
78764
76964
44086
84584
67456
9959
63802
13370
33316
51897
70820
70649
34769
2675
20922
65504
70903
4049
23465
60798
13272
48718
18320
56338
32817
79174
53344
6177
75349
13898
70555
1412
1921
80058
67548
42833
64554
72174
47685
84759
68746
71063
19704
92124
70912
95093
74311
22530
7306
91777
28522
72770
22363
66001
44618
66260
34175
17047
88774
51386
51895
33573
90514
41193
74501
9012
25180
20411
4473
35192
44808
62596
12610
18602
34081
37584
54027
92216
6175
7290
93840
31959
4830
79965
21257
28614
94074
62160
67037
43516
46769
27503
44969
53019
17139
86557
94177
77220
18763
91183
38630
75704
92377
53787
94431
59495
33665
34780
41285
92381
44024
47786
81866
49840
24670
69252
45731
82271
13646
81949
44875
52495
18160
56428
94083
21011
7382
21520
2872
42414
45917
69697
89280
86649
94269
2006
37607
92640
68586
11243
56593
94782
25873
80505
88013
81165
65152
9964
44884
11062
28871
40775
69344
70145
86839
6280
2705
4480
65000
43617
75961
80157
27604
44277
90604
25270
76729
82211
10137
81864
70047
18438
92223
57287
16638
90423
53178
91367
12450
33511
50184
85801
74498
93421
56176
94081
4749
64843
15096
4063
5257
79198
90613
91807
55677
43709
42231
70750
44114
5770
22902
1945
60386
44373
11344
10229
50193
85639
5080
11427
78444
93772
76644
4762
87003
81270
45390
42930
86147
12361
68334
93165
77152
39756
23571
91110
7662
56967
4497
21629
39149
15628
23248
67668
37270
88729
82996
35470
71179
59784
5539
71688
92920
93864
4854
46167
24955
45482
22650
60918
29043
12027
59177
50191
71252
77244
4247
53723
15534
37710
91457
92572
59431
21354
67051
22298
42415
91202
9099
1336
29400
6898
79895
47981
49605
48920
56540
68591
80950
59083
73751
72895
79288
61078
3297
66126
44380
81454
64326
67750
87162
32412
69633
68777
11434
33439
66977
74597
11693
2201
68087
73486
3228
6652
25388
46449
68341
64516
62716
13395
70336
34456
89744
63914
71534
79042
92061
56181
92399
5698
73926
9552
81546
66193
10328
86060
89563
3927
48664
28542
66731
49603
43870
86143
80944
51490
55707
59791
52713
36700
43205
3746
56371
5629
62191
923
64608
63130
66383
10518
67577
90011
4254
82479
35237
90099
58073
14685
78019
58582
70941
75818
39938
62093
22388
9644
86152
82327
47562
11109
45762
35060
34738
59090
33089
92510
11877
90710
22745
19923
78718
92852
24094
62283
67331
8719
24887
13241
42954
49347
11441
14009
17433
86851
32761
87619
88734
34644
55705
16831
24451
22935
65717
86244
39002
27787
66406
60673
88127
18024
13769
87442
44998
95062
33352
54413
31836
57920
92151
90635
1625
26495
81127
29234
68083
82751
80951
88288
83778
5127
56912
93452
12990
57572
66131
40301
42439
80094
83597
65275
504
44752
49629
10608
19231
32250
17431
32588
51511
90360
72831
4177
46454
4686
6995
22933
11116
9734
89236
84726
92346
74024
37288
13767
95060
6050
34294
56299
90550
91744
78984
65367
82240
48498
23783
9924
81
43729
87117
88741
70869
59111
78886
34734
55261
31740
57399
43043
45352
44237
88134
34044
16515
33188
90300
17709
35242
78308
77623
24193
59810
20368
67430
22677
67259
25416
63321
21992
67768
60949
89518
36088
81985
1025
38142
32943
17874
7017
25494
91488
27118
6332
78214
19757
3167
53837
61457
26692
24383
80209
60772
82493
54003
85232
64964
32086
17267
30286
65903
71214
35334
36278
11813
31509
33818
58170
79231
19580
56654
33793
77690
27024
49200
7432
89243
65722
28477
36097
1807
29959
10805
88925
13774
32526
34835
85931
53053
93551
2232
1117
31841
74907
9418
2741
91325
1121
8307
3768
4883
82076
27723
88577
34487
86013
67599
30123
77014
18557
73590
76158
78467
54946
1816
9324
24377
38933
20982
64449
61455
80207
11048
80466
54001
32618
33733
19858
55454
37132
37925
26108
7176
20120
24567
60163
44150
65211
66155
14374
29590
88840
32441
15313
91236
89074
77106
18820
71373
76705
53844
22081
61464
7107
42027
68370
30293
82867
63601
45793
15503
70365
91935
8124
33908
71563
72757
33374
94933
24659
23181
44242
80631
81575
17205
11472
38525
43924
17038
10361
4122
71749
93641
4631
90476
9508
44428
59928
27221
89440
25421
29868
33041
44432
77970
85590
23880
67097
86020
44941
14372
66946
34068
55300
79159
53329
54444
90040
14910
21415
2483
89865
5222
56836
92182
60347
44334
42818
32116
10199
19072
76013
32091
17556
53152
82865
35623
57344
4214
17639
75411
1049
1558
22774
40332
8915
49034
47518
45718
99
29964
65560
73180
78057
39717
55196
74912
43228
1381
89957
58194
34673
7373
54540
18660
26280
44176
437
41716
10462
69600
39031
15339
38175
80648
86811
37490
18846
52133
55386
57695
39907
3959
12164
47076
45276
42816
13362
32114
48808
86713
3014
13900
42126
70645
37504
45124
4471
9348
28255
65329
64644
88674
56334
16800
90414
91608
21505
6682
2857
20820
48024
87407
46224
21338
62496
13454
88071
33321
79356
1056
75247
77556
35713
92884
43333
51985
24155
42222
87313
44869
62427
47608
55228
17039
12529
38104
6265
5580
79771
75946
444
64129
41723
81766
64388
1838
49314
89812
82964
31613
77139
31872
76454
59326
22364
92976
30502
71660
6171
20138
2855
3799
28610
61296
65150
67288
43767
30321
54635
60978
11143
31010
78160
28003
90857
44275
20754
21948
82180
9864
80664
25802
6870
79696
42220
46667
68843
67194
81862
12953
15951
41208
12786
16719
79260
24339
93757
58992
70896
90763
22539
46490
27053
29729
10834
77137
37603
23047
2261
78761
22362
1939
24671
57808
65428
49415
66088
76819
2344
79788
47081
21251
23389
66626
83299
63632
17050
38111
70646
35881
79098
74329
72700
11934
94171
32461
70479
7299
40081
92371
77836
4839
5670
91970
49321
34080
79029
73296
94357
77400
77229
93672
92557
43006
20938
5601
8854
29644
8937
33155
48905
73198
32299
78246
54725
91265
92380
77561
42507
58667
94263
79194
117
22644
29037
42056
44365
42849
10142
43680
69109
26836
10651
32656
66624
11340
4
87151
32401
26919
34539
71250
92311
76127
6099
57884
22546
3898
80147
29198
10044
2528
77834
48380
44271
49148
11242
78088
18687
23054
35389
24252
93670
6798
89039
48649
56269
47964
60983
44970
52590
54214
50790
54473
56782
53358
55667
3197
22638
1852
45474
57980
66030
89400
908
89738
10933
89997
52521
54830
74242
31798
218
78860
29138
77495
78689
12791
59682
55857
69185
86137
62616
65869
57192
14518
63305
87335
89644
56081
72887
91639
75626
59613
20342
22651
24789
1944
29837
64068
65433
60130
47199
22734
44739
82644
45399
64322
42939
11176
87951
13994
14424
59006
22044
76217
77332
18875
23242
3650
79979
24695
20586
43956
30001
64483
30260
46954
69790
89486
13391
54148
30627
77518
70841
3043
21119
92846
91197
216
75977
3385
29140
66214
60481
86419
11268
18625
86928
16825
90610
57983
77850
77679
15969
31727
21025
22219
91637
72885
22478
91896
44199
65431
18018
43798
15024
56182
88125
10514
19216
19475
57380
31550
71877
35997
79385
19984
77585
312
66306
28117
821
76318
72894
53457
73324
59620
34279
35394
94360
3834
44746
26424
66467
85219
26933
81795
34553
13066
88726
82993
34895
51847
28635
29750
67484
91919
4684
404
60665
21791
7932
19131
34288
78978
51499
70422
56547
59971
4077
79383
55862
1617
2732
20524
65106
7609
45498
66730
48237
65874
85741
11784
27714
13158
37188
88284
32419
17521
74007
77431
18974
2634
43546
2893
65267
79823
28193
3832
60757
37119
93096
19991
72314
75283
53136
70773
78281
22416
4340
5284
74706
23076
45252
41143
64513
65457
9985
89487
17075
44650
45594
81190
65711
67849
65970
17613
85916
69903
39334
77523
16757
72984
28569
21892
53835
94993
2730
68357
87109
88224
32334
71183
91050
90194
9226
17348
56197
75120
24283
24792
43544
14090
67858
83616
68263
28558
36178
48934
56554
93094
76759
50929
83694
63063
64257
5816
70771
21220
25667
56896
45079
22673
67764
11365
13674
30117
88291
10680
36109
2132
92595
2641
76582
12563
14872
58089
55629
3159
27114
8716
44751
12382
31134
47828
11981
17180
68810
83967
89166
66839
70012
35585
70780
6485
53652
74713
21567
7708
1975
73857
81477
27275
56988
23959
49534
53045
55354
90119
51700
71112
74365
93117
76248
52727
22158
68364
88569
30032
10958
67253
88314
89258
84890
49724
54600
10962
55544
2130
7007
76580
21659
8890
91482
42440
80458
63501
12664
89590
53137
39433
94295
35608
37917
8024
19061
30305
12747
78311
16601
56928
55279
2320
79764
52819
21056
23365
61270
63153
48618
18220
16420
52129
19247
10261
35769
17447
39623
59035
21922
3420
2564
49209
80721
87114
65902
87373
19149
88567
17804
57597
78658
37475
38590
88571
5381
23457
28505
42718
82682
32016
28480
49541
86081
17456
48685
23799
17201
31414
17710
55194
95007
60070
74455
82075
8281
74200
22248
18047
15053
54436
90316
55125
17900
21411
92967
22071
1648
3957
9156
65137
22864
48009
44585
66335
39807
75403
76347
14637
59219
22257
53486
94414
21572
29080
86021
1980
88159
953
45886
2410
32963
75236
78489
40583
92873
43322
22770
43831
45969
82680
87557
16260
90408
37321
71401
89870
89699
39204
35780
55192
4880
49216
68198
62235
63429
85605
39023
67087
43566
82949
51186
86803
30404
59487
70197
38705
75245
28512
40416
9580
93821
56576
26712
5755
48183
23547
46383
40420
25601
89449
33221
10360
31421
32365
92275
31680
73802
18999
55309
89962
74036
77460
52824
49308
61897
63951
13544
89355
15427
32271
73028
15936
23556
6703
22871
41623
25439
4198
60350
74735
82355
41706
80555
19438
73101
31772
39280
78663
14644
22264
67878
92112
71560
6071
74128
21153
41020
81063
29454
88249
64728
20835
49404
85000
81939
87138
49913
88762
34672
53424
18488
30847
13719
59416
95012
21339
46484
25702
65578
88948
13797
32720
32549
51731
53869
57268
70287
39910
54274
3453
77644
48190
28602
22698
28861
18238
62941
29629
40510
11419
66169
32455
14926
77296
72527
29448
2244
58906
64217
66526
21944
9860
80489
30503
15434
75344
16632
70379
77736
64040
28160
7737
87748
47680
64916
32038
89097
66691
10292
13795
31353
90148
3447
37854
9439
77897
90152
75617
29035
24496
46672
65424
9952
68393
80752
39047
18495
70897
10042
17228
49572
60816
45463
530
29279
88700
81852
86900
18935
54281
3289
53959
57813
66093
67287
19883
1234
60468
46764
61407
28951
33147
88861
50020
59515
3362
13284
55406
79186
74417
1929
7128
60115
48549
24494
87427
33337
64566
72186
30343
33846
56682
60193
76887
8938
91451
23227
74323
3635
78941
808
65074
41553
88444
31101
29987
32045
88953
87588
89897
82794
34437
17059
76025
52504
38629
76284
79787
21250
69085
66884
83327
11679
61581
81527
27609
29918
28440
36060
17416
85719
36398
55321
18076
11683
12877
59004
71593
55580
76641
7836
55663
70991
20325
88536
89196
67984
52513
14324
17577
88085
33335
66873
71240
86740
71069
87934
32650
4235
91900
86050
12093
47539
55159
89386
38035
21019
53363
55672
38544
59605
116
43170
58920
59864
5085
22217
9018
73822
1940
81442
29378
35198
39052
53720
55858
73132
32997
59002
16558
18867
24178
1333
29226
7325
63815
64759
63281
3984
29568
87678
92045
30619
3035
71777
33588
50202
55764
3294
79794
20935
56962
92387
78683
89042
29925
28276
68774
15114
66974
86841
34096
69713
75024
39144
2027
15623
35319
37628
54472
70230
70059
76222
79191
74422
3734
91888
76990
5617
18440
23668
28716
41735
49243
89741
15020
11959
76124
34795
32486
5695
28026
95135
63221
29650
6918
78266
8008
6893
80432
63304
80941
80774
71266
52000
35386
3317
90786
24107
26416
5709
65265
84017
82217
45936
28808
29923
34887
39935
43446
20869
28377
71965
52528
22130
60148
1707
2367
42335
94909
3991
28631
13390
11874
30626
32935
12304
11448
63738
71358
18271
57654
93250
38217
78181
75721
90085
26508
25030
62104
64413
29477
65866
66555
11271
32332
16148
32841
37718
75373
76567
91895
74003
92584
44227
77765
21366
82391
47734
87777
33687
52610
19048
89831
12371
86666
94286
15903
51328
54752
29231
7330
61002
40734
48242
41928
12474
27690
48751
83775
41932
32424
14102
17605
18720
87967
2468
9032
40127
73665
81285
27617
90367
73410
3666
81030
28306
22573
8714
9908
28281
41834
49342
16313
86675
30276
51337
74707
51596
91409
3059
76056
53650
5368
74711
36522
75905
44142
43027
4683
44651
49528
43795
69370
69199
45678
46793
37030
88890
93086
33969
5191
28031
6130
93090
15901
4080
90459
37906
24974
41417
60570
26857
34477
84458
92078
34986
51429
84203
69898
13670
13499
59196
32681
4266
93785
1272
21373
49086
46626
28304
83166
78799
87020
11547
43891
18199
38316
93178
32583
52450
53644
92493
147
94376
43309
61097
20448
68454
49017
63151
64345
88830
88659
46816
55096
39617
32769
68796
86604
11453
13762
56294
77355
3673
90883
86423
43979
68101
89676
29511
80264
929
68698
39523
55795
239
40040
38412
74801
1270
58617
22849
66237
752
86613
49368
16510
16339
33976
52728
83957
59125
90466
37913
2821
75647
77956
64001
22672
1965
26605
44393
40568
47132
41933
25920
26864
44931
27803
33373
35682
18554
19498
38421
1020
76155
77270
38930
75470
94481
15927
39957
5980
41159
43468
67953
42783
63844
64788
55451
14097
71038
79055
53225
16944
21311
78370
76854
81054
41520
63241
19761
39173
7104
28149
86953
39711
94573
5563
52730
42107
42366
17354
19237
63940
18552
14727
71898
22347
7010
75752
3949
1811
1899
41074
80457
27904
25854
59822
46381
67442
24998
87647
17544
85847
70097
38605
15744
41431
8649
30646
44767
25501
41773
32265
11742
32803
89862
93373
1903
74729
9411
43475
61033
425
29345
11135
28489
18
88570
33649
76861
20462
8912
18834
19494
59992
38246
92957
60079
39870
47490
7801
28846
41865
42980
85253
15150
36211
38349
75060
11834
88589
34670
39547
90471
93210
6338
86011
89264
84299
44765
19244
15419
37311
92173
75329
30747
59825
28062
41615
53157
59320
21243
90661
340
86201
11388
32449
76346
67791
17125
61907
58283
57168
33647
55823
18578
90054
1044
21145
92872
79427
87047
45204
91761
3695
94500
48711
27988
78052
17286
68916
31954
76536
59667
92098
3088
76085
44171
43849
9589
25527
85437
89800
62321
10540
87829
16532
18841
4898
25600
26544
62140
47605
5837
64278
86454
88763
92797
29542
18234
87652
85343
52314
17378
18493
74319
52573
75943
27052
77033
1835
24396
60785
9852
68293
88160
26450
63524
34070
37147
39456
26817
13092
34153
17309
11576
13885
87387
89696
91862
9245
43764
64291
40770
73907
41029
11140
12084
28778
47701
82696
86550
19779
51721
54974
37846
1560
76695
26029
18668
79693
21519
39988
49912
10641
65391
39039
12524
63620
27740
35360
54905
71578
72008
90589
60191
2944
27050
22795
268
41547
21684
23993
22878
69005
63806
82788
85527
69514
77134
84842
92462
38089
71509
37938
93401
44080
70824
34944
21077
77985
174
29094
43762
27578
30429
80840
53010
93053
32287
55657
59511
1842
48203
93929
790
64475
66784
74922
7124
48036
873
84425
31529
74232
72432
59672
33842
39041
16714
79084
1318
3093
60982
43854
89551
62606
25532
12091
33152
36229
42743
29983
53102
32379
92460
39736
95028
53870
90944
74931
8327
20841
7642
882
64567
8331
456
8669
89286
68504
39129
47952
79093
71585
55572
54457
30936
51463
74583
8150
26226
9094
55939
92650
1669
2784
21691
28877
48460
69521
30250
69780
56956
75708
75174
52847
181
6540
3909
92894
28524
67373
49051
87240
80392
33150
18081
86384
91544
35826
71422
1678
89891
21015
1423
72620
1932
2876
80240
79806
22977
48043
87426
42844
88086
10475
88879
63880
85885
85630
33678
54739
31878
79884
59253
9626
74581
75775
2778
5517
40437
44379
88785
16373
18682
13913
59439
50453
73823
38123
3031
72203
76821
1490
63204
27074
26923
60210
86833
82724
16730
90344
15081
30008
66970
49842
17757
79183
73220
5785
77667
4415
27940
27769
91884
43527
49519
48041
85115
86230
31025
78175
53539
91194
9541
74859
52428
22030
1073
54996
3891
26222
29984
49851
87585
80507
51053
53362
32409
85814
54051
10663
34977
18964
35407
91634
54389
17849
30868
21790
20675
42851
44989
76648
47194
7505
82468
16048
85466
39418
32741
19981
95219
6209
56629
1591
10398
57460
90709
92484
2530
52950
59343
22381
8522
21266
74671
82291
85030
52260
14071
64845
91217
71780
53796
91985
7230
8708
49336
40208
81366
9881
10148
82990
85558
33777
7416
91887
36491
91123
19647
51418
78872
28206
5620
64854
28974
51237
83581
40907
17161
19299
78265
90624
26058
78803
47119
43695
20070
41131
8349
63136
86506
72463
11697
70947
53819
92668
50825
51940
77599
22565
9821
43885
62637
69201
63297
50135
51329
13399
32322
18447
57296
90716
17762
5790
59350
5105
6220
654
8867
86231
3564
78870
83604
75211
17948
71102
39590
11960
1103
57486
2556
58425
66045
26511
62900
26849
86759
20861
66387
83001
85310
22999
61618
15036
32673
36606
50740
76399
27357
8880
29411
28555
29499
80957
35490
87780
38058
16846
2281
139
18729
55269
4164
56893
1704
40307
49009
89482
61343
87966
44474
63226
28461
69218
50294
19746
14443
22063
37813
1356
94220
72837
36957
2980
44577
64160
86165
60335
82056
81371
66836
85054
39006
27962
18454
51340
72401
12829
75370
2373
20449
71545
17343
10779
37210
32671
77253
18796
8110
92581
76397
41059
29664
63744
84805
85749
88747
34657
85753
17529
1110
3248
91573
72136
34911
42531
83004
75643
22497
69388
1961
45867
934
28910
28739
84202
87455
63934
30112
68018
47921
30905
32680
15552
36613
74097
3580
52459
18888
74351
327
63327
66751
40921
60333
15229
13600
11379
18736
68717
31755
32949
76337
14627
72228
6054
1799
92863
76679
65033
29153
25328
82670
46790
82499
89063
40656
83438
91058
55178
15644
38480
74189
55182
4361
74727
5300
42358
24829
88564
49974
68726
85399
46980
63423
20979
27543
35163
49548
61623
18828
17179
13525
14719
74800
25053
55881
1636
76942
43120
63325
64440
10350
80962
30555
95004
16851
37912
2399
74026
1029
3338
58806
21389
67086
42621
7701
941
64626
48613
6845
49273
61632
51009
85662
19497
43648
42963
58091
2046
90371
1361
58708
36962
93903
44582
90738
1728
91398
20635
65217
8551
61793
81660
81489
63167
64532
46210
85852
17094
59216
14208
90302
70694
16776
52372
40404
86101
8737
41348
79934
61724
52216
16336
26533
81395
80451
21994
17025
54074
56383
30553
2138
3253
11909
57606
27037
7445
92801
91945
72508
37743
80128
45363
28235
63430
86800
23
38247
52915
56314
33737
70277
30743
79517
44580
20888
85337
67783
63958
32445
33560
53506
71294
36128
4289
53765
91670
1295
2660
59473
67093
24135
61209
47505
8226
78993
48703
49647
40661
85243
86187
32097
51020
37145
75050
30297
36460
8045
73534
75843
58715
62920
70540
15507
52047
94399
62059
60714
67107
87997
17209
85433
61912
49553
57173
83633
91253
32796
39360
74384
26027
5750
17981
90651
6518
41438
49910
64274
84141
23909
10184
69322
84650
71317
13691
30927
93297
2942
45199
67091
82527
43937
26809
67967
84840
54271
30579
51811
71223
1650
1479
1988
26628
27743
4193
41701
43839
49038
65481
83118
46837
13015
70186
54173
74040
71409
10280
32819
71668
37333
3185
9427
358
71922
41353
27478
11577
80995
53165
7631
9940
80569
88077
28676
87392
32187
16174
59411
78393
73624
59749
40061
6594
7024
28069
10030
84325
19784
75076
39196
34427
7127
42047
51300
86976
39734
94596
51638
90487
92796
9519
1477
8325
50953
86027
42389
23123
49746
40760
83826
67813
62848
31085
70468
32279
39636
5233
3976
26307
356
28082
22883
26816
28591
16114
12690
15258
75168
56161
52052
92379
91694
74566
27324
82186
6617
61404
62064
48189
30150
43850
80390
52238
15164
70990
1392
5609
48037
89195
874
25176
78581
35907
43243
448
41727
49235
86309
67302
10982
16181
67811
75431
19713
55138
14410
14748
20230
36924
22368
23307
85526
86641
22622
30242
89209
82532
354
64039
17056
51136
35123
36317
77475
52589
54898
37941
62004
7476
26383
21614
52843
74848
711
5421
49327
80668
26466
64655
34086
47527
18582
22093
32824
39217
32290
53351
72103
7123
8067
39985
64048
11073
48828
40786
49488
82908
15010
66699
34785
53537
51737
73913
19711
72264
3885
27331
92469
50626
95208
43427
88268
24420
69002
32040
47619
33493
17480
76275
95027
11855
89975
5082
38908
74504
40878
62770
83831
63200
63029
21871
15357
85205
25804
48640
84349
56260
13302
36931
4407
24258
59341
20320
20149
92991
9180
7914
28959
44717
52337
17572
15263
91186
2176
53961
53026
18261
35213
14945
66971
84074
551
20848
81080
24702
49676
30522
75104
12200
63889
36230
51387
74757
93509
20667
78611
71763
55750
48918
84264
87767
17664
34107
91278
89821
50550
71611
53118
86656
18862
76463
59619
36758
9458
44378
94530
20857
28874
83506
48741
29304
31191
45576
29563
38122
72202
53788
72711
78703
84014
43879
9790
90866
74853
43090
27611
82473
46593
68598
69028
80673
32575
73048
57035
17501
10937
84439
84610
92059
92568
74246
75870
25204
20949
21780
42841
41985
60737
80604
42674
18097
37020
57225
92758
55684
74436
38556
8003
76745
46176
128
50915
21970
48059
25903
75449
65950
18537
19197
33865
37264
76647
75962
57640
64145
60750
66287
33258
30264
78099
14251
73501
37621
50469
52778
37880
74954
93706
42076
7410
37963
40021
8354
45583
42159
479
28455
30959
38467
18095
19289
83938
91558
56793
39665
14950
1070
57223
22570
74860
47823
28645
29839
41664
48057
63919
56186
16652
93005
1260
45675
6646
43875
44990
64936
47558
15189
69024
26751
10679
12988
13418
59115
21038
53382
41414
60141
62450
48575
80346
84200
86338
62817
81970
26937
63477
71097
12126
15379
37805
13750
5202
21370
73489
8171
78537
92671
95239
28639
32071
30271
73337
37457
11627
59633
11886
52359
49014
42959
60492
46103
80697
30970
40214
388
92763
54574
31997
29337
65192
85138
48064
69125
47913
14350
50059
73600
90273
36100
56305
1096
94039
8453
9647
25051
26245
65887
85470
89153
48504
64776
45510
48763
53130
12995
30098
90972
5645
71794
21387
91999
27095
68023
37303
15386
17695
2470
52205
17440
51349
39954
94302
21460
36960
72919
49173
42354
61106
63415
24825
62730
63674
17092
51706
70688
52366
42173
25329
3428
76934
1094
6142
6935
11286
81898
16334
39170
37370
86779
70594
18985
37737
90799
40304
19924
1960
27544
40563
26688
28997
47920
67616
10787
6841
67591
88652
11192
17184
75319
14724
74634
38754
71640
72834
93361
2042
70784
18891
73523
72408
39952
74717
6234
1979
8543
26619
25141
64524
4718
85051
26594
51166
73342
15315
14630
54957
50848
59471
21394
40146
42455
78732
86352
64969
7618
1885
24216
88235
29778
10090
25840
63858
30036
33460
84919
31660
33798
55974
35343
37652
9237
73077
5128
7437
75131
32687
2134
91937
54863
92597
29342
931
26177
25233
85143
86087
62566
46553
47747
36101
38239
73434
36189
72069
30226
57680
71893
93898
2579
9143
40238
9936
63074
11293
43745
68890
67775
64781
55273
36629
75478
14883
4026
60007
62316
32950
17881
92689
26440
64967
19074
30318
33287
4187
71221
2842
13958
166
78407
7719
21578
42639
43470
94929
60706
249
29340
41528
80377
63249
87734
88394
85934
67612
75232
52371
55110
61214
75065
50600
51544
90927
76430
91587
606
6769
67690
62921
89695
52048
86275
15057
78391
52561
72507
3594
50761
60005
22
7786
62573
63767
26693
64456
29691
85517
31427
46643
54263
33995
53945
20123
90485
26115
64020
43752
9492
25259
29877
48800
63164
83031
41952
86534
23630
68212
31250
30394
40841
69410
8225
50853
20284
55901
63521
4909
47337
45537
94324
27215
42293
64548
82106
87384
61554
84924
69855
30834
56238
3108
22015
30667
3083
8390
84317
49552
47243
14214
83632
36219
89624
11220
14473
50603
87824
34678
56399
50436
17980
16865
94333
70812
88078
3807
86278
26113
64302
44694
89276
65755
84507
7974
31077
36125
94519
1292
6340
72773
18571
56760
78481
35807
74656
44596
40942
48450
69511
45819
15421
68655
13621
58203
16874
67970
10456
17563
85866
90233
93486
21074
59489
29884
44018
85176
27149
43842
89368
25520
28773
29967
49834
88683
33478
30484
52489
75604
12700
9430
70810
44688
83307
47427
41694
87391
83566
84931
86814
30415
30674
90584
3883
33922
263
41542
40427
20990
84324
26982
42740
63801
85781
68653
76273
73813
57629
93225
3021
20383
18755
51641
58827
40617
92907
46325
83658
36132
50629
54287
74404
15947
93415
94609
20573
7374
94868
3720
58988
77999
20656
8572
88074
15002
24848
85080
30159
32468
63697
54360
15770
52844
6366
37349
39658
54986
21164
38973
40709
45223
86381
38024
26980
89120
31176
32291
17472
30491
28863
31714
46930
54550
92284
74755
447
27058
94167
86283
8664
82203
85456
37608
37074
59079
50886
3205
5514
270
57024
65153
85020
49140
5856
48284
60643
67036
67829
18253
56525
20757
3111
59494
40340
40169
62345
85181
1854
80671
25638
47530
16639
67735
89911
75355
51834
36481
2103
362
70561
74244
3556
1247
90766
91881
729
93505
6804
64560
5948
41983
30166
87504
12353
82201
85454
42
68326
34103
38721
74146
79453
87073
48733
5771
49677
41121
41914
63635
28870
62779
13228
70399
11428
93514
78161
55584
36147
2170
59517
53784
41307
72536
74845
80156
56523
64143
40622
47015
48130
60034
63287
82210
30258
63796
53094
27945
83237
86661
76038
13134
35310
54292
73044
7404
79036
1671
93249
86480
21096
36846
72726
44466
87248
16289
13829
71601
70236
38974
51993
52423
9110
38548
83246
86749
67233
50217
34204
73053
74247
17335
30354
51415
52609
84953
90264
54384
30863
50730
14850
50559
44191
59691
5446
21188
27601
8953
26745
82037
87599
33680
1156
59618
51576
15696
53885
7148
50891
17579
95047
7152
43266
57822
20860
65442
41921
44890
47458
82653
46773
54393
86052
85901
53023
10579
13318
58330
94548
294
5538
6903
73996
24445
69027
40203
23589
75879
94802
45481
3997
377
41656
11596
44904
52524
73051
94112
51668
52783
5102
53722
56975
35229
37538
59714
57914
25036
734
5444
48406
84261
67926
43871
84628
32847
15719
12725
13840
39499
20345
9455
60133
61077
25197
90961
41748
47911
82651
90271
37547
74087
89837
3399
1770
31388
51505
2288
52958
292
6651
45504
63292
86662
65709
33002
36255
73329
9987
49162
52013
49955
11878
87860
62974
2361
94110
79041
7238
478
24800
61340
63478
75984
2987
44471
64167
28287
47210
63482
15125
75
69724
63991
85996
74350
19317
72379
73494
32845
33960
14523
50403
91561
58249
40039
56904
75886
384
42857
63384
4943
65693
16142
84019
87443
68006
28986
64582
15031
17169
10492
78194
54673
1088
76394
36689
93801
9560
94461
42680
43110
51762
27719
25919
82326
68622
67507
72133
73327
34737
74951
2898
14615
15730
52270
73331
75469
6042
75978
93536
43271
78717
62816
13240
65814
34301
88650
10075
26769
34389
10868
75033
3489
37896
58957
47311
43202
45511
6232
23594
7426
47653
61866
51164
34036
73419
53556
37543
75732
71623
2994
4618
64174
49355
25834
84379
84124
60603
65881
54857
75384
77008
21294
5126
56911
35850
61107
25227
59880
40555
26851
20183
22492
5209
9827
40300
1785
21377
65274
62814
11184
28993
83341
38237
34128
72317
2289
1888
55448
30733
37126
31927
90643
54763
74630
74459
38579
12920
20540
24732
69314
10176
82333
66658
17082
31750
31579
36627
9043
2988
94737
62030
94996
75559
90887
25323
5731
7869
41845
23523
31143
62372
10875
54772
59820
50663
52972
20094
87884
12503
33794
78376
53661
74722
91395
56400
78121
40044
62220
26340
78914
47660
67606
48428
11
58102
70691
50060
30193
71121
18906
26526
57755
2316
47053
23791
24221
8283
49729
60439
83809
82331
71816
6327
55803
18558
52638
74814
8640
43389
25067
26432
40929
41589
60512
43898
47326
31141
45526
48779
10873
53146
32594
14272
72407
73522
11812
79514
25424
56653
3523
64273
20885
49454
2667
76858
9231
45095
90992
28931
43295
3606
65980
85676
50338
36634
19506
57161
7534
54701
6419
85759
32784
53845
30984
3684
7617
1884
25330
93633
62404
68112
46900
82609
69565
88317
49727
40741
82613
49986
76074
4192
49037
62056
5924
77806
47237
69413
86086
3590
28230
7807
29683
84315
25858
48694
10103
15665
53570
67955
70013
75575
78314
73011
37131
53937
6515
8290
23113
94840
58960
24307
83023
47143
48087
67010
25681
89015
29614
86785
37234
61899
63160
85674
90041
30924
51451
53589
39885
32807
94233
28068
95177
24130
76704
40936
22614
29007
41596
21758
8559
93915
48527
23812
87376
45533
84916
53153
30292
71049
12763
34484
30659
52551
90569
9067
94423
59996
47519
46041
67102
24658
30478
64196
82004
16010
67699
31167
15154
14039
55197
52737
91586
75573
59560
41179
1891
63071
7883
41688
91590
94667
29867
23904
48085
60444
24564
87468
32184
46740
67801
16171
84474
13711
73621
77304
93292
91776
92715
770
27381
49386
69503
16357
61035
40767
25948
14302
1474
33822
78404
41442
94676
58796
60703
2672
75498
76863
49033
28765
41784
49292
63789
83372
73204
61989
13803
14747
88420
72348
74657
12947
51796
33474
75062
15945
8057
57533
42292
61044
25164
46225
84414
10461
41690
13200
52387
71310
54696
76872
12853
20473
91515
58888
1399
92204
40423
85264
36222
69760
7122
37675
3013
50009
15244
37249
51633
71500
6011
8149
59934
40075
41269
56940
46317
5664
63954
84481
37068
26454
18061
83904
46659
48968
54279
38266
51819
25104
32812
40432
22110
23304
40941
20310
1662
26302
351
42290
93749
85356
14138
31775
32890
58294
18760
84754
7556
23039
45724
48977
67729