249
3169
2855
3799
1587
2647
2027
3641
2373
2068
606
3571
235
3734
744
907
1847
2841
1009
383
3318
2003
1985
674
2207
2141
1656
3248
2716
3594
1285
888
3386
22
559
141
3390
304
1961
934
2401
1133
2109
605
3733
535
2840
3317
327
1984
1517
2261
119
3618
1939
2303
3247
2599
1447
2344
2974
3622
2191
2507
1859
1239
3177
558
187
150
1169
2284
1799
1132
1544
1707
2367
863
1099
3361
655
1845
818
3153
1571
2001
326
3108
1775
3083
2598
1901
2561
2862
3510
3339
1831
2024
1405
1168
1798
487
1131
2792
1706
3232
1432
3807
872
3370
2885
1224
3782
84
1636
2296
3737
39
117
1774
2422
3616
1729
1292
2399
3000
1867
3412
4
1496
1029
3338
1200
941
2608
2954
278
2583
2995
2528
3806
871
3198
2167
3314
2046
1361
1991
2468
2977
1316
1728
1357
3666
2514
3337
802
2069
3129
194
2032
310
3059
1551
870
699
3197
3531
1852
3160
2675
3323
2541
3364
1152
2096
908
1782
2259
3090
2138
3253
263
2731
218
2935
976
193
430
2814
3758
138
1412
2606
3721
23
2235
3600
1921
1713
1476
2907
2591
3068
3021
3651
814
661
1851
2911
1480
3322
2837
1272
1314
3623
1944
480
1736
1518
2396
892
684
2188
2304
629
1819
192
2660
1295
2489
985
3720
147
1337
3646
2864
3057
2493
2026
1712
1341
2535
3650
3479
1504
1897
3442
2327
1059
1012
1860
2119
378
1022
906
123
382
3251
2220
545
1105
3043
3673
1527
216
1406
1035
2859
3756
1294
3385
146
776
1128
1758
447
2752
1721
2381
2544
451
3779
614
2118
1270
3112
752
2256
2886
2419
2266
1104
707
1114
3205
270
215
1155
2932
3409
3135
2821
3765
1456
775
1965
938
979
3302
312
821
1057
497
1803
1020
1650
3111
1479
3741
168
2006
1988
1854
380
2677
2010
2469
3463
844
1317
2195
3626
3255
636
1826
1043
2103
2515
1247
3556
3185
566
1756
2404
729
1919
1385
2033
358
3227
2542
3019
2705
830
1219
2964
3740
3023
42
797
2884
1112
2839
1742
2139
1291
9
1454
427
1617
2732
2611
1409
2287
783
2240
2403
728
3693
1765
2607
3485
149
866
2170
1969
495
3601
658
1477
621
2592
88
1811
796
2634
3578
959
1899
2263
2893
1523
963
2193
1945
1162
2356
3471
2986
481
3416
1671
2494
1626
3183
3509
356
3138
2332
3276
2962
3439
1694
1810
2917
2383
412
3530
2262
1231
2054
379
1569
1903
1532
2009
851
2518
1499
262
2100
425
2730
3207
73
3553
2522
2285
3716
18
3508
2823
1392
365
1718
244
1184
874
3809
2378
3493
2081
285
448
3067
1638
295
2916
3109
1277
2424
3702
1156
3331
2475
2008
133
1323
2929
2939
434
3562
3191
3136
364
1336
2377
939
3808
3437
665
2799
3400
3163
294
2132
1017
3793
457
1647
2641
377
2682
711
3159
1021
340
1530
3297
2983
2775
804
3186
2196
1882
104
1044
734
1390
363
2201
3024
1345
2710
1975
3695
3228
1483
94
1275
3366
1438
594
757
2061
1576
3088
2307
1743
3214
2729
1298
3399
733
2867
3515
1770
992
937
3719
2288
663
3282
292
2130
455
2589
1274
3583
1437
3746
48
3787
2005
3120
177
1367
1950
2361
923
2427
2991
1330
3421
2936
478
3097
1001
1880
2357
24
2987
2866
3514
2149
1835
524
3306
75
153
3652
1506
2621
2959
3607
2176
672
1273
3582
3648
246
876
3374
1228
2889
10
384
3166
2481
2014
339
3420
551
2564
889
2727
3350
1422
3305
199
1560
1764
1927
3072
2379
1227
1791
1857
3383
2898
1995
2643
921
597
301
639
2944
1579
2106
3100
2365
1833
3563
3489
1981
2411
670
2920
3081
2930
3656
2341
1856
2971
2679
3794
1648
174
2012
337
1994
2642
184
759
2780
3257
638
3210
504
267
2517
230
1249
2994
1879
1842
3303
197
2035
531
3313
160
1350
790
1179
1980
953
2457
2410
3354
3080
1717
873
2711
253
2387
883
2503
391
1610
595
128
1785
2433
1318
3093
2062
2225
3419
2104
1703
3011
2526
1095
2289
1888
3520
1299
81
942
3724
2456
952
3450
581
2965
460
252
3751
882
2549
1071
1016
456
390
1646
2761
1
1809
1493
182
2803
2432
1947
137
1327
3418
1910
1119
2362
3010
687
2992
3640
3469
1210
650
479
2784
2317
813
1669
2826
321
2455
3570
2618
35
113
2200
1562
1725
251
3653
1070
1233
3608
1492
1025
2219
715
1655
2849
2686
3334
1818
181
2478
1400
1229
919
11
2223
548
1738
1585
3209
1701
1093
2371
696
229
2316
1678
3769
2108
1260
1890
1423
1932
2876
2547
205
2339
835
3236
2922
1024
1807
1654
3745
3592
3755
57
1792
1955
2232
2778
1117
3426
2111
2741
1121
1677
3768
2737
996
3731
158
2463
788
1348
3523
121
1941
3402
2667
3031
162
2546
2000
3606
1861
1144
834
3453
1490
2301
1816
2476
3124
505
2810
3591
2486
764
144
709
1746
1528
2806
3684
1375
694
1884
2532
486
1839
2670
3147
1802
79
2244
2874
2407
3522
3151
2829
3660
1514
2708
2555
2337
833
1240
1069
680
1870
388
3590
1444
2388
417
1073
763
2897
2230
3174
718
1592
1537
1500
2943
2790
3220
156
1096
949
3568
902
3447
2925
2391
1189
1772
3406
471
1661
3752
179
1606
142
3707
3270
1591
1536
3627
692
2530
2359
647
1837
2581
2114
1629
3567
165
2470
3196
530
3312
1396
540
2674
3497
2182
1697
2345
3289
1030
3168
2483
1234
2895
1864
1081
2057
3172
3335
563
3636
1891
2321
2998
1053
3428
3362
3774
1628
1094
2372
947
3195
1220
2414
1049
1929
1558
2206
2673
2836
3200
3496
3659
1933
1150
3288
3404
99
3589
62
1614
140
2274
770
1960
1243
1789
17
2066
2400
3060
1381
2575
1793
3635
3264
2779
808
2159
437
2789
1474
85
3728
118
2042
367
2672
1349
1979
2506
3621
2135
3079
3796
3588
1613
2807
2969
1872
2302
3180
2695
3125
2858
2811
2603
2366
3014
3481
1681
654
2788
695
3564
1885
29
3193
1047
2088
2204
529
700
1719
1195
3620
3449
2352
630
2134
1399
1103
422
3587
2556
2719
931
3342
2857
2074
1542
2019
515
1705
3480
3013
3262
1116
490
2740
2903
1005
2750
2579
2458
1894
38
116
1056
746
1936
3244
1565
1194
750
2254
1940
458
3411
2773
3203
2281
14
139
2444
940
2226
1662
351
2485
3133
1704
1333
2277
1180
444
1634
2912
3572
236
2323
1838
3146
2832
1564
3156
2842
3035
166
1356
3294
2980
3457
2142
3086
467