2207
3304
1222
2057
2892
554
1520
1957
454
2734
2503
602
471
2759
1256
1337
3057
3486
2072
1056
569
1048
163
3692
3205
1833
3461
1204
2924
1552
1989
1808
3609
3122
3551
734
3022
1171
3501
2972
1600
584
1973
2939
3287
2889
3724
1873
1823
2302
2252
2071
2775
170
2377
1890
3641
1790
2625
3054
2567
1988
1938
2286
2765
2236
864
691
3021
2890
641
2971
2840
1855
483
2682
3069
731
2532
2003
3542
3442
748
2020
169
648
3334
1483
954
69
3153
2755
11
3540
1283
2772
1887
36
871
384
1350
3507
582
2870
2383
532
1498
969
301
2052
3772
1523
1871
499
3135
1284
2548
647
3333
597
1563
903
3589
1251
2217
1688
3052
3489
3002
1630
216
2017
1836
1430
2265
2134
2084
1068
183
52
1018
2688
2638
1266
1703
2182
679
2001
2967
2480
1901
2736
1893
3440
3034
2984
1083
2803
1431
3232
17
1281
794
744
2495
1356
3686
3199
1248
2918
1067
669
3753
3355
1148
2520
2281
3247
1396
2718
859
330
2660
2487
2000
1115
2835
1950
1015
3651
834
1800
3420
2048
3768
2883
2396
3362
1511
3312
3181
974
801
1767
2165
1636
264
3437
2065
2900
1965
1915
2750
1097
2817
966
1453
3652
1882
3602
2717
1701
2667
2617
2080
229
2865
3213
1312
1791
1393
3767
15
1816
2651
2245
1129
2493
2849
2930
1427
2393
2618
717
261
3782
1931
1046
1881
2847
3203
2716
2797
328
1294
359
2566
1194
2385
1848
832
1311
913
3599
2096
245
3418
732
2046
3368
2483
1111
3318
1459
2781
3616
2731
2244
1846
2681
2013
2450
549
3583
3664
1682
3614
1763
2161
310
3781
3383
2665
1780
1649
2615
764
1499
1491
1878
3548
3061
1210
812
1160
3317
2830
1945
94
1416
3615
44
2599
3565
2151
729
3415
2953
2547
1044
3251
3730
2845
994
2266
894
2614
1242
1679
2993
2862
2414
76
2233
2183
2531
1646
2779
3745
1894
3216
2331
124
3645
909
291
3762
2398
1513
3720
3183
926
1274
695
3512
2009
637
1074
943
893
3710
3579
662
612
3298
1745
1695
2611
1189
702
660
3338
1974
2330
1793
2149
2099
1612
727
1562
2478
1941
3611
825
115
2395
2751
544
892
2164
2643
2593
2106
255
2462
3726
1906
3626
2560
2916
1544
2858
3164
2627
3593
1990
2956
3791
445
526
1361
3568
3081
2544
693
1609
1122
1080
3279
3758
3360
2394
543
443
3129
1757
1270
872
610
1445
2411
2361
510
1295
808
1774
2261
1187
1137
608
1574
3294
558
3642
2757
2576
2178
3361
3798
1947
1104
2326
1789
1658
2624
1608
236
2524
2037
665
1706
3028
2004
1475
3624
2739
2210
838
1673
657
128
2814
3293
507
20
3143
2119
268
226
1053
2375
3689
1838
2673
3408
672
1994
35
2590
1655
1168
2621
1605
2969
60
2259
3225
3581
1722
2159
2994
3473
2109
656
2944
1093
3292
1043
3373
150
985
100
456
1820
935
448
804
1770
2605
2076
175
473
952
1787
2622
3009
1637
2472
1587
3307
2372
3563
2191
340
2539
290
2010
240
1960
3274
1423
1852
1
2050
505
2225
1827
455
2256
2612
1719
1669
2025
1967
2323
1736
1338
851
3008
2777
3743
3206
2677
470
2140
231
2040
1553
2388
2338
1851