2554
3498
212
2346
842
2509
3340
3799
2072
513
1379
3688
3641
698
2068
1754
280
443
1383
3692
3225
2540
2369
1684
2095
3155
2841
3318
383
2252
3293
1147
703
1656
1285
3594
1448
888
3386
767
3178
512
2646
63
3390
2275
304
3803
3098
489
2109
452
2586
3733
961
2331
1846
3307
2906
3317
1354
1517
2261
1146
2140
628
3247
475
2562
2344
1313
1076
1239
2354
3501
1822
558
6
2645
187
2492
1377
2655
2284
1970
2793
822
604
2738
1707
233
3015
1099
2093
1062
3783
2668
1571
2001
2631
1363
1526
3083
2598
627
886
2724
1238
2353
20
1085
3176
1201
2862
1831
1594
2024
2654
71
3551
3714
16
1798
2792
1131
1640
2584
3232
2747
242
43
3199
2885
1224
325
3574
2459
3616
3245
3408
1729
265
2570
428
3546
1496
2144
3338
1200
348
2653
3597
978
2816
1167
1501
1760
3602
1923
2583
2528
1843
816
1482
1015
3791
171
334
964
1153
843
1783
1316
3625
3036
1866
1083
3458
3337
3184
1038
3129
2815
3759
1384
310
987
398
3230
3059
611
3805
403
699
3197
1222
3531
1852
3160
3790
3323
704
1644
3735
3364
745
592
908
755
2212
1727
2138
2768
893
3391
2360
1875
430
1620
3387
1412
1175
2606
23
3429
2865
3058
2591
2907
449
3021
1851
2328
290
1013
999
91
2837
2466
3581
3114
1435
3744
2800
591
2258
754
1944
2221
1106
1365
2512
1244
800
1819
2934
355
2489
1174
147
3646
777
2615
3057
2493
2026
1504
1679
823
2327
2957
1012
2053
378
1197
123
1063
753
1943
2220
1735
3206
1406
2150
1035
2313
3507
58
146
2080
1128
1758
1387
410
2544
2707
1804
2748
960
3112
243
3742
2627
2886
3534
2419
915
2266
3413
3205
215
1155
2312
637
1827
2942
1293
266
3135
1456
3765
2450
1248
938
2242
567
2405
979
2817
2380
3440
2325
2955
3603
1687
3778
2681
3158
1479
3111
3741
168
798
1988
131
380
1733
2677
3204
681
3463
2348
2978
2311
2941
2515
2241
1756
237
3019
200
1849
1066
3740
89
42
2884
3532
2264
589
3324
1112
2839
3050
431
1371
2565
223
2310
9
264
894
1409
2287
2870
2403
3347
2079
3226
291
320
1969
88
250
1440
2634
959
51
588
2893
3541
2838
333
2685
2467
3115
1199
3461
1162
2356
2986
634
3179
8
2148
644
1834
990
3142
2657
3717
727
3509
2661
986
1000
1709
3017
2453
3647
1968
3494
657
3276
1694
667
2124
2262
550
1740
2217
1161
3470
3299
3003
2355
1087
262
2100
3553
1407
3716
573
3508
2081
656
1930
2590
2753
295
2916
1277
1230
3368
596
1786
2846
1531
2008
2638
850
3298
1790
2984
1323
916
1953
2929
642
271
434
780
1253
1883
1416
1045
2488
3766
309
3492
2377
3808
1692
2169
1855
294
3163
3793
2132
457
1600
1276
966
202
2336
2682
2215
3330
1651
2845
711
340
2007
132
3631
641
2775
3186
2938
3598
433
1252
1882
26
3506
104
2238
1390
993
1975
3228
1720
1549
238
2706
1275
248
201
49
2098
594
1067
757
710
2844
895
3047
178
1368
2265
3459
640
3088
1251
3560
224
1881
2237
733
3515
580
1836
992
2612
1181
154
1344
3719
317
1808
2923
3583
1437
1284
3375
2126
385
1812
2472
3120
1950
3421
2936
478
2946
3213
1297
441
1880
853
24
3351
2320
1835
2495
2028
75
1343
946
825
3018
1273
3582
246
1436
2889
1737
2852
3675
2014
2523
848
1158
1111
3249
1741
3096
2564
1533
1296
269
1051
3189
2875
3305
199
1389
2037
1505
3280
1134
1764
2958
3072
616
1556
2550
2713
2898
2480
1995
2643
2272
3466
301
1458
2106
2365
2147
1833
161
2295
670
2174
3234
1652
2596
666
1856
3794
2012
337
300
129
930
759
2780
3039
3395
2994
2527
3187
3150
1471
1004
2828
1179
3488
1980
1513
3233
2202
2595
1280
253
2387
762
2896
3326
554
2688
3118
3748
2270
2099
758
2062
721
3419
1911
3048
3011
2289
3520
1888
359
1470
1003
2293
322
3450
1771
3242
3751
2720
1071
827
2178
2131
2761
182
127
1947
2988
1910
2733
3677
1877
3640
2992
1210
2154
479
3348
1002
3311
80
321
951
2618
1187
3278
1562
2548
1233
3608
1863
3334
2219
1655
2478
2060
2690
2223
1575
1738
2070
274
3209
3056
219
2371
229
812
575
3310
1678
3769
3398
1890
779
3102
2246
1561
3403
534
2918
3032
413
2547
2394
1279
890
835
598
1807
2922
1024
3745
343
1283
57
135
2269
1955
2899
3500
1117
1376
2162
3768
3101
1185
2463
111
1978
1931
2408
121
2972
1941
2667
3031
1982
3606
2968
1490
1023
3332
463
2597
1816
2476
3124
1954
1171
2602
709
556
1528
1538
2198
227
1884
3355
2791
1209
3777
79
32
569
903
2091
1514
2392
203
2555
833
1069
3378
3615
1699
213
388
3123
763
2267
1236
3708
1745
2860
3053
3683
3216
3008
3638
2943
1912
2790
601
2735
3776
78
3558
2090
3521
2045
1731
1142
1305
1698
3243
471
1661
3752
416
1999
925
1907
183
1373
2804
346
3682
2651
509
3627
2530
1165
3007
1674
2322
3145
1466
610
3308
2460
785
1192
165
2470
2299
2318
3075
1396
2553
878
3497
1522
2182
2345
2508
3168
1489
1823
924
3172
2057
716
1906
2067
1382
1545
3006
3636
2368
864
2998
1053
3362
493
2113
3774
1887
739
368
2673
702
1558
669
298
632
414
3760
62
3542
303
1243
1122
562
1163
3005
1793
136
766
3427
1682
1748
2789
2742
284
400
163
1011
3495
3028
1349
3658
3287
2973
2506
1487
2135
631
1821
2765
5
423
186
1242
3333
561
1817
190
506
1380
353
3634
3481
862
1335
2996
491
3273
1844
817
283
1255
695
1418
29
700
3148
3620
630
2556
2185
214
1033
3342
1913
3505
1705
1964
2157
2787
1472
38
3518
116
2087
1056
3365
746
3244
157
2462
3285
750
2417
458
2763
2926
2773
1611
3203
977
3596
14
940
1079
2226
351
514
3012
3642
773
1180
652
3271
1125
1634
2912
1481
236
1208
3517
1838
1685
1218
374
537
3035
1356
3665
3294