437
793
814
306
387
277
714
206
585
425
354
783
471
421
829
1287
1156
779
1027
650
977
440
565
515
407
9
844
734
357
815
1142
634
715
1063
730
324
680
1159
422
401
749
89
497
389
716
666
645
1103
108
58
1024
893
516
487
864
712
641
1120
681
1139
1008
827
429
1285
756
1235
350
300
598
975
548
417
896
875
825
107
942
384
813
305
234
692
1011
105
432
301
759
659
151
449
428
928
1234
1134
597
932
924
903
395
803
166
1022
6
485
841
443
922
435
414
872
385
762
741
233
254
560
1116
629
956
558
71
550
529
327
675
575
67
496
1310
794
265
819
740
232
669
1148
917
888
3
859
809
884
855
834
805
726
1082
218
676
168
545
118
822
293
264
135
949
891
333
1168
262
589
539
887
1193
606
1085
964
477
406
885
398
377
754
246
1060
196
15
960
473
952
46
902
771
394
802
752
571
84
63
1029
919
390
369
340
798
667
261
240
617
1075
1046
538
1
1194
26
992
1013
863
703
682
276
632
653
66
880
343
670
978
1334
339
797
1255
768
747
1095
689
1126
639
508