843
1272
735
127
962
77
912
404
1370
883
1341
1320
296
1241
552
929
421
1206
1287
729
221
490
1325
948
440
898
1254
238
1094
565
1044
1023
1371
486
965
1321
923
944
415
915
407
1352
865
1242
634
257
253
203
93
1059
551
1336
422
401
291
1236
547
1026
518
120
497
447
1303
1282
1274
1253
876
487
335
204
633
125
583
562
75
1020
1368
352
1289
302
194
173
152
652
1343
1335
1314
429
1285
269
1235
748
706
300
169
975
467
417
11
1333
338
1283
921
1329
284
1119
1040
482
105
940
453
1267
1246
578
1007
478
907
22
878
857
370
1315
1105
1361
874
853
316
774
1130
1001
514
972
1349
1270
212
997
2
1345
968
83
460
1316
1295
381
789
21
1212
1112
248
525
38
17
1360
1310
1231
1152
34
1356
950
1306
1298
1177
988
590
103
561
430
24
859
1296
607
586
99
934
1363
1342
784
297
218
655
626
982
576
1309
314
164
441
891
870
1247
1357
1328
1278
1118
945
458
81
1293
916
31
539
1243
489
1324
1193
1164
527
506
1362
477
1312
935
50
1060
573
96
46
1279
721
323
621
113
84
1029
877
1175
30
488
1344
946
1294
1223
736
359
47
1013
1369
484
1319
145
980
553
524
503
393
1359
1338
1330
1157
649
162
1128
1107
1078
570
1355
1334
978
1326
339
818
239
718
1176
668
160
618
508