8 12 16 36 44 46 50 54 58 126 195 199 241 243 270 288 303 304 317 319 321 322 329 330 347 348 , 12 14 18 % 26 , 3
4 5 83 102 106 110 114 128 134 138 143 145 160 168 191 198 208 218 224 226 230 246 248 249 252 284 , 24 28 32 % 26 , 3
11 13 14 25 30 31 43 67 75 80 81 101 105 129 132 142 173 175 200 214 216 222 228 312 320 322 335 , 14 16 28 % 27 , 3
8 10 12 16 36 38 44 46 48 50 53 54 58 60 74 76 141 199 241 270 288 303 304 329 347 348 349 , 12 14 6 % 27 , 3
61 102 106 119 124 147 155 168 172 178 190 192 200 230 237 246 248 256 302 303 320 329 330 341 347 348 349 , 5 7 9 % 27 , 3
5 22 102 106 110 114 138 143 145 152 154 155 156 168 208 211 230 246 248 250 252 259 284 332 334 344 347 , 1 25 31 % 27 , 3
11 13 14 25 30 31 34 43 69 80 81 101 105 129 141 142 173 175 205 209 214 216 222 228 312 320 335 , 16 18 30 % 27 , 3
2 7 45 84 102 106 129 131 151 155 168 195 230 231 248 260 318 319 321 322 329 333 334 341 344 347 348 , 13 15 3 % 27 , 3
8 10 12 16 24 26 36 38 44 46 48 54 58 60 74 76 107 141 179 195 203 205 303 304 321 347 348 , 10 14 8 % 27 , 3
8 10 12 16 20 36 38 46 48 58 64 66 74 107 140 147 197 231 302 303 304 321 333 334 341 347 348 , 10 16 8 % 27 , 3
8 10 12 16 20 36 38 46 48 58 66 74 126 147 197 231 270 289 302 303 304 313 321 333 334 341 347 348 , 10 12 16 % 28 , 3
8 10 12 16 26 36 38 44 46 48 54 58 60 74 76 141 195 199 203 205 303 304 319 321 329 330 347 348 , 12 14 8 % 28 , 3
61 73 102 141 146 147 155 160 168 172 178 190 200 208 230 231 246 248 302 303 320 322 329 334 341 347 348 349 , 11 5 9 % 28 , 3
11 13 14 25 30 56 67 69 75 77 80 81 101 103 105 129 142 149 173 175 199 200 214 216 222 228 312 320 335 , 14 16 24 % 29 , 3
22 86 114 138 143 145 146 147 152 154 155 156 168 198 205 211 237 238 256 259 284 317 321 327 329 332 334 344 348 , 1 27 31 % 29 , 3
8 10 12 16 20 36 38 46 48 58 66 74 119 147 197 231 241 270 288 302 303 304 313 333 334 341 347 348 349 , 12 16 6 % 29 , 3
11 13 14 25 29 30 31 67 80 81 101 105 121 129 132 142 162 173 175 200 209 214 216 222 228 312 320 322 335 , 16 22 28 % 29 , 3
11 14 23 25 29 30 31 34 43 67 75 80 81 101 105 129 141 164 173 175 200 214 216 222 228 270 312 320 335 , 16 20 28 % 29 , 3
11 14 25 28 30 31 34 43 56 67 69 70 75 80 81 101 103 105 129 141 164 173 175 214 216 222 228 312 320 335 , 16 18 20 % 30 , 3
11 13 14 25 28 30 31 43 56 67 69 70 75 78 80 81 101 103 105 129 142 173 175 214 216 222 228 312 320 335 , 14 16 18 % 30 , 3
11 13 14 25 30 35 57 67 75 80 81 101 105 129 142 147 173 175 189 196 200 214 216 222 228 312 320 333 334 335 , 14 24 28 % 30 , 3
8 10 12 16 26 36 38 44 46 48 54 58 60 74 76 126 141 169 195 203 205 270 289 303 304 317 321 322 347 348 , 10 12 14 % 30 , 3
11 14 25 28 29 30 31 56 67 69 70 80 81 101 105 127 129 130 149 173 175 200 214 216 222 228 244 312 320 335 , 16 20 22 % 30 , 3
7 23 37 45 66 98 100 102 106 108 110 112 129 138 168 199 208 212 213 230 231 240 242 248 270 277 329 330 348 350 , 13 15 33 % 30 , 3
11 13 14 25 28 30 31 56 67 69 70 71 80 81 101 105 129 142 162 173 175 186 209 214 216 222 228 312 320 335 , 16 18 22 % 30 , 3
11 13 14 25 30 31 35 43 69 80 81 101 105 129 142 147 173 175 189 213 214 216 222 228 231 302 312 320 333 334 335 , 14 18 30 % 31 , 3
22 88 102 114 129 138 143 145 154 155 157 160 168 171 176 208 218 224 230 232 246 248 250 252 270 284 289 334 342 347 349 , 1 17 25 % 31 , 3
21 48 54 61 102 129 147 155 156 158 168 172 178 190 200 202 230 242 246 248 252 259 270 302 303 320 329 341 347 348 349 , 11 5 7 % 31 , 3
11 13 14 25 29 30 51 56 67 69 71 80 81 101 105 121 129 142 149 162 173 175 200 209 214 216 222 228 312 320 335 , 16 22 24 % 31 , 3
11 14 25 29 30 31 35 67 80 81 101 105 129 147 173 175 189 196 200 213 214 216 222 228 231 312 317 320 334 335 341 , 20 22 28 % 31 , 3
11 13 14 25 30 31 34 43 80 81 101 105 121 129 132 141 142 173 175 200 205 209 214 216 222 228 270 312 320 322 335 , 16 28 30 % 31 , 3
11 13 14 19 25 30 31 35 69 80 81 101 105 129 142 147 173 175 189 209 213 214 216 222 228 231 302 312 320 334 335 , 18 22 30 % 31 , 3
11 13 14 25 30 35 66 69 80 81 101 105 129 142 147 149 173 175 189 197 199 200 214 216 222 228 302 312 320 333 334 335 , 14 24 30 % 32 , 3
11 13 14 25 30 34 56 67 69 71 75 80 81 101 103 105 129 141 142 162 164 173 175 209 214 216 220 222 228 312 320 335 , 16 18 24 % 32 , 3
11 13 14 25 29 30 34 67 75 80 81 101 105 121 129 141 142 162 164 173 175 200 209 214 216 220 222 228 270 312 320 335 , 16 24 28 % 32 , 3
11 14 25 29 30 35 56 66 67 69 80 81 101 105 129 147 149 173 175 189 196 197 200 214 216 222 228 302 312 320 334 335 , 20 22 24 % 32 , 3
11 13 14 25 30 31 34 43 67 75 80 81 101 105 129 141 142 162 164 173 175 203 205 209 214 216 220 222 228 312 320 335 , 16 18 28 % 32 , 3
11 13 14 25 30 34 35 37 69 80 81 101 105 129 141 142 147 173 175 189 204 209 214 216 222 228 302 312 320 333 334 335 , 18 24 30 % 32 , 3
11 14 25 30 31 34 35 43 69 80 81 101 105 129 141 147 173 175 189 204 213 214 216 222 228 231 302 312 320 333 334 335 , 18 20 30 % 32 , 3
11 13 14 25 30 31 69 80 81 101 105 121 127 129 130 132 134 142 149 173 175 200 209 214 216 222 228 244 312 320 322 335 , 16 22 30 % 32 , 3
