7 11 13 14 25 30 34 69 80 81 98 101 105 121 129 141 142 149 173 175 199 200 209 214 216 222 228 270 312 320 329 335 , 16 24 30 % 32 , 3
11 14 25 30 31 34 35 43 80 81 101 105 129 141 147 173 175 189 200 213 214 216 222 228 231 270 312 320 333 334 335 341 , 20 28 30 % 32 , 3
11 13 14 25 30 35 66 69 79 80 81 101 105 121 129 142 147 149 173 175 189 197 200 209 214 216 222 228 302 312 320 334 335 , 22 24 30 % 33 , 3
15 22 102 114 121 129 138 143 145 149 154 160 168 170 178 184 188 205 212 224 230 237 246 248 270 273 284 289 306 321 334 342 349 , 1 17 23 % 33 , 3
11 13 14 25 30 34 35 79 80 81 101 105 121 129 141 142 147 173 175 188 189 200 209 214 216 222 228 270 312 320 333 334 335 , 24 28 30 % 33 , 3
11 13 14 25 30 35 56 57 67 69 71 80 81 101 105 129 142 147 162 173 175 189 196 209 214 216 222 228 302 312 320 334 335 , 18 22 24 % 33 , 3
11 14 25 27 29 30 34 56 67 69 75 80 81 98 101 103 105 129 141 149 164 173 175 199 200 214 216 222 228 270 312 320 335 , 16 20 24 % 33 , 3
11 14 25 29 30 34 35 67 75 80 81 101 105 129 141 147 164 173 175 189 196 200 202 214 216 222 228 270 312 320 333 334 335 , 20 24 28 % 33 , 3
11 13 14 25 30 31 35 43 80 81 101 105 129 132 142 147 173 175 189 200 213 214 216 222 228 231 312 320 322 333 334 335 341 , 14 28 30 % 33 , 3
11 13 14 19 25 30 31 35 57 67 80 81 101 105 129 142 147 162 173 175 189 196 209 213 214 216 222 228 231 312 320 334 335 , 18 22 28 % 33 , 3
11 14 25 30 31 34 43 65 69 80 81 98 101 105 109 127 129 130 141 149 173 175 199 200 214 216 222 228 244 270 312 320 335 , 16 20 30 % 33 , 3
11 13 14 25 29 30 35 57 67 79 80 81 101 105 121 129 142 147 162 173 175 189 196 200 209 214 216 222 228 312 320 334 335 , 22 24 28 % 33 , 3
11 13 14 25 30 35 56 57 67 69 75 80 81 101 103 105 129 142 147 173 175 189 196 214 216 222 228 302 312 320 333 334 335 , 14 18 24 % 33 , 3
11 14 25 30 31 35 43 67 75 80 81 101 105 129 147 173 175 184 189 196 200 213 214 216 222 228 231 312 320 333 334 335 341 , 14 20 28 % 33 , 3
11 13 14 25 28 30 31 56 67 69 70 80 81 101 105 127 129 130 132 134 142 149 173 175 200 214 216 222 228 244 312 320 322 335 , 14 16 22 % 34 , 3
11 14 25 30 34 35 56 67 69 75 80 81 101 103 105 129 141 147 164 173 175 189 196 204 214 216 222 228 302 312 320 333 334 335 , 18 20 24 % 34 , 3
11 13 14 25 30 31 43 65 69 80 81 101 105 109 127 129 130 132 134 142 149 173 175 199 200 214 216 222 228 244 312 320 322 335 , 14 16 30 % 34 , 3
11 13 14 25 30 31 35 43 57 67 75 80 81 101 105 129 142 147 173 175 184 189 196 213 214 216 222 228 231 312 320 333 334 335 , 14 18 28 % 34 , 3
11 13 14 19 25 30 31 34 35 43 80 81 101 105 129 141 142 147 173 175 189 205 209 213 214 216 222 228 231 312 320 333 334 335 , 18 28 30 % 34 , 3
11 14 25 30 31 34 35 43 67 75 80 81 101 105 129 141 147 164 173 175 184 189 196 213 214 216 222 228 231 304 312 320 333 334 335 , 18 20 28 % 35 , 3
11 13 14 25 28 30 31 35 56 57 67 69 70 80 81 101 105 129 142 147 173 175 189 196 213 214 216 222 228 231 302 312 320 334 335 , 14 18 22 % 35 , 3
11 14 25 30 34 35 66 69 80 81 98 101 105 129 141 147 149 173 175 189 197 199 200 204 214 216 222 228 270 302 312 320 333 334 335 , 20 24 30 % 35 , 3
11 13 14 25 30 31 35 57 64 67 80 81 101 105 129 132 142 147 173 175 189 196 200 213 214 216 222 228 231 312 320 322 334 335 341 , 14 22 28 % 35 , 3
11 14 25 30 35 56 66 67 69 75 80 81 101 103 105 129 147 149 173 175 189 196 197 199 200 214 216 222 228 302 312 320 333 334 335 , 14 20 24 % 35 , 3
5 22 27 45 73 102 106 108 110 112 114 137 138 143 145 146 152 154 156 168 205 212 230 237 238 242 246 248 256 259 284 321 332 334 344 , 1 23 31 % 35 , 3
11 13 14 19 25 30 31 35 79 80 81 101 105 121 129 132 142 147 173 175 189 200 209 213 214 216 222 228 231 312 320 322 334 335 341 , 22 28 30 % 35 , 3
11 14 25 28 30 31 43 56 65 67 69 70 75 80 81 101 103 105 109 127 129 130 149 173 175 199 200 214 216 222 228 244 312 320 335 , 14 16 20 % 35 , 3
11 13 14 25 30 35 56 57 66 67 69 80 81 101 105 129 142 147 149 173 175 189 190 196 197 200 214 216 222 228 302 312 320 334 335 , 14 22 24 % 35 , 3
9 66 84 89 94 114 115 121 138 143 145 147 152 154 155 156 158 161 168 197 199 238 256 259 275 276 284 317 321 329 332 334 344 346 348 349 , 1 21 27 % 36 , 3
11 13 14 25 30 34 35 57 67 75 80 81 101 105 129 141 142 147 162 164 173 175 189 196 206 209 214 216 220 222 228 312 320 333 334 335 , 18 24 28 % 36 , 3
22 102 114 131 138 143 145 154 155 168 177 190 205 208 212 230 231 237 246 248 250 252 257 271 284 287 294 321 323 329 331 333 334 341 347 348 , 1 17 31 % 36 , 3
102 114 121 127 129 137 138 141 143 145 149 154 156 160 168 178 205 212 213 224 230 237 246 247 248 256 259 276 284 289 312 320 321 332 334 342 344 , 1 19 23 % 37 , 3
15 88 102 114 121 138 143 145 149 154 155 168 170 178 190 203 224 230 231 233 246 248 252 257 284 287 319 321 329 331 333 334 335 341 347 348 349 , 1 17 21 % 37 , 3
11 14 25 28 30 31 35 43 56 67 69 70 75 80 81 101 103 105 129 147 173 175 184 189 196 213 214 216 222 228 231 302 312 320 333 334 335 , 14 18 20 % 37 , 3
9 22 86 114 115 127 129 138 141 143 145 146 147 152 154 156 160 168 197 198 211 239 247 256 273 275 276 284 288 289 305 313 321 329 334 344 348 350 , 1 27 29 % 38 , 3
5 9 21 22 102 106 110 114 129 138 141 143 145 152 154 156 160 161 168 195 224 230 245 246 247 248 259 270 276 284 289 303 320 332 334 342 344 349 , 1 23 25 % 38 , 3
9 22 50 89 94 114 115 129 138 141 143 145 152 154 155 156 160 161 168 171 195 197 211 247 259 270 274 276 284 289 303 313 320 332 334 342 344 346 349 , 1 25 27 % 39 , 3
5 9 88 89 94 102 106 114 115 128 132 134 138 143 145 152 154 155 156 161 168 172 197 224 226 230 246 248 252 258 259 276 284 290 332 334 344 346 347 349 , 1 21 25 % 40 , 3
15 22 65 102 114 129 131 138 143 145 149 154 160 166 168 190 208 210 212 218 224 230 231 232 235 240 246 248 250 252 273 284 289 305 321 323 329 331 334 348 , 1 17 29 % 40 , 3
102 114 124 137 138 143 145 147 154 155 156 168 205 211 212 230 231 237 246 248 256 257 259 277 284 287 317 318 321 322 323 329 331 332 333 334 341 344 347 348 , 1 19 31 % 40 , 3
