8 12 16 20 36 44 46 54 58 127 140 148 149 195 199 303 304 319 321 329 330 341 346 347 348 , 18 8 % 25 , 2
12 16 36 46 48 54 58 107 126 141 199 205 243 245 270 303 304 319 321 329 331 332 347 348 349 , 14 22 % 25 , 2
22 32 74 76 84 92 108 118 139 144 167 207 215 251 256 258 269 273 276 285 290 291 295 311 325 , 0 28 % 25 , 2
6 32 34 39 40 62 72 90 99 117 125 151 155 161 193 207 259 272 287 294 318 342 344 346 350 , 12 14 % 25 , 2
8 10 12 16 36 38 46 48 58 74 107 126 241 243 270 288 289 303 304 319 321 330 331 347 348 349 , 14 16 % 26 , 2
28 42 60 62 70 72 74 76 82 89 94 118 125 136 138 189 205 206 217 223 229 244 260 284 288 294 , 1 5 % 26 , 2
12 16 34 36 46 48 54 58 65 78 103 107 121 126 141 205 270 302 303 304 313 321 332 333 347 348 , 10 22 % 26 , 2
18 40 62 72 88 93 121 122 125 159 193 217 223 237 247 269 271 273 275 276 290 295 306 328 343 345 , 0 20 % 26 , 2
0 40 59 65 82 85 88 106 118 121 144 167 193 217 223 242 247 267 271 274 276 286 295 305 323 343 , 0 18 % 26 , 2
12 16 26 38 46 48 54 60 107 141 179 195 203 241 243 289 319 321 322 329 330 331 332 347 348 349 , 14 20 % 26 , 2
13 16 26 38 39 58 85 92 99 117 131 137 140 205 236 256 266 271 273 274 282 285 286 296 304 323 , 0 21 % 26 , 2
8 24 28 36 46 48 58 64 70 107 127 129 140 149 195 203 205 231 303 304 321 330 341 346 347 348 , 24 8 % 26 , 2
18 33 49 50 62 72 88 92 125 179 181 185 201 215 229 237 247 255 256 257 269 273 290 295 306 328 339 , 0 22 % 27 , 2
9 14 16 18 38 39 43 86 118 128 147 151 152 154 173 229 249 256 272 276 283 290 311 314 315 318 324 , 0 17 % 27 , 2
2 10 18 26 39 62 65 87 88 92 123 137 153 159 163 174 179 227 233 247 260 267 273 277 315 336 339 , 1 28 % 27 , 2
18 84 86 99 104 106 117 144 151 193 207 225 237 242 256 261 264 269 272 273 274 277 279 294 318 343 345 , 0 10 % 27 , 2
12 16 36 46 48 54 58 65 78 126 141 161 199 205 243 270 302 303 304 313 319 321 329 333 347 348 349 , 12 22 % 27 , 2
3 4 6 18 42 82 87 88 104 110 137 144 198 217 223 229 235 247 268 272 273 274 290 291 295 305 306 323 , 0 16 % 28 , 2
5 7 23 27 45 83 102 104 106 108 110 112 114 138 143 145 146 152 156 160 168 191 212 224 230 238 242 248 , 14 22 % 28 , 2
8 22 24 32 44 60 74 76 87 137 153 227 233 247 251 257 258 271 273 274 291 295 310 315 317 324 336 345 , 0 30 % 28 , 2
5 49 51 59 61 73 102 106 108 112 114 124 128 138 143 145 154 168 178 190 230 238 240 242 246 248 252 284 , 20 30 % 28 , 2
8 24 28 36 46 48 58 64 65 70 107 127 129 140 149 195 203 205 229 231 303 304 313 321 322 341 347 348 , 10 24 % 28 , 2
2 8 22 32 74 76 84 87 109 139 144 159 233 237 247 256 257 258 271 273 275 276 285 291 294 295 316 318 , 1 26 % 28 , 2
8 12 16 36 44 46 50 54 58 126 195 199 241 243 270 288 303 304 317 319 321 322 329 330 331 332 347 348 , 14 18 % 28 , 2
0 8 18 26 39 62 64 76 85 88 90 144 180 211 229 255 260 267 268 269 283 294 300 301 306 309 323 327 , 1 30 % 28 , 2
66 84 99 131 149 151 154 155 207 231 233 239 243 258 259 260 275 287 312 318 319 321 322 331 332 333 334 344 350 , 13 7 % 29 , 2
8 28 36 46 48 50 58 65 70 119 127 129 149 195 203 205 231 241 288 303 304 313 321 322 330 341 347 348 349 , 12 24 % 29 , 2
3 14 18 22 34 38 39 47 58 95 99 117 130 145 149 160 197 234 239 258 275 276 284 285 286 289 326 335 337 , 1 15 % 29 , 2
8 10 12 16 20 36 38 46 48 58 64 66 74 107 140 147 197 231 302 303 304 319 321 330 333 334 341 347 348 , 16 8 % 29 , 2
4 5 7 9 15 45 61 73 83 102 104 106 108 112 114 138 143 145 146 156 160 168 170 224 230 238 242 246 248 278 , 20 22 % 30 , 2
39 47 65 86 87 92 96 98 99 116 118 121 128 144 146 151 207 211 225 233 256 258 261 263 265 269 272 275 294 323 , 0 8 % 30 , 2
62 89 93 94 95 96 97 111 133 145 146 213 219 221 223 225 236 258 263 264 265 266 279 281 286 287 290 291 312 350 , 0 3 % 30 , 2
18 84 92 103 139 151 165 195 211 227 251 253 256 266 273 274 276 283 295 299 301 314 315 316 323 325 326 336 337 343 , 1 4 % 30 , 2
4 5 83 102 106 110 114 128 130 134 138 143 145 160 168 191 198 208 218 224 226 230 232 244 246 248 249 250 252 284 , 24 28 % 30 , 2
8 10 12 16 22 24 36 38 44 46 48 50 53 54 58 60 74 76 141 179 199 241 270 288 303 304 329 347 348 349 , 14 6 % 30 , 2
16 38 39 85 87 95 99 117 149 151 207 233 244 254 258 260 263 265 268 273 279 286 289 318 319 326 330 335 340 341 , 0 31 % 30 , 2
4 5 83 102 106 110 114 128 132 134 138 143 145 146 154 160 168 172 191 198 208 218 224 226 230 246 248 249 252 284 , 24 32 % 30 , 2
9 19 21 23 45 61 102 106 108 110 124 146 152 154 156 160 168 172 174 178 190 192 200 202 208 230 242 246 248 252 , 4 6 % 30 , 2
5 7 45 83 100 102 104 106 108 112 114 138 143 145 146 156 160 168 172 178 182 186 224 226 230 238 240 242 248 284 , 14 20 % 30 , 2
