11 13 14 25 30 35 56 57 67 69 80 81 101 105 129 142 147 173 175 189 196 214 216 222 228 302 312 320 334 335 , 14 18 22 24 % 30 , 4
102 114 129 138 143 145 149 154 160 166 168 210 212 218 224 230 231 232 240 246 248 284 289 305 321 323 329 331 334 348 , 1 17 19 29 % 30 , 4
11 14 25 30 35 66 69 80 81 101 105 129 147 149 173 175 189 197 199 200 214 216 222 228 302 312 320 333 334 335 , 14 20 24 30 % 30 , 4
11 14 25 30 35 56 67 69 75 80 81 101 103 105 129 147 173 175 189 196 214 216 222 228 302 312 320 333 334 335 , 14 18 20 24 % 30 , 4
11 13 14 25 30 35 66 69 80 81 101 105 129 142 147 149 173 175 189 197 200 214 216 222 228 302 312 320 334 335 , 14 22 24 30 % 30 , 4
11 13 14 25 30 31 69 80 81 101 105 127 129 130 132 134 142 149 173 175 200 214 216 222 228 244 312 320 322 335 , 14 16 22 30 % 30 , 4
11 13 14 25 30 31 35 57 67 80 81 101 105 129 142 147 173 175 189 196 213 214 216 222 228 231 312 320 334 335 , 14 18 22 28 % 30 , 4
5 73 102 106 112 114 138 143 145 147 152 154 156 168 190 230 231 246 248 252 256 284 318 321 322 329 331 334 344 348 , 1 21 29 31 % 30 , 4
102 114 115 128 129 130 134 138 141 143 145 154 156 160 168 211 218 224 226 230 232 244 246 247 248 276 284 289 334 344 , 1 19 25 29 % 30 , 4
11 13 14 25 30 31 35 80 81 101 105 129 132 142 147 173 175 189 200 213 214 216 222 228 231 312 320 322 334 335 341 , 14 22 28 30 % 31 , 4
11 14 25 30 35 56 66 67 69 80 81 101 105 129 147 149 173 175 189 196 197 200 214 216 222 228 302 312 320 334 335 , 14 20 22 24 % 31 , 4
88 102 114 121 138 143 145 149 154 155 168 178 203 224 230 231 246 248 257 284 287 319 321 329 331 333 334 335 341 347 348 , 1 17 19 21 % 31 , 4
11 14 25 30 31 35 43 67 75 80 81 101 105 129 147 173 175 184 189 196 213 214 216 222 228 231 312 320 333 334 335 , 14 18 20 28 % 31 , 4
11 14 25 28 30 31 35 56 67 69 70 80 81 101 105 129 147 173 175 189 196 213 214 216 222 228 231 302 312 320 334 335 , 14 18 20 22 % 32 , 4
102 114 115 122 128 134 138 143 145 147 149 154 156 168 224 226 230 231 246 248 256 276 284 318 321 322 329 330 331 334 344 348 , 1 19 21 29 % 32 , 4
102 114 124 138 143 145 147 154 155 156 168 230 231 246 248 256 257 259 277 284 287 317 318 321 322 329 331 332 333 334 341 344 347 348 , 1 19 21 31 % 34 , 4
11 14 25 30 31 35 66 69 80 81 101 105 119 127 129 130 147 148 149 173 175 189 197 200 213 214 216 222 228 231 244 302 312 320 334 335 341 , 14 20 22 30 % 37 , 4
11 13 14 25 30 31 43 66 67 69 75 77 80 81 101 127 129 141 147 149 170 173 175 189 196 197 214 216 222 228 231 302 304 312 320 333 334 335 341 , 10 12 26 8 % 39 , 4
11 14 25 30 31 43 66 67 69 75 77 80 81 101 127 129 141 147 148 149 173 175 189 196 197 199 213 214 216 218 222 228 231 302 304 312 320 333 334 335 341 , 12 26 6 8 % 41 , 4
11 14 25 30 31 35 43 65 66 67 69 75 77 80 81 101 105 127 129 141 147 149 173 175 186 189 196 197 214 216 222 228 231 302 304 312 320 333 334 335 341 , 10 12 26 6 % 41 , 4
8 10 11 12 14 16 20 25 28 30 31 36 38 43 44 46 48 54 56 58 60 66 67 69 70 74 75 76 77 78 80 81 101 127 129 141 147 149 173 175 189 196 197 201 214 216 222 228 231 302 303 304 312 320 333 334 335 341 347 348 , 10 12 6 8 % 60 , 4
11 14 25 30 35 67 80 81 101 105 129 147 173 175 189 196 200 214 216 222 228 312 320 334 335 , 14 20 22 24 28 % 25 , 5
11 13 14 25 30 35 80 81 101 105 129 142 147 173 175 189 214 216 222 228 312 320 333 334 335 , 14 18 24 28 30 % 25 , 5
11 13 14 25 30 35 80 81 101 105 129 142 147 173 175 189 200 214 216 222 228 312 320 334 335 , 14 22 24 28 30 % 25 , 5
11 13 14 25 30 35 80 81 101 105 129 142 147 173 175 189 209 214 216 222 228 312 320 334 335 , 18 22 24 28 30 % 25 , 5
11 14 25 30 35 69 80 81 101 105 129 147 173 175 189 214 216 222 228 302 312 320 333 334 335 , 14 18 20 24 30 % 25 , 5
11 14 25 30 31 69 80 81 101 105 127 129 130 149 173 175 200 214 216 222 228 244 312 320 335 , 14 16 20 22 30 % 25 , 5
11 14 25 30 34 35 80 81 101 105 129 141 147 173 175 189 214 216 222 228 312 320 333 334 335 , 18 20 24 28 30 % 25 , 5
11 14 25 30 35 67 75 80 81 101 105 129 147 173 175 189 196 214 216 222 228 312 320 333 334 335 , 14 18 20 24 28 % 26 , 5
11 13 14 25 30 35 69 80 81 101 105 129 142 147 173 175 189 214 216 222 228 302 312 320 334 335 , 14 18 22 24 30 % 26 , 5
11 13 14 25 30 35 57 67 80 81 101 105 129 142 147 173 175 189 196 214 216 222 228 312 320 334 335 , 14 18 22 24 28 % 27 , 5
11 14 25 30 31 35 67 80 81 101 105 129 147 173 175 189 196 213 214 216 222 228 231 312 320 334 335 , 14 18 20 22 28 % 27 , 5
11 14 25 30 31 35 80 81 101 105 129 147 173 175 189 200 213 214 216 222 228 231 312 320 334 335 341 , 14 20 22 28 30 % 27 , 5
11 14 25 30 31 35 69 80 81 101 105 129 147 173 175 189 213 214 216 222 228 231 302 312 320 334 335 , 14 18 20 22 30 % 27 , 5
11 14 25 30 31 35 43 80 81 101 105 129 147 173 175 189 213 214 216 222 228 231 312 320 333 334 335 , 14 18 20 28 30 % 27 , 5
11 14 25 30 35 56 67 69 80 81 101 105 129 147 173 175 189 196 214 216 222 228 302 312 320 334 335 , 14 18 20 22 24 % 27 , 5
11 13 14 25 30 31 35 80 81 101 105 129 142 147 173 175 189 213 214 216 222 228 231 312 320 334 335 , 14 18 22 28 30 % 27 , 5
11 14 25 30 35 66 69 80 81 101 105 129 147 149 173 175 189 197 200 214 216 222 228 302 312 320 334 335 , 14 20 22 24 30 % 28 , 5
11 14 25 30 31 43 66 67 69 75 77 80 81 101 127 129 141 147 149 173 175 189 196 197 214 216 222 228 231 302 304 312 320 333 334 335 341 , 10 12 26 6 8 % 37 , 5
11 14 25 30 31 35 80 81 101 105 129 147 173 175 189 213 214 216 222 228 231 312 320 334 335 , 14 18 20 22 28 30 % 25 , 6
