11 14 25 29 30 35 67 80 81 101 105 129 147 173 175 189 196 200 214 216 222 228 312 320 334 335 , 20 22 24 28 % 26 , 4
11 13 14 25 30 56 67 69 71 80 81 101 105 129 142 162 173 175 209 214 216 222 228 312 320 335 , 16 18 22 24 % 26 , 4
11 13 14 25 30 31 80 81 101 105 121 129 132 142 173 175 200 209 214 216 222 228 312 320 322 335 , 16 22 28 30 % 26 , 4
5 9 102 106 114 115 128 134 138 143 145 152 154 156 168 197 224 226 230 246 248 252 276 284 334 344 , 1 21 25 29 % 26 , 4
11 13 14 25 29 30 67 80 81 101 105 121 129 142 162 173 175 200 209 214 216 222 228 312 320 335 , 16 22 24 28 % 26 , 4
11 14 25 30 34 56 67 69 75 80 81 101 103 105 129 141 164 173 175 214 216 222 228 312 320 335 , 16 18 20 24 % 26 , 4
11 13 14 25 30 31 34 43 80 81 101 105 129 141 142 173 175 205 209 214 216 222 228 312 320 335 , 16 18 28 30 % 26 , 4
11 13 14 25 28 30 31 56 67 69 70 80 81 101 105 129 142 173 175 214 216 222 228 312 320 335 , 14 16 18 22 % 26 , 4
11 13 14 25 30 34 80 81 101 105 121 129 141 142 173 175 200 209 214 216 222 228 270 312 320 335 , 16 24 28 30 % 26 , 4
102 114 138 143 145 154 155 168 205 212 230 231 237 246 248 257 284 287 321 323 329 331 333 334 341 347 348 , 1 17 19 31 % 27 , 4
114 115 127 129 138 141 143 145 147 154 156 160 168 211 247 256 276 284 288 289 305 321 329 334 344 348 350 , 1 19 27 29 % 27 , 4
11 14 25 28 30 31 43 56 67 69 70 75 80 81 101 103 105 129 173 175 214 216 222 228 312 320 335 , 14 16 18 20 % 27 , 4
102 114 137 138 143 145 147 154 156 168 211 212 230 231 246 248 256 284 318 321 322 323 329 331 334 344 348 , 1 19 29 31 % 27 , 4
114 121 127 129 138 141 143 145 154 156 160 168 205 237 247 256 259 276 284 289 312 320 321 332 334 342 344 , 1 19 23 27 % 27 , 4
11 14 25 30 34 35 80 81 101 105 129 141 147 173 175 189 200 214 216 222 228 270 312 320 333 334 335 , 20 24 28 30 % 27 , 4
5 7 9 15 73 102 106 112 114 138 143 145 149 152 154 156 168 224 230 246 248 256 276 284 321 334 344 , 1 21 23 29 % 27 , 4
11 13 14 25 30 35 69 80 81 101 105 129 142 147 173 175 189 214 216 222 228 302 312 320 333 334 335 , 14 18 24 30 % 27 , 4
5 45 73 102 106 108 112 114 138 143 145 152 154 156 168 230 238 242 246 248 256 259 284 321 332 334 344 , 1 21 23 31 % 27 , 4
11 13 14 25 30 35 69 80 81 101 105 129 142 147 173 175 189 209 214 216 222 228 302 312 320 334 335 , 18 22 24 30 % 27 , 4
11 14 25 30 35 67 75 80 81 101 105 129 147 173 175 189 196 200 214 216 222 228 312 320 333 334 335 , 14 20 24 28 % 27 , 4
11 13 14 25 30 35 79 80 81 101 105 121 129 142 147 173 175 189 200 209 214 216 222 228 312 320 334 335 , 22 24 28 30 % 28 , 4
11 13 14 25 30 34 35 80 81 101 105 129 141 142 147 173 175 189 209 214 216 222 228 312 320 333 334 335 , 18 24 28 30 % 28 , 4
11 13 14 25 30 34 67 75 80 81 101 105 129 141 142 162 164 173 175 209 214 216 220 222 228 312 320 335 , 16 18 24 28 % 28 , 4
102 114 127 129 137 138 141 143 145 149 154 156 160 168 212 213 224 230 246 247 248 256 276 284 289 321 334 344 , 1 19 23 29 % 28 , 4
11 13 14 25 30 35 57 67 80 81 101 105 129 142 147 173 175 189 196 200 214 216 222 228 312 320 334 335 , 14 22 24 28 % 28 , 4
11 14 25 30 34 35 69 80 81 101 105 129 141 147 173 175 189 204 214 216 222 228 302 312 320 333 334 335 , 18 20 24 30 % 28 , 4
88 102 114 115 128 132 134 138 143 145 154 155 156 168 172 224 226 230 246 248 259 276 284 332 334 344 346 347 , 1 19 21 25 % 28 , 4
9 22 114 129 138 141 143 145 152 154 156 160 161 168 195 247 259 270 276 284 289 303 320 332 334 342 344 349 , 1 23 25 27 % 28 , 4
11 14 25 30 31 35 43 80 81 101 105 129 147 173 175 189 200 213 214 216 222 228 231 312 320 333 334 335 341 , 14 20 28 30 % 29 , 4
11 13 14 25 30 35 57 67 80 81 101 105 129 142 147 162 173 175 189 196 209 214 216 222 228 312 320 334 335 , 18 22 24 28 % 29 , 4
11 13 14 25 30 31 35 69 80 81 101 105 129 142 147 173 175 189 213 214 216 222 228 231 302 312 320 334 335 , 14 18 22 30 % 29 , 4
11 14 25 28 30 31 56 67 69 70 80 81 101 105 127 129 130 149 173 175 200 214 216 222 228 244 312 320 335 , 14 16 20 22 % 29 , 4
11 14 25 30 34 35 67 75 80 81 101 105 129 141 147 164 173 175 189 196 214 216 222 228 312 320 333 334 335 , 18 20 24 28 % 29 , 4
11 13 14 25 30 35 57 67 75 80 81 101 105 129 142 147 173 175 189 196 214 216 222 228 312 320 333 334 335 , 14 18 24 28 % 29 , 4
11 14 25 30 31 34 35 43 80 81 101 105 129 141 147 173 175 189 213 214 216 222 228 231 312 320 333 334 335 , 18 20 28 30 % 29 , 4
11 13 14 25 30 31 35 43 80 81 101 105 129 142 147 173 175 189 213 214 216 222 228 231 312 320 333 334 335 , 14 18 28 30 % 29 , 4
11 14 25 30 31 35 43 69 80 81 101 105 129 147 173 175 189 213 214 216 222 228 231 302 312 320 333 334 335 , 14 18 20 30 % 29 , 4
11 13 14 19 25 30 31 35 80 81 101 105 129 142 147 173 175 189 209 213 214 216 222 228 231 312 320 334 335 , 18 22 28 30 % 29 , 4
11 14 25 30 31 35 67 80 81 101 105 129 147 173 175 189 196 200 213 214 216 222 228 231 312 320 334 335 341 , 14 20 22 28 % 29 , 4
11 14 25 30 31 43 65 69 80 81 101 105 109 127 129 130 149 173 175 199 200 214 216 222 228 244 312 320 335 , 14 16 20 30 % 29 , 4
