7 11 13 14 25 30 34 35 37 66 69 79 80 81 98 101 105 121 129 141 142 147 149 173 175 188 189 197 199 200 204 209 214 216 222 228 234 270 302 312 320 329 333 334 335 , 24 30 % 45 , 2
3 11 13 14 25 29 30 34 35 57 67 75 79 80 81 101 105 121 129 141 142 147 162 164 173 175 180 188 189 196 200 202 206 209 214 216 220 222 228 270 312 320 328 333 334 335 , 24 28 % 46 , 2
7 15 23 37 45 49 59 66 73 98 100 102 106 108 110 112 116 129 138 152 154 158 168 190 199 208 212 213 230 231 239 240 242 248 256 270 275 277 303 312 317 329 330 346 348 350 , 13 33 % 46 , 2
2 7 16 61 73 84 102 106 119 124 141 146 147 155 160 168 169 172 178 190 192 200 208 230 231 237 239 240 246 248 256 287 302 303 320 322 329 330 331 332 334 341 344 347 348 349 , 5 9 % 46 , 2
11 13 14 25 30 31 35 43 65 66 69 80 81 101 105 109 119 127 129 130 132 134 142 147 148 149 173 175 189 197 199 200 213 214 216 222 228 231 244 302 312 320 322 333 334 335 341 , 14 30 % 47 , 2
11 14 25 28 29 30 31 35 56 66 67 69 70 80 81 87 101 105 119 127 129 130 147 148 149 173 175 189 196 197 200 213 214 216 222 228 231 235 244 250 302 312 317 320 334 335 341 , 20 22 % 47 , 2
3 61 73 90 91 102 116 121 140 141 146 147 148 149 151 155 160 168 172 178 190 200 203 208 226 230 231 232 246 248 273 277 291 293 302 303 320 321 322 329 333 334 335 341 347 348 349 , 11 9 % 47 , 2
11 13 14 19 25 30 31 35 66 69 79 80 81 101 105 119 121 127 129 130 132 134 142 147 148 149 173 175 189 197 200 209 210 213 214 216 222 228 231 244 289 302 312 320 322 334 335 341 , 22 30 % 48 , 2
21 27 48 54 61 73 102 127 129 137 141 146 147 155 156 158 160 168 172 178 190 200 202 208 212 230 231 242 245 246 248 250 252 259 270 295 302 303 304 312 320 322 329 334 341 347 348 349 , 11 5 % 48 , 2
11 13 14 19 25 30 31 34 35 43 47 57 67 75 80 81 101 105 107 129 141 142 147 162 164 171 173 175 177 184 189 194 196 203 205 206 209 213 214 216 220 222 228 231 304 312 320 333 334 335 , 18 28 % 50 , 2
11 14 25 30 31 34 35 41 43 65 66 69 80 81 98 101 105 109 119 127 129 130 141 147 148 149 173 175 189 197 199 200 204 213 214 216 222 228 231 244 270 302 303 312 320 333 334 335 341 347 , 20 30 % 50 , 2
10 14 16 22 28 38 40 42 54 58 60 65 70 72 74 76 82 86 89 99 108 123 125 127 148 151 175 189 193 203 211 217 239 245 259 261 262 268 269 270 275 277 284 287 288 295 330 331 332 338 340 346 , 1 3 % 52 , 2
11 13 14 20 25 28 30 31 35 56 57 64 66 67 69 70 80 81 101 105 119 127 129 130 132 134 142 147 148 149 173 175 189 190 196 197 200 213 214 216 222 228 231 235 244 302 312 320 322 334 335 341 , 14 22 % 52 , 2
11 13 14 19 25 30 31 34 43 66 67 69 71 75 77 80 81 101 127 129 141 147 148 149 162 164 170 173 175 189 194 196 197 199 209 213 214 216 218 220 222 224 228 231 302 304 312 320 333 334 335 341 , 26 8 % 52 , 2
11 14 17 25 28 30 31 35 43 56 65 66 67 69 70 75 80 81 101 103 105 109 119 127 129 130 147 148 149 173 175 184 189 196 197 199 200 213 214 216 222 228 231 235 244 302 312 313 320 333 334 335 341 , 14 20 % 53 , 2
7 23 37 45 64 66 94 98 100 102 104 106 108 110 112 123 129 138 143 160 164 168 171 172 182 186 199 202 208 210 211 212 213 218 224 226 230 231 237 240 242 248 270 273 274 277 293 294 313 320 329 330 348 350 , 15 33 % 54 , 2
2 7 23 27 37 45 66 84 98 100 102 106 108 110 112 129 131 138 151 155 168 195 199 207 208 212 213 230 231 233 240 242 248 258 259 260 270 277 287 318 319 321 322 329 330 331 332 333 334 341 344 347 348 350 , 13 15 % 54 , 2
7 11 14 17 25 29 30 31 35 41 43 53 63 65 66 67 69 75 77 79 80 81 101 105 112 119 127 129 141 147 148 149 173 175 186 189 196 197 199 213 214 216 218 222 226 228 231 250 302 304 312 320 333 334 335 341 , 26 6 % 56 , 2
9 19 21 23 36 45 48 54 56 61 101 102 106 108 110 119 124 129 144 147 152 155 156 158 161 168 172 174 178 190 192 200 202 230 237 241 242 246 248 252 256 259 269 270 274 302 303 320 329 330 341 342 343 347 348 349 , 5 7 % 56 , 2
11 13 14 19 23 25 29 30 31 34 35 43 51 57 65 66 67 69 75 77 80 81 101 105 110 126 127 128 129 130 132 134 141 142 147 149 162 170 173 175 182 186 188 189 196 197 209 210 214 216 220 222 228 231 244 302 304 312 320 322 333 334 335 341 , 10 26 % 64 , 2
11 13 14 17 25 30 31 35 41 43 51 53 65 66 67 69 75 77 79 80 81 101 105 119 126 127 129 130 132 134 141 147 148 149 164 166 170 173 175 182 186 189 196 197 199 200 210 213 214 216 218 222 224 228 231 244 250 252 302 304 312 320 322 333 334 335 341 , 12 26 % 67 , 2
8 10 11 12 14 16 20 24 25 28 29 30 31 33 35 36 38 43 44 46 48 54 56 58 60 62 65 66 67 69 70 72 74 75 76 77 78 80 81 101 103 105 127 129 141 147 149 173 175 179 186 189 196 197 201 214 216 222 228 231 270 302 303 304 312 313 320 333 334 335 341 347 348 , 10 6 % 73 , 2
8 10 11 12 14 16 20 24 25 28 30 31 33 36 38 40 43 44 46 48 54 56 58 60 62 66 67 69 70 72 74 75 76 77 78 80 81 101 103 127 129 141 147 148 149 173 175 179 184 189 193 196 197 199 201 213 214 216 218 222 228 231 302 303 304 312 320 329 333 334 335 341 347 348 , 6 8 % 74 , 2
9 22 35 50 63 64 66 84 86 89 92 94 97 114 115 120 121 127 129 138 141 143 145 146 147 152 154 155 156 158 160 161 168 171 173 195 197 198 199 200 205 206 211 237 238 239 247 256 259 270 273 274 275 276 280 284 288 289 303 305 312 313 317 320 321 327 329 332 334 342 344 346 348 349 350 , 1 27 % 75 , 2
5 22 27 45 49 51 57 59 61 67 71 73 75 83 86 102 106 108 110 112 114 124 131 133 136 137 138 143 145 146 147 152 154 155 156 168 177 190 198 205 208 211 212 230 231 237 238 242 246 248 250 252 256 257 259 271 277 284 287 294 317 318 321 322 323 327 329 331 332 333 334 341 344 347 348 , 1 31 % 75 , 2
8 10 11 12 13 14 16 20 25 26 28 30 31 36 38 43 44 46 48 54 56 58 60 66 67 69 70 74 75 76 77 78 80 81 101 127 129 141 147 148 149 164 170 171 173 175 189 195 196 197 199 201 203 205 213 214 216 218 222 224 228 231 302 303 304 312 319 320 321 329 330 333 334 335 341 347 348 , 12 8 % 77 , 2
5 9 21 22 31 50 88 89 91 94 102 106 110 114 115 128 129 130 132 134 138 140 141 143 145 152 154 155 156 157 159 160 161 167 168 171 172 176 195 197 208 211 218 220 224 226 230 232 244 245 246 247 248 250 252 254 258 259 260 266 270 274 276 284 285 289 290 302 303 313 320 332 334 342 343 344 346 347 349 , 1 25 % 79 , 2
3 5 7 9 15 21 22 23 27 45 73 92 102 104 106 107 108 110 112 114 121 127 129 137 138 141 143 145 146 149 151 152 154 156 158 160 161 168 170 178 184 188 195 204 205 212 213 224 230 237 238 242 245 246 247 248 256 259 270 273 276 282 284 289 292 296 303 304 306 308 312 320 321 332 334 342 344 345 349 , 1 23 % 79 , 2
15 22 65 79 80 88 102 114 119 120 121 129 131 138 143 145 148 149 153 154 155 157 160 166 168 170 171 176 177 178 184 187 188 190 192 196 203 205 208 210 212 218 224 230 231 232 233 235 237 240 246 248 250 252 257 269 270 271 273 284 286 287 289 294 305 306 315 319 321 323 329 331 333 334 335 336 341 342 347 348 349 , 1 17 % 81 , 2
8 10 11 12 14 16 17 20 25 28 30 31 35 36 38 39 41 43 44 46 48 50 53 54 56 58 60 65 66 67 69 70 74 75 76 77 78 79 80 81 101 105 119 127 129 141 147 148 149 173 175 186 189 196 197 199 201 213 214 216 218 222 228 231 235 241 250 270 288 302 303 304 312 313 320 329 333 334 335 341 347 348 349 , 12 6 % 83 , 2
8 10 11 12 13 14 16 19 20 24 25 26 28 30 31 33 34 36 38 43 44 45 46 48 54 56 58 60 62 64 66 67 69 70 72 74 75 76 77 78 80 81 101 103 107 109 127 129 140 141 147 149 162 170 173 175 179 189 195 196 197 201 203 205 209 214 216 220 222 228 231 302 303 304 312 320 321 333 334 335 341 347 348 , 10 8 % 83 , 2
8 10 11 12 13 14 16 20 25 26 28 30 31 35 36 38 43 44 46 48 51 54 56 58 60 65 66 67 69 70 74 75 76 77 78 80 81 101 105 126 127 129 130 132 134 141 147 149 169 170 173 175 182 186 189 195 196 197 201 203 205 210 214 216 222 228 231 244 270 289 302 303 304 312 313 317 320 321 322 333 334 335 341 347 348 , 10 12 % 85 , 2
5 7 9 15 22 65 69 73 85 86 102 106 112 114 115 116 117 122 127 128 129 130 131 134 136 137 138 141 143 145 146 147 149 152 154 156 160 166 168 175 190 197 198 204 208 210 211 212 213 218 224 226 230 231 232 235 239 240 244 246 247 248 250 252 256 260 273 275 276 281 284 288 289 291 293 295 305 313 318 321 322 323 329 330 331 334 338 344 348 350 , 1 29 % 90 , 2
5 7 9 15 45 49 51 59 61 66 73 84 88 89 93 94 100 102 104 106 107 108 112 114 115 116 121 122 123 124 128 132 134 138 139 143 145 147 149 152 154 155 156 158 161 168 169 170 172 178 180 182 186 190 197 199 203 207 224 226 230 231 233 236 238 242 246 248 252 256 257 258 259 268 275 276 277 284 287 290 291 297 317 318 319 321 322 329 330 331 332 333 334 335 341 344 346 347 348 349 , 1 21 % 100 , 2
63 84 88 93 99 102 114 115 118 119 120 121 122 124 127 128 129 130 132 134 137 138 140 141 143 145 147 149 154 155 156 160 166 168 172 173 178 182 189 192 200 203 205 207 210 211 212 213 218 224 226 229 230 231 232 237 240 241 244 246 247 248 249 256 257 259 269 276 277 284 285 287 288 289 293 298 299 300 305 309 311 312 317 318 319 320 321 322 323 329 330 331 332 333 334 335 341 342 343 344 346 347 348 350 , 1 19 % 104 , 2
1 2 3 4 6 8 10 11 12 13 14 16 20 22 24 25 26 28 30 31 36 37 39 40 44 46 48 51 52 54 56 58 60 62 64 66 67 69 70 71 72 74 76 77 78 79 80 81 101 105 109 113 116 121 125 127 129 132 141 142 147 162 164 169 171 173 175 179 181 187 189 193 196 197 201 203 209 213 214 216 218 219 222 223 228 231 249 262 264 270 278 279 280 281 302 303 304 312 317 320 333 334 335 341 347 348 , 2 4 % 106 , 2
84 122 138 141 149 155 156 203 205 207 259 276 287 288 289 318 321 322 331 332 334 341 342 344 347 , 1 19 33 % 25 , 3
8 10 12 16 20 36 38 46 48 58 66 74 147 197 231 302 303 304 319 321 330 333 334 341 347 348 , 12 16 8 % 26 , 3
61 102 116 121 140 147 155 168 172 178 190 200 203 230 246 248 277 302 303 320 329 335 341 347 348 349 , 11 7 9 % 26 , 3
22 114 120 121 129 138 143 145 154 155 160 168 171 205 237 270 273 284 289 305 321 329 334 342 348 349 , 1 17 27 % 26 , 3
