5 7 9 15 22 73 102 106 112 114 127 129 137 138 141 143 145 146 149 152 154 156 160 168 204 212 213 224 230 246 247 248 256 273 276 284 289 321 334 344 , 1 23 29 % 40 , 3
9 22 92 114 121 127 129 138 141 143 145 146 152 154 156 158 160 161 168 195 205 237 238 247 256 259 270 273 276 284 289 303 312 320 321 332 334 342 344 349 , 1 23 27 % 40 , 3
5 7 9 15 45 73 102 104 106 107 108 112 114 121 138 143 145 149 152 154 156 158 161 168 170 178 224 230 238 242 246 248 256 259 276 284 321 332 334 344 349 , 1 21 23 % 41 , 3
5 9 22 102 106 114 115 128 129 130 134 138 141 143 145 152 154 156 160 168 197 208 211 218 224 226 230 232 244 246 247 248 250 252 260 276 284 289 313 334 344 , 1 25 29 % 41 , 3
11 13 14 25 30 31 35 66 69 80 81 101 105 119 127 129 130 132 134 142 147 148 149 173 175 189 197 200 213 214 216 222 228 231 244 302 312 320 322 334 335 341 , 14 22 30 % 42 , 3
11 14 25 29 30 31 35 43 65 66 67 69 75 77 80 81 101 105 127 129 141 147 149 173 175 186 189 196 197 214 216 222 228 231 302 304 312 320 333 334 335 341 , 10 26 6 % 42 , 3
11 14 25 30 31 35 43 65 66 69 80 81 101 105 109 119 127 129 130 147 148 149 173 175 189 197 199 200 213 214 216 222 228 231 244 302 312 320 333 334 335 341 , 14 20 30 % 42 , 3
5 22 73 86 102 106 112 114 131 136 137 138 143 145 146 147 152 154 156 168 190 198 208 211 212 230 231 246 248 250 252 256 284 318 321 322 323 329 331 334 344 348 , 1 29 31 % 42 , 3
88 102 114 115 128 129 130 132 134 138 140 141 143 145 154 155 156 160 168 172 211 218 224 226 230 232 244 246 247 248 259 276 284 285 289 320 332 334 342 343 344 346 347 , 1 19 25 % 43 , 3
11 14 25 28 30 31 35 56 66 67 69 70 80 81 101 105 119 127 129 130 147 148 149 173 175 189 196 197 200 213 214 216 222 228 231 235 244 302 312 320 334 335 341 , 14 20 22 % 43 , 3
63 84 114 115 120 121 127 129 138 141 143 145 147 154 155 156 160 168 173 200 205 211 237 247 256 259 276 284 288 289 305 312 317 320 321 329 332 334 342 344 346 348 350 , 1 19 27 % 43 , 3
11 13 14 19 25 30 31 34 43 66 67 69 75 77 80 81 101 127 129 141 147 149 162 170 173 175 189 196 197 209 214 216 220 222 228 231 302 304 312 320 333 334 335 341 , 10 26 8 % 44 , 3
11 13 14 25 30 31 43 66 67 69 75 77 80 81 101 127 129 141 147 148 149 164 170 173 175 189 196 197 199 213 214 216 218 222 224 228 231 302 304 312 320 333 334 335 341 , 12 26 8 % 45 , 3
5 7 9 15 73 102 106 112 114 115 116 122 128 134 138 143 145 147 149 152 154 156 168 190 197 224 226 230 231 246 248 252 256 275 276 284 291 318 321 322 329 330 331 334 344 348 , 1 21 29 % 46 , 3
5 45 49 51 59 61 73 102 106 108 112 114 124 138 143 145 147 152 154 155 156 168 190 230 231 238 242 246 248 252 256 257 259 277 284 287 317 318 321 322 329 331 332 333 334 341 344 347 348 , 1 21 31 % 49 , 3
88 102 114 119 120 121 129 138 143 145 149 154 155 160 166 168 178 192 203 205 210 212 218 224 230 231 232 237 240 246 248 257 269 284 287 289 305 319 321 323 329 331 333 334 335 341 342 347 348 , 1 17 19 % 49 , 3
11 14 17 25 30 31 35 41 43 53 65 66 67 69 75 77 79 80 81 101 105 119 127 129 141 147 148 149 173 175 186 189 196 197 199 213 214 216 218 222 228 231 250 302 304 312 320 333 334 335 341 , 12 26 6 % 51 , 3
11 13 14 25 30 31 35 43 51 65 66 67 69 75 77 80 81 101 105 126 127 129 130 132 134 141 147 149 170 173 175 182 186 189 196 197 210 214 216 222 228 231 244 302 304 312 320 322 333 334 335 341 , 10 12 26 % 52 , 3
102 114 115 122 127 128 129 130 134 137 138 141 143 145 147 149 154 156 160 166 168 210 211 212 213 218 224 226 230 231 232 240 244 246 247 248 256 276 284 288 289 293 305 318 321 322 323 329 330 331 334 344 348 350 , 1 19 29 % 54 , 3
84 88 93 102 114 115 121 122 124 128 132 134 138 143 145 147 149 154 155 156 168 172 178 182 203 207 224 226 230 231 246 248 256 257 259 276 277 284 287 317 318 319 321 322 329 330 331 332 333 334 335 341 344 346 347 348 , 1 19 21 % 56 , 3
8 10 11 12 14 16 20 25 28 30 31 36 38 43 44 46 48 54 56 58 60 66 67 69 70 74 75 76 77 78 80 81 101 127 129 141 147 148 149 173 175 189 196 197 199 201 213 214 216 218 222 228 231 302 303 304 312 320 329 333 334 335 341 347 348 , 12 6 8 % 65 , 3
8 10 11 12 14 16 20 24 25 28 30 31 33 36 38 43 44 46 48 54 56 58 60 62 66 67 69 70 72 74 75 76 77 78 80 81 101 103 127 129 141 147 149 173 175 179 189 196 197 201 214 216 222 228 231 302 303 304 312 320 333 334 335 341 347 348 , 10 6 8 % 66 , 3
8 10 11 12 14 16 20 25 28 30 31 35 36 38 43 44 46 48 54 56 58 60 65 66 67 69 70 74 75 76 77 78 80 81 101 105 127 129 141 147 149 173 175 186 189 196 197 201 214 216 222 228 231 270 302 303 304 312 313 320 333 334 335 341 347 348 , 10 12 6 % 66 , 3
8 10 11 12 13 14 16 20 25 26 28 30 31 36 38 43 44 46 48 54 56 58 60 66 67 69 70 74 75 76 77 78 80 81 101 127 129 141 147 149 170 173 175 189 195 196 197 201 203 205 214 216 222 228 231 302 303 304 312 320 321 333 334 335 341 347 348 , 10 12 8 % 67 , 3
22 102 114 131 138 143 145 154 168 190 208 212 230 231 246 248 250 252 284 321 323 329 331 334 348 , 1 17 29 31 % 25 , 4
11 14 25 30 31 34 43 67 75 80 81 101 105 129 141 164 173 175 214 216 222 228 312 320 335 , 16 18 20 28 % 25 , 4
11 13 14 25 30 31 67 80 81 101 105 129 132 142 173 175 200 214 216 222 228 312 320 322 335 , 14 16 22 28 % 25 , 4
102 114 129 138 141 143 145 154 156 160 168 224 230 246 247 248 259 276 284 289 320 332 334 342 344 , 1 19 23 25 % 25 , 4
11 13 14 25 30 56 67 69 75 80 81 101 103 105 129 142 173 175 214 216 222 228 312 320 335 , 14 16 18 24 % 25 , 4
11 13 14 25 30 56 67 69 80 81 101 105 129 142 149 173 175 200 214 216 222 228 312 320 335 , 14 16 22 24 % 25 , 4
11 13 14 25 30 69 80 81 101 105 121 129 142 149 173 175 200 209 214 216 222 228 312 320 335 , 16 22 24 30 % 25 , 4
11 13 14 25 30 31 43 80 81 101 105 129 132 142 173 175 200 214 216 222 228 312 320 322 335 , 14 16 28 30 % 25 , 4
102 114 138 143 145 154 155 168 190 230 231 246 248 252 257 284 287 321 329 331 333 334 341 347 348 , 1 17 21 31 % 25 , 4
5 22 73 102 106 112 114 137 138 143 145 146 152 154 156 168 212 230 246 248 256 284 321 334 344 , 1 23 29 31 % 25 , 4
8 10 12 16 20 36 38 46 48 58 66 74 147 197 231 270 302 303 304 313 333 334 341 347 348 , 10 12 16 6 % 25 , 4
5 9 22 102 106 114 129 138 141 143 145 152 154 156 160 168 224 230 246 247 248 276 284 289 334 344 , 1 23 25 29 % 26 , 4
11 14 25 30 34 69 80 81 98 101 105 129 141 149 173 175 199 200 214 216 222 228 270 312 320 335 , 16 20 24 30 % 26 , 4
11 14 25 29 30 34 67 75 80 81 101 105 129 141 164 173 175 200 214 216 222 228 270 312 320 335 , 16 20 24 28 % 26 , 4
11 13 14 25 30 35 80 81 101 105 129 142 147 173 175 189 200 214 216 222 228 312 320 333 334 335 , 14 24 28 30 % 26 , 4
11 14 25 30 56 67 69 75 80 81 101 103 105 129 149 173 175 199 200 214 216 222 228 312 320 335 , 14 16 20 24 % 26 , 4
