8 10 12 16 24 26 36 38 44 46 48 54 58 60 74 76 107 141 179 195 199 203 205 303 304 319 321 329 330 347 348 , 14 8 % 31 , 2
16 18 38 58 87 88 93 117 123 137 140 145 146 147 163 165 169 175 177 195 205 215 234 267 268 271 274 284 286 323 340 , 1 13 % 31 , 2
34 86 96 99 144 153 155 221 233 237 239 257 258 261 268 272 275 286 291 296 298 299 300 309 310 311 324 330 343 346 350 , 0 4 % 31 , 2
8 12 16 20 36 44 46 50 54 58 119 126 127 148 149 195 199 241 243 270 288 303 304 317 319 321 322 329 330 341 347 348 , 12 18 % 32 , 2
38 64 84 113 119 131 147 148 149 156 178 198 203 205 231 237 270 273 287 304 306 318 319 321 322 323 329 331 333 335 341 345 348 , 0 25 % 33 , 2
5 7 9 15 23 37 45 49 59 73 83 95 98 100 102 106 108 110 112 114 138 145 146 154 156 168 190 208 212 230 240 242 248 284 , 12 32 % 34 , 2
8 10 12 16 20 36 38 46 47 48 58 64 66 74 107 126 128 140 147 177 197 231 270 289 302 303 304 313 321 333 334 341 347 348 , 10 16 % 34 , 2
8 10 12 16 24 26 36 38 44 46 48 54 58 60 74 76 107 126 141 169 179 195 203 205 270 289 303 304 317 321 322 332 347 348 , 10 14 % 34 , 2
16 38 39 83 87 88 93 94 96 148 151 171 175 178 195 199 203 233 236 253 257 259 272 286 287 312 319 330 332 333 335 341 345 346 347 , 0 29 % 35 , 2
8 10 12 16 20 36 38 46 48 58 66 74 119 126 147 197 231 241 243 270 288 289 302 303 304 313 319 321 330 333 334 341 347 348 349 , 12 16 % 35 , 2
16 66 84 86 131 141 146 151 155 160 171 205 207 231 233 245 258 259 260 268 273 287 293 294 318 319 321 322 323 331 332 333 334 344 350 , 15 7 % 35 , 2
7 45 49 102 106 128 129 134 147 152 154 158 160 168 171 172 200 202 204 224 226 230 231 237 246 247 248 252 256 273 274 303 313 320 329 348 , 3 33 % 36 , 2
11 13 14 25 30 31 35 43 57 64 67 75 80 81 101 105 129 132 142 147 173 175 184 189 196 200 213 214 216 222 228 231 312 320 322 333 334 335 341 , 14 28 % 39 , 2
4 5 7 9 15 73 83 102 106 110 112 114 128 134 138 143 145 156 160 168 183 190 191 198 204 208 210 212 218 224 226 230 240 246 248 249 252 284 298 , 28 32 % 39 , 2
11 13 14 15 19 25 30 31 34 35 37 43 69 80 81 101 105 129 141 142 147 173 175 189 204 205 209 213 214 216 222 228 231 302 312 320 333 334 335 , 18 30 % 39 , 2
11 13 14 23 25 29 30 31 34 43 67 75 80 81 101 105 121 129 132 141 142 162 164 173 175 200 203 205 209 214 216 220 222 228 270 312 320 322 335 346 , 16 28 % 40 , 2
8 10 12 16 26 36 38 44 46 48 50 53 54 58 60 74 76 126 141 169 195 199 203 205 241 243 270 288 289 303 304 317 319 321 322 329 330 347 348 349 , 12 14 % 40 , 2
11 13 14 19 25 28 30 31 35 56 57 67 69 70 71 80 81 101 105 129 142 147 162 173 175 186 189 196 209 213 214 216 222 228 231 302 312 320 334 335 , 18 22 % 40 , 2
11 13 14 25 28 30 31 34 43 56 67 69 70 71 75 78 80 81 101 103 105 129 141 142 162 164 173 175 186 203 205 209 214 216 220 222 228 312 320 335 , 16 18 % 40 , 2
11 13 14 25 30 35 56 57 66 67 69 75 77 80 81 101 103 105 129 142 147 149 166 173 175 189 190 196 197 199 200 214 216 222 228 302 312 320 333 334 335 , 14 24 % 41 , 2
11 13 14 25 28 30 31 35 43 56 57 67 69 70 75 78 80 81 101 103 105 129 142 147 173 175 184 189 196 213 214 216 222 228 231 302 312 320 333 334 335 , 14 18 % 41 , 2
11 13 14 25 29 30 35 51 56 57 66 67 69 71 79 80 81 101 105 121 129 142 147 149 162 173 175 189 190 196 197 200 209 214 216 222 228 302 312 320 334 335 , 22 24 % 42 , 2
11 13 14 19 25 29 30 31 35 57 64 67 79 80 81 101 105 121 129 132 142 147 162 173 175 189 196 200 209 213 214 216 222 228 231 312 317 320 322 334 335 341 , 22 28 % 42 , 2
11 13 14 25 28 30 31 43 56 65 67 69 70 75 77 78 80 81 101 103 105 109 127 129 130 132 134 142 149 173 175 199 200 214 216 222 228 244 312 320 322 335 , 14 16 % 42 , 2
11 14 23 25 29 30 31 34 35 43 67 75 80 81 101 105 129 141 147 164 173 175 184 189 196 200 202 213 214 216 222 228 231 270 304 312 317 320 333 334 335 341 , 20 28 % 42 , 2
11 13 14 25 28 29 30 31 51 56 67 69 70 71 80 81 101 105 121 127 129 130 132 134 142 149 162 173 175 182 186 200 209 214 216 222 228 244 312 320 322 335 , 16 22 % 42 , 2
68 83 84 86 122 131 138 141 146 149 150 155 156 157 177 180 198 203 205 207 233 258 259 263 265 276 279 287 288 289 318 321 322 324 325 331 332 334 336 341 342 344 347 , 1 33 % 43 , 2
11 14 25 28 30 31 34 35 43 56 58 67 69 70 75 80 81 101 103 105 129 141 147 164 173 175 184 189 196 204 213 214 216 222 228 231 302 304 312 320 333 334 335 , 18 20 % 43 , 2
11 13 14 25 30 34 35 37 56 57 67 69 71 75 80 81 101 103 105 129 141 142 147 162 164 173 175 189 196 204 206 209 214 216 220 222 228 302 312 320 333 334 335 , 18 24 % 43 , 2
5 16 38 88 99 106 111 131 136 137 140 149 151 177 185 203 205 207 209 213 215 231 233 255 257 258 260 277 287 289 290 307 318 319 322 323 328 330 331 333 335 341 347 , 0 27 % 43 , 2
11 14 23 25 27 28 29 30 31 34 43 56 65 67 69 70 75 80 81 98 101 103 105 109 127 129 130 141 149 164 173 175 199 200 214 216 222 228 244 270 312 320 335 , 16 20 % 43 , 2
33 38 88 99 117 131 135 139 147 155 173 197 198 203 207 209 231 233 237 239 256 258 266 267 268 271 275 287 291 305 318 319 322 329 330 331 333 335 341 346 347 348 350 , 0 23 % 43 , 2
11 13 14 19 25 30 31 34 35 43 52 79 80 81 100 101 105 121 129 132 141 142 147 173 175 188 189 200 205 209 213 214 216 222 228 231 270 312 320 322 333 334 335 341 , 28 30 % 44 , 2
24 37 51 59 61 102 106 116 119 121 124 130 132 134 140 147 155 168 172 178 182 190 192 200 203 230 237 244 246 248 256 276 277 302 303 317 320 329 330 335 341 347 348 349 , 7 9 % 44 , 2
7 11 13 14 25 30 31 34 43 65 69 80 81 98 101 105 109 121 127 129 130 132 134 141 142 149 172 173 175 199 200 205 209 214 216 222 228 244 270 312 320 322 329 335 , 16 30 % 44 , 2
11 14 25 27 29 30 34 35 56 66 67 69 75 80 81 98 101 103 105 129 141 147 149 164 173 175 189 196 197 199 200 202 204 214 216 222 228 270 302 312 320 333 334 335 , 20 24 % 44 , 2
2 7 45 84 102 106 129 131 140 141 151 155 156 160 161 168 171 172 192 195 202 224 226 230 231 237 248 250 260 273 274 313 318 319 320 321 322 329 333 334 341 344 347 348 , 15 3 % 44 , 2
21 48 49 50 54 61 102 116 121 123 129 138 140 143 147 155 156 158 168 172 178 190 200 202 203 224 230 238 242 246 248 252 259 270 277 302 303 320 329 335 341 347 348 349 , 11 7 % 44 , 2
2 4 5 7 45 47 49 84 88 102 106 107 129 131 149 151 152 154 155 158 168 195 230 231 241 243 248 256 257 260 289 303 318 319 321 322 329 333 334 335 341 344 347 348 349 , 13 3 % 45 , 2
7 11 13 14 25 27 29 30 34 51 54 56 67 69 71 75 77 80 81 98 101 103 105 121 129 141 142 149 162 164 173 175 199 200 209 214 216 220 222 228 270 312 320 329 335 , 16 24 % 45 , 2
