782
19
420
564
879
307
843
212
986
348
900
1144
261
414
62
941
360
1064
505
554
1342
835
385
587
606
808
542
857
429
1159
1330
1331
649
793
851
995
1114
853
997
1186
1100
474
532
781
209
1110
1254
983
640
28
882
1137
110
456
55
1073
295
274
965
1228
1267
442
98
596
1271
53
953
228
714
1209
1362
164
1039
479
1010
271
988
998
465
780
255
741
943
370
475
1237
720
193
60
1191
309
1183
1233
416
1282
64
142
200
1312
191
152
183
509
653
921
169
589
503
705
1369
1112
552
591
1129
602
1079
1048
480
157
748
787
779
627
369
629
3
363
526
565
946
1323
1143
349
1079
1024
1136
782
306
174
1325
49
450
957
823
1190
967
796
394
720
1321
123
897
640
1370
811
1257
537
739
1041
166
1185
1004
1148
1270
953