30502
71660
6171
68418
41091
14328
3799
65150
67288
32904
40524
5070
48541
49485
54635
74751
31010
41722
44275
14489
20754
21948
39120
6870
53083
15687
67194
56331
26555
15951
41208
43766
60209
12786
28697
16719
40772
24339
58992
70896
15251
22539
36571
75954
29729
54976
10834
28599
2261
59608
1939
13637
49415
34164
73547
66088
47081
38811
21251
66626
35646
20146
63632
41466
17050
38111
11934
61416
45403
70479
40081
7299
10295
4839
36404
1571
41113
39999
42057
25100
44111
43006
20938
51384
33155
48905
73198
32299
54725
62594
75252
53086
63817
58667
63283
51315
22644
44365
10142
43680
53707
10651
61327
66624
7400
11340
1496
75687
32401
71250
22546
56015
72537
10044
48380
44271
3198
49148
11242
18687
67225
60377
66540
35389
48556
60915
51382
45406
44970
52590
26487
50790
54473
56782
67131
44021
3197
22638
34102
1852
45474
72095
66030
52766
52521
74242
31798
218
29138
67292
41462
12791
59682
976
55857
22818
30438
67830
12909
75450
69185
73650
65869
57192
14518
50647
63305
56081
75626
61490
24789
1944
19125
64068
10932
72187
31288
47199
22734
54658
36336
45399
64322
35651
42939
11176
70925
6551
71869
13994
14424
59006
4751
22044
63192
7578
18875
54990
1860
36497
43956
30001
30260
13391
5626
28187
54148
30627
70841
69624
68259
216
36854
3385
29140
36428
60481
59264
11268
18625
21725
61768
66816
21025
22219
18184
22478
36251
58506
65431
36760
68684
43798
18018
15024
56182
215
21886
25819
41298
31550
71877
35997
67411
23240
75031
74175
821
36950
40461
60407
45338
72894
70159
34279
48052
15282
10513
44746
26424
29927
58857
60230
13066
46100
48238
25377
34895
62881
51847
28635
29750
67484
4684
59110
60665
57139
71807
21791
25225
58763
20686
61614
3833
68266
70422
6831
48144
62812
59971
55862
1617
7609
45498
66730
20079
48237
39942
27714
29069
71713
22392
1969
37188
17521
42597
74007
26584
2634
52271
43546
2893
50471
3832
53298
60757
2193
18812
481
47038
71874
65790
19991
68358
75283
64249
53136
23521
70773
4340
22416
74706
45252
67756
75376
64513
70607
65457
9985
45594
65711
21290
67849
72920
69903
21907
16757
60756
38488
28569
52872
21892
17172
2730
74622
73507
70513
32334
6477
41397
56197
75120
14105
47927
24283
13249
68963
24792
73330
43544
14090
3331
61621
68263
21382
28558
36178
25315
21891
6667
8976
24630
14266
51770
51599
64257
52200
70771
17264
56896
45079
51853
67764
11365
30117
665
10680
36109
66404
29330
2641
12563
14872
5913
24820
3159
48679
30469
59038
8716
44751
31134
13854
21474
66839
5306
9390
29491
35585
6485
36808
74713
21567
1975
73074
51862
33540
27275
56988
33114
23959
37732
7008
35423
53045
55354
67611
71112
74365
52727
22158
16857
68364
12748
58445
3515
30032
48252
36807
54600
10962
40293
25758
2130
46819
7007
51954
42440
63501
7530
45018
53137
35608
37917
11304
19061
30305
26349
28658
16601
56928
63853
52819
49978
75381
63153
70612
48618
18220
37985
63946
16420
246
10261
5749
40840
35769
17447
61901
65300
11210
3420
41593
2564
17970
49209
72147
17804
23364
57597
9505
67002
20904
37475
5381
31576
33121
42718
58629
52896
28480
49541
61900
56829
22606
72846
17201
41083
56833
9666
42277
64453
17710
8981
24748
55194
60070
8281
74200
22248
12500
52827
16947
53487
58535
55541
63161
670
54436
24821
2920
55125
20971
17900
48175
75501
21411
22071
60089
1648
3957
14461
65137
17200
74371
44585
71911
7366
4906
9758
26356
39807
62745
75403
14637
20902
59219
22257
21572
29080
1980
953
63943
2410
15052
43322
3080
15845
43831
9581
70961
5472
16260
37321
71401
74199
66589
62935
55192
4880
49216
10728
68198
50942
7458
40069
56934
45117
3520
4464
36812
67087
1299
26448
5662
70197
49284
38705
28512
40416
9580
26712
56576
18138
69234
5755
23547
72060
25601
33221
10360
31421
32365
33559
1910
73802
687
25953
74036
52824
69679
49308
18328
56233
70901
32712
63951
51723
13544
26202
74897
7099
46407
5754
41868
6703
22871
33220
56419
68132
30055
46749
4198
54369
60350
74735
57108
12526
6003
41706
9256
66851
19438
73101
39280
67878
29870
6071
74128
47766
21153
72000
41020
71144
64728
2339
20835
49404
74651
30847
14389
17128
25702
15078
10818
65578
32720
44013
45207
60535
45466
51731
41357
43666
60109
26288
48714
70287
39910
69241
48973
48190
28602
52484
22698
28861
74998
18238
62941
13718
29629
6001
11419
9254
40510
41180
25701
32455
14926
47681
64917
29448
10827
55409
19529
23734
31354
16535
17650
58906
64217
66526
9860
14994
75344
45558
42564
64040
55315
51891
6098
56768
47680
66691
10292
13795
63277
3447
21943
37854
9439
15688
40421
72345
75617
29035
24496
65424
9952
57530
59668
70897
5427
61408
3627
70642
36146
76189
70226
36655
37770
18333
10042
7555
17228
49572
45463
51557
530
6444
8753
44103
47356
18935
54281
39746
3289
68392
66093
67287
10477
1234
10986
46764
61407
28951
33147
62077
59515
3362
13284
40439
49062
60306
27850
68323
74417
69267
38547
1929
70318
37862
10917
18425
26045
3200
71942
24494
33337
64566
34951
72186
42571
30343
33846
67031
39838
56682
13734
8938
23227
62859
74323
3635
36144
808
40957
367
28093
34437
17059
76025
47354
70919
66884
28440
36060
8428
3125
55321
18076
25535
59004
71593
55580
24679
75526
68067
55663
70991
15175
14490
6451
52513
5595
69084
71240
63630
48561
30860
58573
47539
55159
36142
39395
75109
6979
21019
41899
55672
59605
43170
58920
59864
71519
70574
51147
59164
29378
45146
53720
55858
52071
12117
32997
51998
66182
60048
59002
16558
18867
24178
1333
13315
44544
63981
46853
52164
16284
7325
73225
12459
72540
64759
63281
36234
3984
51846
58410
29568
14772
40029
41653
3035
33588
55764
44901
3294
69875
13476
20935
66881
46250
56962
67311
6126
72275
15114
40361
69713
75024
39144
2027
5779
21717
35319
41300
70230
70059
74422
56448
18440
23668
73321
39579
28716
72465
41735
2207
20684
15020
5695
28026
56012
13568
63221
70509
63299
29650
14683
6918
18082
8008
6893
22640
8076
52000
35386
60403
46528
65710
72215
58511
26416
5709
36594
34794
6550
7494
2191
28808
52861
29923
41044
44551
52171
75790
59357
28377
20869
71965
52528
22130
60148
1707
13405
14858
28631
58246
7141
75883
13390
32935
12304
1775
25221
29668
63738
6823
5458
7767
71358
18271
57654
61439
48395
73412
75721
30185
74865
26508
52699
6133
74591
2024
65866
1168
31892
66555
37884
26067
32332
25382
32841
37718
9723
75373
25891
28630
36250
74003
47641
36607
44227
21366
18804
47734
71083
25568
33687
52610
12371
8690
54752
7330
61002
40734
48242
55701
12474
56361
27690
48751
37183
51851
13662
21282
41932
20167
32424
28468
14102
4258
17605
18720
44226
2468
9032
40127
37031
73410
28306
14170
35231
36175
37369
9908
49342
30276
21722
74707
56634
64254
3059
74711
36522
75905
44142
43027
67761
40033
44651
35926
43795
52094
45678
4521
24906
26681
37030
33969
13064
29758
28031
37378
45516
15901
4080
24974
37632
60570
57837
6482
1713
51429
67511
37974
9559
69898
13670
661
59196
26157
40291
41485
32681
4266
65799
23956
68538
1272
21373
37284
71364
72558
23007
49086
28304
74871
43891
2304
18199
47834
32583
29512
52450
14271
147
17010
44923
52543
16663
36530
10700
68454
49017
63151
64345
46816
55096
39617
75213
44233
13762
56294
3673
70003
43979
68101
75310
29511
36265
9474
22247
39523
55795
68962
10254
68027
74801
22849
36622
53295
18300
69989
11452
752
16500
49368
24120
16339
9405
33976
29506
58969
42784
59125
2821
75647
22672
1965
13947
26605
40568
47132
25920
51176
44931
27803
53994
7257
59986
33373
22339
19498
45709
1020
44231
76155
75470
66745
40381
15927
14538
36714
41159
31411
47831
55451
45532
40993
14097
71038
53225
16944
21311
18299
50241
51268
41520
52892
63241
72838
19761
47576
64019
7104
12238
28149
29763
37383
52730
72152
42366
7172
58786
17354
75997
5739
40830
18552
14727
22347
7010
75752
1899
58179
72847
25854
59822
46381
67442
24998
37656
51869
71736
17544
70097
15744
65226
49977
41431
8649
67109
10789
44767
25501
32265
1810
32803
47574
1903
74729
13351
67789
52308
38604
59131
33301
29345
71035
11135
59390
28489
40065
33649
67627
69936
20462
18834
59992
39870
47490
56323
57517
41865
15150
29002
36211
75060
63341
34670
68727
10019
56509
71837
35702
59482
59991
64187
22344
9600
37311
75329
29701
64725
59825
41615
21243
11040
11388
32449
45107
5143
17125
67791
58283
20989
64093
5652
10287
62577
1044
68569
11226
45204
3695
37398
54012
59574
48711
71478
41080
27988
17286
24745
63594
45272
23889
59667
34248
64792
3088
76085
69840
14919
44171
51459
9589
25527
62321
10540
14742
35098
10633
25600
26544
58468
51791
47605
62140
17819
73796
5837
39461
13631
75840
75679
76109
18234
8561
17378
18493
74319
64116
75943
63690
13533
33400
60785
9852
26450
63524
34070
9436
37147
39456
26817
13092
5327
34153
13885
876
44101
69609
75678
43764
64291
40770
73907
11140
12084
47701
17915
71833
57958
51721
54974
69941
37846
26029
18668
39988
36745
44864
10641
25696
63620
27740
34245
35360
71578
7987
72008
73123
60181
2944
69676
27050
22795
268
10817
70193
32797
21684
71416
36651
23993
72076
72869
70286
21518
38089
52757
67724
37938
33501
34944
19092
61565
14323
21077
57105
51372
174
29094
37497
43762
56420
58562
34087
53010
29187
22109
9595
2517
20994
55657
59511
1842
39199
13369
10909
71141
790
64475
66784
36998
74922
51562
48036
57804
873
6278
70378
60630
74232
66622
72432
59672
33842
39041
1318
3093
70216
60982
39898
62606
25532
12091
33152
55656
75523
63276
44803
38787
62610
53102
23316
3724
32379
48461
39736
46661
53870
48799
74931
7642
74486
64567
8331
50710
456
37779
56702
75684
39129
4741
47952
60722
55572
30936
68059
54457
51463
74583
8150
26226
28784
64380
51047
21691
55239
56070
28877
69521
4927
6017
75590
71765
25717
25183
22723
13215
75174
6540
70390
28524
33424
36393
49051
25530
33150
18081
71422
1678
11067
21015
52244
68155
69520
1423
1932
2876
48043
57811
63371
25192
63880
48562
29125
40618
7483
33678
23930
63973
47960
47789
69965
56010
75775
74581
2778
5517
71421
4416
16373
18682
29031
65249
26659
62255
3031
63370
1490
37786
60210
63463
33677
41297
25284
6631
26482
5775
6890
17757
69264
5785
29730
37350
59071
4415
35550
27769
39233
71004
43527
12547
49519
48041
2708
23390
9541
62802
48927
52428
22030
11255
59261
26222
37878
33769
41389
53362
25121
32409
54051
34977
18964
35407
30868
50461
21790
42851
44989
7505
16048
39418
32741
67404
19981
61671
11005
67663
6209
56629
10398
68602
2530
62698
52950
59343
22381
74671
2114
52260
14071
73570
73399
3312
64845
22048
69110
3821
71780
9813
53796
7230
15103
55601
19554
9881
27174
24714
45241
33777
7416
36491
51418
48577
67500
29311
36075
35924
5620
28974
51237
46087
7058
17161
26058
16310
56637
43695
57297
20070
37459
41131
52787
59351
71539
44893
6730
24272
74004
24781
72463
56279
70947
4763
53819
60744
9811
44731
50825
51940
52351
22565
9821
19039
51495
43885
23514
50135
1872
13399
32322
18447
24712
27965
17762
5790
67753
5105
6220
654
19655
30365
3564
74771
9282
75211
45425
17948
71102
14171
67939
11960
22138
1103
15198
10600
36259
8274
22412
41394
3480
66387
9472
15036
24804
9981
75900
32673
36606
30090
13246
68960
32507
27357
8880
13329
29411
28555
34820
38058
45517
22656
60845
2281
18729
55269
56893
1704
62987
40307
49009
1180
73062
10951
55533
70861
4257
3572
44474
9564
14443
29410
22063
1356
62889
72837
36957
2980
44577
64160
11797
60335
62893
64527
51340
72401
29855
17343
37210
64595
32671
18796
67334
41059
29664
6149
34657
69036
3248
72136
44830
75898
75643
14628
22497
69388
1961
45867
28910
70350
55531
58784
30112
47921
49276
45167
47476
36613
74097
65792
10088
48674
18888
74351
14451
327
66751
40921
36965
17528
74699
15229
75388
8099
6754
18736
14627
72228
35164
13952
74096
1099
25328
56567
46374
38480
41580
55182
47572
5300
72144
42358
24829
32948
43556
46980
59467
20979
1798
18828
22250
17179
25753
3852
14719
68285
74800
34312
25053
35001
55881
1636
73518
69992
11818
74188
64440
10350
23801
1729
30555
27200
65218
37912
74452
42357
2399
51875
63418
41672
74026
1029
66416
62992
21389
67086
42621
941
48613
70436
6845
49273
55367
61632
51009
19497
43648
33900
58091
40664
2046
68377
39956
1361
14287
33210
16596
36962
44582
14796
53415
1728
65217
8551
63167
70626
34746
64532
59382
58267
59891
17094
44249
14208
40570
72494
70694
66508
52372
40404
8737
14986
72587
25061
75326
70787
16336
38761
26533
21994
17025
75409
62477
2138
3253
11909
57606
27037
66669
7445
49213
74289
10441
36271
33811
23
75996
24645
38247
52915
33737
5742
6686
62667
44580
70541
55981
73618
37488
67783
63958
32445
33560
71294
24835
6588
1819
9327
4289
1295
2660
59473
67093
12842
47505
8226
48703
3442
32097
75050
30297
67440
9943
73534
62920
70540
5834
52047
62059
60714
30928
48081
17209
73969
74908
32796
39360
67709
74384
18133
74893
17981
61980
13623
16876
6518
72168
49910
48261
10184
48780
13691
48354
30927
76169
16269
68730
23977
19008
31597
45199
67091
57172
55372
37843
43937
54271
51811
1650
1479
66866
33044
1988
26628
36551
43839
65481
17907
45110
46837
67115
74040
63006
61891
10280
32819
26191
3185
358
71922
41353
27478
18924
11577
53165
22435
21241
7631
3023
56946
32187
59411
40061
15607
66703
7024
70214
33140
37587
10030
41098
2240
39196
3693
64213
60104
51300
68405
39734
9519
50953
42389
55047
40760
7195
56671
62848
31085
70468
48361
13282
5233
17215
13791
30234
26307
356
28082
28591
16114
12690
2332
75168
56161
69602
26375
52052
47695
52062
48889
27324
33927
39919
30150
75515
3207
29192
23308
2522
6969
63781
70990
22882
70305
66349
13374
27930
48037
10914
874
25176
35907
13457
448
41727
49235
31524
67302
75421
2424
10982
21331
16181
14410
41795
20230
36924
11505
72359
10820
23307
8494
55661
56855
22622
25092
30242
64039
36483
8068
5608
41188
20406
36317
25968
52589
66612
62004
21614
74848
711
49327
26466
64655
34086
6091
5940
67903
18582
68064
54819
62439
44117
39217
32290
53351
60639
36223
66802
8067
39985
48828
49488
56947
51644
33322
5166
66699
3366
6790
51737
4990
49326
72264
60971
3885
19711
27331
66963
18606
10564
50626
43427
55150
3214
47619
33493
17480
45295
21010
27766
5082
38908
74504
75957
40878
62770
63200
63029
21871
6114
25804
74572
4314
48640
56260
13302
36931
56353
44908
14510
59341
20149
51143
17572
2959
53026
18261
3648
14945
13047
56000
11247
66961
75011
66971
69539
56597
20848
70501
18437
24702
58935
26057
30522
75104
43009
60646
25881
63899
14064
40808
68947
74757
20667
55750
15262
13746
5682
17664
21449
34107
50550
46594
71611
53118
60043
46168
18862
43708
36758
44378
30012
67997
60136
33774
48741
29304
62954
2365
31191
29563
18529
26149
60229
38122
22470
60738
72202
53788
48917
43879
56537
18348
68250
14160
35221
43090
27611
34365
69028
45742
57035
17501
25199
46431
74246
28902
75870
20949
21780
42841
55078
41985
5171
22303
18097
37020
48392
57225
34115
66797
60834
9901
74436
38556
68342
50915
46176
13137
128
14761
21970
48059
60144
43809
9549
44640
65701
65950
18537
19197
44214
33865
14428
71599
50034
13753
75962
64145
6374
55679
75546
51491
71437
73746
7063
66287
31903
33258
23339
30264
14251
21710
24963
37621
37880
14599
12035
40021
479
28455
56725
2455
40114
37273
30959
38467
60319
48390
60578
14950
1070
22570
56118
53124
69035
37111
47823
74160
28645
29839
41664
63919
6470
16652
11100
17601
71098
1260
45675
6646
43875
44990
67151
42515
40465
10679
22143
3745
13418
21038
53382
10150
60141
39512
18534
26154
63477
72995
71097
996
20529
36611
68535
37805
67850
37281
73489
33539
28639
63041
24799
9462
58767
26060
48065
11886
22235
45605
62278
49014
19737
60492
75288
58081
55621
5289
49082
27699
5798
55685
40214
388
47649
69291
31997
29337
53214
47913
1537
45330
14350
6389
36100
44048
45163
1096
15387
69986
9647
25051
26245
17441
65887
52715
30098
21828
8800
43720
70434
68023
37303
3938
9137
17695
49105
2470
52205
62383
51349
46199
39954
44570
52190
21460
36960
74278
14877
63415
24825
62730
63674
17092
52366
66477
3428
6142
15894
6935
74209
2836
38055
44320
3496
37370
74018
70594
18985
37737
19924
1960
31500
27544
75226
3060
70432
6841
7252
17708
67591
11192
73685
48947
17184
55872
63492
14724
38754
12141
71640
65375
2042
40998
73523
39952
6234
10708
1979
14792
64524
25141
51166
24040
15315
60258
14630
27117
54957
50848
59471
34052
40146
50574
48956
10614
1885
24216
29778
52202
37897
10090
56820
25840
30036
33460
63858
36028
31660
55974
22685
37652
9237
48001
73077
5128
7437
75131
32687
68465
29342
931
59466
3342
47747
73708
27126
73434
36189
72069
30226
29009
57680
2740
2579
48700
40238
9936
63074
5044
54520
11293
14815
22009
73869
55547
75414
64781
7695
55273
36629
68190
60007
62316
32950
17881
11214
59049
18830
55904
1634
29527
68376
18913
73775
30318
2323
70781
4187
71221
2842
66580
19417
60706
249
29340
41528
17112
55301
32440
40060
55810
3169
67612
75232
52371
55110
18409
51544
49897
606
59561
67181
6769
67690
62921
52048
2841
41160
20892
15057
25940
60171
52561
3594
70208
32278
22
62573
75231
34332
64456
29691
24477
69059
33995
605
66065
11315
67180
65914
44427
59144
53945
64020
67273
37487
43752
9492
25259
10713
29877
48800
33378
41952
54439
71571
40841
9585
3622
48188
8225
13359
66764
4909
47337
32879
45537
64548
76012
33568
71473
57598
56238
64812
3108
71566
61647
3083
15065
63701
71321
37579
17912
71659
49552
36219
73713
1831
20567
6708
41094
34678
24759
56399
25590
46651
17980
45795
70812
3807
26113
64302
57861
2422
6869
9608
66420
66249
43843
6340
72773
18571
25780
56760
35807
72073
32368
40942
48450
69511
68655
45545
13621
16874
67970
10456
17563
60447
59489
71574
27149
34074
25520
28773
29967
72772
33478
52489
9959
63802
74748
9430
33316
44688
70820
70649
34769
47427
41694
2675
20922
70903
30415
23465
60798
13272
33922
48718
41542
18320
56338
71666
75349
13898
63801
70555
71670
1412
1921
67548
73813
57629
64554
3021
72174
18755
51641
47685
40617
19704
70912
46325
74311
22530
7306
36132
50629
28522
72770
74404
34175
7374
3720
51386
51895
33573
15002
74501
24848
30159
32468
20411
54360
15770
37349
44808
62596
54986
21164
12610
18602
37584
54027
64739
6175
7290
31959
4830
17472
21257
30491
28614
28863
44969
447
27058
53019
17139
38630
75170
53787
8664
59495
33665
41285
44024
59079
50886
3205
5514
270
24670
69252
45731
57024
49140
18160
5856
21011
7382
48284
60643
21520
67829
18253
63979
42414
69697
56525
20757
3111
40340
62345
68337
1854
25638
47530
56593
25873
36481
11062
2103
28871
70561
40775
74244
3556
6804
5948
6280
2705
30166
4480
43617
42
68326
25270
74146
10137
18438
48733
5771
49677
53178
41121
12450
33511
50184
56176
62779
13228
70399
41307
74845
40622
47015
48130
30258
63796
53094
76038
13134
5770
22902
35310
1945
60386
7404
11344
21096
11427
13829
45390
71601
42930
38974
12361
52423
68334
38548
47366
50217
23571
7662
30354
52609
21629
4497
54384
14850
50559
44191
59691
5446
70661
15628
23248
21188
67668
37270
27601
35470
59784
26745
5539
71688
4854
33680
46167
67228
45482
51576
15696
50891
17579
60918
7152
43266
57822
20860
59177
50191
41921
65442
71252
44890
4247
47458
37710
59431
21354
67051
9099
53023
10579
1336
13318
29400
6898
47981
58330
49605
5538
48920
6903
56540
69027
40203
68591
75879
59083
377
73751
41656
44904
52524
3297
66126
73051
44380
52783
32412
56975
59714
68777
33439
66977
5444
74597
2201
67926
73486
43871
3228
6652
15719
12725
13840
64516
20345
62716
13395
70336
60133
63914
71534
41748
56181
47911
5698
37547
73926
9552
66193
10328
1770
51505
2288
52958
66731
43870
51490
292
6651
59791
45504
63292
36700
43205
3746
33002
36255
49162
56371
5629
11878
62974
76043
2361
64608
66383
10518
7238
61340
63478
4254
75984
2987
28287
66476
63482
70941
15125
75
69724
75818
63991
62093
74350
9644
72379
32845
33960
47562
14523
11109
45762
58249
56904
75886
34738
11877
63384
4943
22745
68006
28986
64582
70676
17169
8719
24887
42954
49347
11441
14009
17433
32761
51762
66568
55705
25919
68622
22935
72133
34737
74951
2898
27787
14615
66406
73331
75469
6042
13769
75978
44998
43271
59182
62816
31836
13240
65814
34301
10075
75307
26495
29234
3489
37896
6232
56912
47653
51164
66131
34036
40301
73419
504
37543
44752
75732
2994
32250
4618
49355
17431
51511
71716
4177
4686
6995
54857
11116
75384
9734
61107
59880
40555
74024
20183
22492
9827
37288
1785
65274
6050
62814
56299
11184
28993
34128
1888
37126
48498
54763
74630
9924
74459
43729
38579
59111
66658
55261
31740
17082
31579
45352
43043
75476
9043
34044
33188
75559
5731
62372
59810
20368
67430
22677
59820
50663
52972
63321
20094
67768
60949
74722
56400
73866
40044
36088
62220
26340
1025
38142
17874
67606
7017
25494
27118
6332
11
74790
26692
74115
70691
50060
60772
71121
72574
57755
2316
17267
65903
71214
35334
36278
23791
24221
31509
58170
60439
19580
49200
7432
71816
6327
52638
74814
68549
29959
10805
8640
43389
25067
32526
26432
41589
60512
2232
1117
31841
74907
9418
2741
31141
48779
10873
8307
3768
32594
14272
25424
2667
45095
28931
3606
76158
1816
9324
24377
58800
50338
19506
57161
20982
64449
7534
54701
32784
30984
11048
3684
7617
54001
25330
32618
33733
19858
55454
68112
37132
46900
37925
40741
7176
49986
20120
24567
60163
44150
76074
66155
14374
29590
62056
5924
32441
47237
3590
73173
29683
25858
53844
22081
61464
7107
67955
75575
37131
73349
63601
6515
58960
70365
47143
67010
25681
29614
37234
8124
33908
71563
72757
44242
51451
40417
39885
17205
48434
11472
56054
40936
22614
41596
43924
21758
17038
10361
71749
4631
9508
44428
30292
59928
29868
44432
52551
23880
44941
34068
55300
53329
67102
24658
14910
21415
54953
75480
64196
5222
56836
31167
15154
60347
44334
75573
32116
59560
41179
10199
19072
63071
17556
41688
53152
41707
29867
23904
17639
48085
60444
24564
75411
46740
67801
16171
13711
22774
40332
8915
29964
27381
39717
55196
16357
74912
43228
61035
58194
40767
18660
25948
26280
74471
33822
41442
10462
69600
39031
58796
60703
38175
2672
75498
37490
18846
41784
49292
55386
61989
3959
72348
12947
33474
47076
75062
45276
13362
32114
48808
25164
3014
13900
10461
13200
4471
56496
9348
52387
71310
54696
12853
64644
20473
58888
51286
40423
56334
21505
36222
69760
2857
20820
7122
37675
3013
76010
46224
50009
37249
51633
71500
6011
13454
33321
40075
41269
5664
63954
75247
1056
35713
37068
43333
51985
26454
18061
24155
44869
32812
40432
47608
22110
55228
73799
40941
20310
1662
12529
26302
351
42290
6265
36304
14138
5580
75946
31775
32890
444
64129
64388
18760
49314
7556
31613
48977
67729