1712 1713 1771 1774 1779 1782 1815 1826 1847 1861 1864 1890 1921 1973 2059 2067 2121 2129 2135 2188 2195 2294 2302 2327 2343 2404 2483 2531 2545 2565 2566 2567 2613 2614 2624 2638 2652 2664 2769 2792 2797 2847 2855 2874 2969 2981 3017 3043 3070 3148 3159 3177 3183 3251 3269 3300 3303 3304 3306 3322 3325 3328 3334 3361 3382 3525 3581 3619 3624 3626 3633 3637 3689 3705 3771 , 0 2 % 75 , 2
111 119 149 218 273 292 298 320 327 424 492 518 521 522 543 694 751 821 837 883 884 895 896 912 921 957 995 1011 1058 1157 1160 1169 1179 1186 1196 1310 1429 1451 1471 1476 1481 1485 1563 1580 1608 1620 1630 1633 1635 1636 1638 1642 1647 1663 1674 1702 1718 1725 1732 1750 1751 1754 1778 1789 1800 1836 1840 1844 1849 1870 1887 1891 1908 1914 1915 1917 1922 1923 1945 1964 1968 1972 1993 2015 2016 2018 2032 2033 2034 2052 2056 2065 2068 2082 2116 2127 2145 2153 2156 2187 2191 2196 2208 2235 2243 2257 2271 2274 2276 2297 2298 2322 2323 2332 2340 2354 2370 2386 2390 2395 2401 2409 2417 2421 2426 2433 2437 2440 2442 2449 2479 2481 2489 2490 2492 2497 2502 2503 2534 2570 2572 2575 2576 2585 2596 2601 2604 2621 2639 2653 2655 2656 2663 2683 2685 2688 2692 2698 2699 2700 2704 2705 2712 2726 2731 2754 2755 2756 2763 2776 2782 2786 2804 2811 2824 2828 2843 2853 2859 2909 2917 2920 2930 2951 2956 2961 2991 3004 3042 3079 3086 3089 3093 3095 3097 3100 3102 3104 3107 3120 3137 3140 3152 3157 3219 3235 3262 3267 3268 3273 3283 3289 3313 3332 3343 3349 3374 3383 3386 3410 3420 3421 3425 3426 3437 3451 3465 3467 3468 3474 3482 3488 3498 3518 3523 3537 3573 3574 3576 3580 3585 3596 3614 3636 3639 3653 3679 3685 3691 3714 3747 3756 3763 3775 3807 , 2 % 255 , 1
3 22 25 27 28 30 31 41 45 85 98 104 109 134 138 164 220 248 292 314 316 318 324 334 339 346 361 372 386 391 397 399 405 407 408 415 417 443 460 463 475 476 492 499 510 523 528 535 537 544 547 551 566 570 572 576 606 612 626 651 663 671 675 683 686 688 694 719 755 770 791 792 800 813 841 846 847 848 873 875 881 886 891 897 902 905 917 930 945 947 948 967 968 971 972 974 981 988 1007 1010 1019 1028 1042 1060 1064 1076 1082 1089 1099 1156 1160 1175 1182 1217 1238 1241 1254 1261 1278 1286 1304 1306 1315 1318 1322 1326 1336 1362 1373 1374 1390 1405 1410 1414 1421 1422 1438 1442 1455 1458 1462 1471 1477 1480 1488 1491 1507 1509 1516 1519 1535 1539 1540 1583 1604 1612 1618 1631 1645 1649 1654 1663 1671 1702 1746 1749 1818 1860 1870 1916 1958 1963 1964 2019 2156 2166 2173 2175 2197 2204 2209 2235 2314 2340 2359 2370 2382 2427 2441 2447 2474 2492 2510 2519 2527 2562 2663 2669 2719 2726 2734 2746 2789 2805 2821 2862 2979 3004 3076 3096 3100 3102 3120 3127 3162 3174 3252 3259 3332 3387 3399 3405 3430 3434 3445 3448 3468 3469 3478 3490 3495 3504 3523 3527 3561 3663 3714 3718 3742 3763 3792 , 0 % 241 , 1
10 62 77 88 113 175 197 233 249 262 280 310 416 532 564 565 582 597 605 623 637 691 702 710 749 765 863 878 894 1003 1051 1098 1133 1194 1199 1209 1239 1245 1248 1276 1320 1357 1367 1452 1472 1475 1531 1557 1574 1598 , 0 2 5 % 50 , 3
274 308 712 1086 1321 1337 1651 1690 1706 1759 1763 1805 1833 1853 1854 1893 1928 1929 1931 1932 1934 1978 1985 1994 2036 2051 2055 2075 2092 2096 2099 2134 2225 2237 2254 2285 2315 2356 2402 2422 2461 2528 2611 2660 2661 2674 2679 2681 2707 2711 2720 2735 2736 2759 2777 2781 2819 2868 2925 2931 2958 3008 3036 3091 3122 3198 3211 3223 3293 3383 3397 3411 3429 3436 3510 3540 3604 3656 3658 3688 3711 3743 3779 3783 , 2 5 % 84 , 2
1684 1713 1767 1815 1847 1861 1864 1921 2059 2129 2135 2140 2195 2331 2404 2460 2483 2509 2515 2531 2544 2545 2547 2567 2614 2624 2638 2664 2769 2791 2797 2800 2847 2855 2946 2969 2981 3028 3159 3177 3183 3234 3251 3300 3303 3304 3306 3322 3325 3328 3334 3382 3525 3619 3624 3626 3633 3637 3689 3705 3771 , 1 2 5 % 61 , 3
396 1105 1634 1648 1736 1766 1781 1841 1868 1871 1876 1878 1887 1899 1919 1936 1944 1965 2015 2031 2088 2201 2242 2262 2285 2307 2308 2347 2387 2398 2401 2559 2573 2606 2631 2681 2689 2733 2743 2816 2818 2865 2879 2880 2882 2883 2890 2899 2901 2954 2990 3018 3064 3085 3113 3117 3124 3168 3221 3222 3335 3390 3402 3428 3501 3597 3647 3652 3662 3741 3761 , 1 6 % 71 , 2
120 376 496 685 889 1096 1108 1243 1269 1428 1697 1768 1787 1820 1834 1943 1954 2021 2063 2113 2164 2258 2266 2283 2364 2429 2469 2477 2511 2520 2593 2610 2635 2657 2698 2767 2780 2793 2795 2864 2942 2947 2988 2989 3001 3012 3020 3045 3167 3181 3182 3206 3237 3245 3261 3279 3280 3284 3285 3353 3393 3421 3435 3489 3505 3526 3537 3553 3601 3603 3612 3665 3697 3699 3700 3704 3730 3747 3758 3787 , 3 % 80 , 1
1648 1709 1736 1781 1841 1871 1887 1899 1910 1919 1950 1988 2031 2088 2242 2262 2264 2275 2307 2308 2309 2344 2387 2401 2419 2494 2542 2605 2606 2631 2733 2743 2818 2865 2879 2883 2890 2904 2911 2954 2963 2973 2990 3018 3029 3066 3107 3113 3117 3168 3335 3390 3501 3583 3647 3662 3694 , 0 6 % 57 , 2
5 14 57 117 146 186 289 294 312 345 382 419 494 495 499 515 611 613 616 655 753 790 818 830 925 939 954 1016 1024 1025 1069 1094 1115 1137 1170 1189 1229 1257 1273 1282 1331 1346 1355 1360 1417 1432 1444 1468 1483 1487 1493 1515 1523 1530 1546 1548 1550 1558 1584 1762 2163 3427 3472 3643 3671 , 0 1 5 % 65 , 3
5 9 19 133 158 186 289 377 425 445 454 494 495 499 500 515 548 596 611 616 643 655 754 790 830 954 960 1024 1025 1030 1069 1087 1094 1121 1256 1257 1331 1417 1432 1483 1487 1493 1499 1523 1546 1548 1762 2073 2985 3798 , 0 2 % 50 , 2
20 59 60 76 89 94 110 130 156 174 196 215 226 234 245 488 498 509 530 550 578 587 602 639 700 714 763 778 794 808 822 862 867 940 952 965 977 1014 1048 1078 1125 1132 1144 1150 1171 1174 1265 1290 1347 1384 1470 1505 1520 1577 1617 3575 , 0 2 5 % 56 , 3
101 575 650 684 723 767 836 858 1075 1113 1163 1264 1267 1299 1329 1352 1370 1497 1578 1589 1659 1683 1724 1788 1806 1898 1912 1925 1948 1977 2130 2174 2180 2424 2446 2501 2706 2762 2785 2937 2955 3047 3068 3083 3099 3106 3161 3379 3384 3454 3476 3477 3483 , 0 2 % 53 , 2
7 26 32 79 86 108 136 155 211 228 235 244 258 302 304 362 367 374 403 427 440 503 517 524 556 573 579 599 625 630 646 659 760 854 860 980 1013 1026 1095 1142 1143 1181 1205 1216 1224 1225 1232 1262 1279 1309 1382 1433 1526 1625 , 5 % 54 , 1
20 59 60 76 89 94 110 130 215 234 245 488 498 509 530 550 587 602 639 700 714 763 778 794 822 840 862 867 934 940 952 965 977 1014 1048 1078 1081 1125 1132 1144 1150 1171 1174 1265 1290 1347 1384 1505 1524 1617 3449 3575 , 0 1 2 % 52 , 3
101 122 177 180 185 320 392 424 468 491 553 650 668 723 781 811 823 836 858 953 995 1011 1075 1113 1263 1264 1267 1299 1328 1329 1370 1374 1481 1497 1578 1638 1659 1683 1724 1753 1840 1912 1917 1948 1977 2082 2174 2176 2179 2187 2243 2322 2348 2424 2433 2442 2446 2449 2481 2501 2503 2536 2575 2585 2601 2762 2763 2805 2853 2937 2951 2987 3047 3068 3083 3097 3105 3106 3110 3219 3266 3268 3289 3343 3372 3451 3452 3454 3471 3474 3476 3482 3573 3714 , 1 5 % 94 , 2
26 92 127 211 217 265 281 286 311 321 323 366 395 420 440 441 466 485 556 599 631 641 652 665 707 760 771 782 788 809 904 909 920 1013 1017 1138 1142 1206 1215 1216 1227 1234 1236 1262 1309 1382 1396 1601 1624 1879 1891 1958 2441 2491 2505 2721 2752 3412 , 3 % 58 , 1
69 1603 1641 1648 1655 1673 1692 1695 1701 1729 1791 1841 1901 1910 1980 2004 2037 2105 2131 2149 2150 2151 2162 2224 2236 2241 2242 2262 2307 2308 2326 2336 2351 2363 2385 2432 2459 2464 2508 2526 2530 2537 2542 2560 2579 2598 2600 2608 2670 2729 2783 2801 2827 2858 2877 2883 2890 2950 2953 2984 2996 3011 3049 3069 3160 3165 3184 3200 3204 3238 3305 3308 3310 3324 3339 3464 3492 3501 3550 3620 3640 3695 3701 3752 3797 3800 , 0 2 5 % 86 , 3
3 33 90 98 101 103 122 135 148 177 180 185 206 293 313 320 392 412 424 437 459 468 473 491 492 514 516 518 520 536 542 543 553 568 620 650 668 723 745 767 776 781 792 802 811 816 823 836 845 849 858 866 882 898 928 953 970 976 993 995 1011 1034 1057 1075 1113 1149 1152 1156 1160 1163 1166 1235 1249 1263 1264 1267 1298 1299 1328 1329 1330 1335 1339 1359 1369 1370 1371 1374 1388 1397 1401 1402 1446 1464 1469 1471 1481 1497 1509 1516 1543 1578 1583 1630 1631 1632 1635 1638 1639 1643 1659 1663 1665 1683 1702 1718 1721 1722 1724 1732 1750 1753 1817 1840 1860 1870 1900 1912 1917 1935 1940 1948 1960 1963 1975 1977 2074 2082 2089 2116 2122 2139 2148 2152 2166 2174 2176 2177 2179 2180 2187 2204 2235 2243 2314 2322 2340 2348 2358 2370 2391 2393 2395 2424 2433 2436 2442 2446 2449 2465 2481 2489 2492 2501 2503 2510 2519 2536 2562 2575 2585 2587 2601 2653 2654 2678 2692 2704 2708 2746 2754 2762 2763 2782 2798 2805 2826 2853 2902 2937 2945 2951 2987 3004 3024 3041 3047 3062 3063 3065 3068 3082 3083 3086 3097 3102 3105 3106 3110 3152 3154 3219 3259 3263 3266 3268 3289 3313 3332 3343 3372 3384 3400 3403 3423 3434 3445 3451 3452 3454 3471 3474 3476 3482 3485 3523 3560 3573 3609 3650 3666 3678 3714 3742 3744 3792 , 1 % 256 , 1
20 59 60 76 89 94 110 130 156 157 174 196 215 226 234 245 488 498 504 509 530 550 578 587 602 639 700 714 763 778 794 808 822 840 862 867 934 940 952 965 977 1014 1048 1067 1078 1081 1114 1125 1132 1144 1150 1171 1173 1174 1265 1290 1347 1384 1470 1505 1520 1524 1577 1617 3449 3575 , 0 2 % 66 , 2
1456 1518 1713 1770 1787 1798 1810 1815 1846 1847 1861 1864 1873 1921 1969 1989 2006 2024 2025 2059 2061 2106 2129 2135 2164 2165 2195 2217 2256 2342 2353 2362 2404 2451 2483 2531 2545 2546 2554 2567 2614 2624 2638 2641 2644 2664 2673 2724 2769 2796 2797 2810 2830 2835 2836 2847 2855 2863 2884 2885 2886 2969 2981 2982 3002 3142 3159 3177 3183 3203 3215 3251 3255 3300 3303 3304 3306 3322 3325 3328 3331 3334 3350 3371 3382 3512 3525 3547 3567 3579 3619 3624 3626 3628 3633 3637 3689 3705 3712 3760 3771 3782 3791 3801 , 0 1 5 % 104 , 3
1712 1713 1774 1779 1782 1815 1826 1847 1861 1864 1890 1921 2059 2067 2129 2135 2188 2195 2294 2302 2327 2343 2404 2483 2531 2545 2565 2567 2613 2614 2624 2638 2652 2664 2769 2797 2847 2855 2874 2969 2981 3017 3043 3070 3148 3159 3177 3183 3251 3269 3300 3303 3304 3306 3322 3325 3328 3334 3361 3382 3525 3619 3624 3626 3633 3637 3689 3705 3771 , 0 2 5 % 69 , 3
1 2 8 11 15 21 24 34 35 36 37 38 42 93 99 102 114 121 141 144 147 160 163 169 176 189 194 195 200 204 205 224 227 229 236 239 241 243 246 250 251 253 254 256 266 268 270 271 273 278 285 290 291 295 301 321 325 328 338 350 353 368 371 380 381 383 384 388 410 414 426 428 429 430 433 453 455 457 467 469 484 485 493 504 505 512 529 531 539 546 560 561 567 569 581 583 589 592 593 609 610 614 615 617 618 627 634 652 654 660 665 666 679 681 689 709 718 758 782 784 796 797 798 801 805 810 832 838 864 868 872 893 908 911 918 919 924 933 934 941 942 951 959 961 962 964 969 978 987 990 999 1012 1015 1021 1029 1035 1037 1039 1041 1043 1045 1065 1067 1070 1074 1081 1083 1084 1092 1097 1109 1134 1136 1148 1151 1173 1187 1201 1220 1221 1226 1244 1255 1266 1274 1288 1291 1293 1313 1323 1333 1334 1338 1340 1343 1344 1350 1356 1377 1378 1380 1392 1399 1400 1403 1408 1423 1430 1431 1437 1445 1454 1457 1463 1466 1484 1494 1496 1500 1504 1517 1522 1524 1547 1555 1560 1565 1582 1594 1596 1600 1605 1606 1623 1626 1669 2431 3072 3131 3147 3294 3408 3446 3473 , 5 % 244 , 1
12 47 53 70 72 102 145 171 179 184 235 252 258 275 279 284 305 336 342 344 354 362 375 401 403 432 438 440 486 502 533 540 541 549 556 573 585 588 599 603 607 621 622 625 635 676 698 720 726 727 728 742 766 768 774 860 879 887 1008 1013 1017 1036 1047 1054 1088 1093 1095 1107 1110 1111 1123 1127 1143 1177 1188 1191 1192 1205 1214 1216 1222 1230 1231 1237 1279 1325 1348 1353 1376 1443 1447 1465 1526 1534 1538 1559 1579 1625 , 1 % 98 , 1
4 10 62 77 88 105 113 175 197 233 249 262 264 280 310 330 416 511 532 564 565 582 597 605 610 623 637 645 691 702 710 717 749 765 863 878 892 894 943 950 1003 1051 1055 1098 1129 1133 1194 1199 1209 1239 1245 1248 1276 1320 1357 1358 1367 1425 1452 1472 1475 1531 1557 1574 1598 , 2 5 % 65 , 2
5 7 10 16 25 27 28 31 40 44 55 56 57 58 61 62 63 75 83 88 106 114 120 122 128 136 148 159 161 164 167 171 172 175 177 179 184 185 195 197 204 206 218 220 229 234 243 249 252 280 281 287 290 291 301 305 310 313 314 322 332 333 335 353 354 371 386 387 388 400 404 411 416 417 418 421 434 436 439 459 461 463 473 491 498 502 508 522 528 529 532 544 557 558 564 566 586 588 602 605 607 608 609 613 618 623 626 635 645 649 668 682 686 691 700 704 710 718 719 729 749 755 759 761 765 770 773 781 785 789 795 797 799 806 816 822 837 838 840 843 861 863 871 872 879 887 888 892 894 895 896 902 916 917 919 928 932 935 939 942 949 950 957 959 960 964 967 971 972 975 981 982 986 989 994 996 997 1010 1014 1029 1039 1043 1047 1049 1051 1055 1058 1072 1080 1084 1087 1091 1098 1103 1114 1116 1118 1119 1134 1136 1138 1141 1142 1149 1151 1164 1170 1171 1174 1185 1187 1194 1199 1205 1228 1238 1239 1254 1260 1266 1271 1274 1280 1306 1308 1320 1327 1328 1335 1344 1351 1353 1357 1358 1359 1362 1363 1373 1384 1394 1395 1405 1407 1408 1419 1423 1425 1433 1444 1455 1459 1465 1466 1472 1475 1477 1489 1492 1498 1523 1528 1530 1531 1537 1540 1545 1552 1557 1559 1598 1605 1611 1665 1675 1679 1710 1746 1760 1814 1821 1863 1882 1883 1884 1938 1974 2014 2040 2074 2148 2152 2197 2222 2332 2360 2369 2445 2477 2520 2563 2583 2619 2655 2678 2693 2694 2719 2745 2747 2758 2776 2780 2786 2804 2806 2821 2824 2829 2838 2859 2876 2881 2888 2914 2947 2991 3042 3062 3073 3104 3157 3170 3180 3189 3237 3320 3340 3367 3374 3402 3418 3420 3424 3427 3432 3435 3449 3467 3509 3553 3574 3577 3608 3636 3650 3791 3804 , 4 % 357 , 1
10 17 23 62 77 88 105 113 128 170 175 197 212 219 233 255 262 264 272 330 348 355 365 385 416 431 436 470 483 511 519 532 554 564 565 582 584 597 605 608 610 619 623 637 641 645 672 691 692 702 710 711 717 721 743 749 765 817 863 878 892 943 950 1003 1005 1015 1031 1044 1046 1051 1055 1098 1112 1122 1131 1133 1140 1155 1159 1161 1194 1199 1209 1233 1239 1245 1248 1276 1300 1301 1312 1320 1357 1358 1366 1367 1418 1425 1450 1452 1472 1512 1527 1531 1557 1562 1574 1598 , 1 5 % 108 , 2
2 3 9 20 24 53 60 63 87 94 110 121 133 147 157 158 160 169 183 186 208 229 234 250 254 255 271 285 287 320 332 346 350 361 364 368 371 375 383 384 399 400 406 410 419 431 432 434 439 445 471 484 488 494 495 498 499 500 501 523 537 547 551 558 560 561 570 578 611 616 621 637 643 651 655 672 679 683 684 700 722 723 728 742 743 754 757 785 792 807 817 822 830 832 838 843 855 856 862 867 871 873 884 886 911 940 951 954 965 982 998 1006 1012 1014 1024 1025 1028 1033 1048 1060 1069 1080 1083 1109 1116 1119 1121 1137 1140 1146 1163 1165 1171 1174 1208 1214 1228 1256 1257 1260 1266 1274 1278 1308 1331 1332 1338 1348 1349 1350 1363 1375 1376 1379 1384 1406 1417 1418 1429 1437 1463 1470 1487 1489 1491 1492 1497 1504 1522 1546 1548 1562 1582 1583 1585 1605 1611 1613 1620 1626 1631 1637 1638 1650 1666 1671 1672 1676 1700 1711 1725 1731 1740 1745 1747 1781 1788 1799 1806 1818 1827 1837 1845 1850 1852 1857 1866 1876 1886 1889 1895 1909 1917 1922 1927 1941 1952 1962 1979 1991 2008 2017 2035 2068 2073 2087 2094 2103 2136 2141 2142 2155 2168 2170 2178 2189 2190 2201 2210 2211 2231 2232 2240 2244 2257 2272 2277 2284 2286 2291 2317 2324 2333 2347 2374 2386 2388 2405 2414 2428 2433 2447 2449 2450 2467 2479 2488 2503 2521 2527 2540 2548 2549 2556 2564 2574 2580 2585 2596 2601 2605 2639 2645 2646 2650 2658 2668 2676 2689 2716 2717 2733 2749 2756 2757 2779 2808 2823 2839 2843 2850 2851 2867 2873 2893 2905 2910 2911 2951 2952 2955 2959 2963 2975 2976 2985 2998 3003 3009 3010 3026 3050 3059 3076 3095 3098 3099 3108 3111 3113 3117 3129 3185 3188 3195 3197 3219 3221 3222 3272 3278 3292 3299 3327 3329 3343 3349 3352 3375 3376 3379 3380 3394 3399 3450 3453 3465 3469 3474 3480 3482 3490 3515 3517 3524 3533 3535 3568 3588 3590 3597 3615 3635 3657 3662 3663 3664 3683 3715 3718 3724 3741 3743 3749 3753 3765 3772 3786 3789 3794 3802 , 3 % 391 , 1
