843
306
387
277
962
585
535
862
354
812
783
1089
979
581
958
73
421
858
1287
800
779
292
650
1027
469
927
440
898
209
565
646
536
28
994
457
9
734
357
815
286
1142
1121
634
715
890
861
680
303
1159
651
630
580
530
501
480
401
1055
547
795
389
745
1232
318
1153
666
1103
1074
1024
537
516
487
662
54
860
941
810
781
1108
681
194
173
1008
500
937
827
806
1285
1235
677
517
119
598
975
90
904
846
796
115
942
434
57
892
1169
305
763
742
105
432
1167
659
151
449
428
928
72
349
320
903
526
395
1251
853
1201
166
493
6
841
922
435
414
762
385
997
968
808
679
579
529
42
675
298
67
546
1310
794
265
236
1181
34
1000
513
950
740
232
690
1148
263
153
988
938
53
3
128
1065
905
884
20
784
1132
1082
218
626
118
822
293
772
751
264
135
970
949
920
891
870
820
333
262
589
539
916
408
887
837
816
329
308
1114
229
606
577
964
477
398
246
1060
15
960
473
952
423
881
571
84
1029
919
369
848
340
667
261
240
1096
211
567
161
1
1194
707
534
47
26
484
455
832
426
753
732
1190
703
682
276
653
951
830
343
678
1107
570
41
33
12
978
1334
868
818
797
1255
747
1095
697
668
639
508