33 98 106 121 122 124 153 168 184 191 211 236 254 267 270 306 327 377 383 389 560 673 684 699 736 784 845 851 920 1035 1042 1103 1150 1172 1233 1294 , 3 % 36 , 1
349 791 807 816 820 821 826 852 866 868 877 881 882 913 938 974 990 999 1020 1035 1042 1060 1081 1096 1112 1121 1131 1150 1173 1182 1186 1187 1192 1211 1226 1232 1234 1243 1247 1248 1253 1272 1287 1295 1308 1309 1340 1356 1365 , 0 % 49 , 1
766 772 779 821 827 833 840 847 882 886 893 894 908 909 937 949 955 962 1004 1008 1015 1016 1030 1031 1059 1069 1076 1077 1091 1120 1126 1130 1132 1138 1145 1152 1187 1193 1199 1206 1248 1254 1260 1267 1274 1309 1313 1315 1321 1328 1330 1335 1370 , 1 % 53 , 1
13 19 59 62 74 98 99 106 109 120 121 126 135 138 151 153 168 173 184 185 194 200 220 223 231 254 287 291 303 304 341 343 358 359 372 375 377 386 388 389 394 416 420 426 448 463 465 492 493 512 516 529 542 543 560 562 563 581 602 606 655 656 673 684 692 701 732 740 , 1 % 68 , 1
26 86 123 156 189 209 217 222 230 233 241 374 380 400 418 429 478 480 494 538 554 561 593 612 651 653 666 719 721 729 748 749 753 771 781 786 793 819 825 832 847 854 880 893 908 915 947 954 964 969 976 1002 1015 1037 1076 1098 1137 1139 1147 1152 1159 1185 1191 1198 1200 1208 1213 1220 1246 1252 1259 1261 1269 1274 1281 1307 1320 1322 1330 1335 1342 1368 , 2 % 82 , 1
1 15 19 20 28 29 38 51 54 55 57 64 66 72 82 101 102 128 131 136 137 138 150 152 160 164 188 193 199 205 206 215 223 229 250 253 263 269 271 274 308 311 316 340 364 381 387 422 432 434 439 451 462 464 468 484 503 507 508 513 515 530 534 567 572 580 590 594 597 607 608 613 622 624 634 642 652 664 690 701 707 708 712 720 722 724 743 744 746 755 , 0 % 90 , 1
4 15 17 21 29 30 31 50 58 60 73 79 100 103 110 119 126 130 140 141 143 147 155 158 175 186 190 192 201 209 213 225 232 246 247 255 268 282 288 293 294 298 300 311 315 331 335 337 352 360 382 410 415 417 450 457 491 496 522 536 545 547 553 558 559 564 571 577 578 585 592 620 627 629 631 632 670 681 682 683 698 702 707 750 754 773 781 794 834 842 855 895 900 903 914 916 936 956 977 1017 1022 1025 1038 1058 1078 1083 1086 1097 1099 1119 1160 1221 1282 1343 , 2 % 114 , 1
2 11 15 26 29 58 66 70 73 88 101 119 127 143 145 157 165 171 175 178 181 188 190 198 201 228 237 245 255 256 268 281 282 310 320 335 351 360 371 387 403 415 445 449 450 458 491 496 497 518 523 547 590 599 625 632 633 635 639 644 652 653 660 663 670 671 672 681 682 683 689 698 702 705 716 721 725 733 741 778 800 801 814 839 849 861 862 900 907 910 922 936 971 983 984 1022 1029 1032 1044 1058 1083 1090 1093 1105 1119 1144 1166 1167 1205 1227 1228 1266 1288 1289 1327 1349 1350 1363 , 1 % 118 , 1
5 12 13 25 28 67 68 69 83 95 112 149 151 163 167 169 179 200 239 262 271 279 296 303 304 321 367 370 378 388 390 405 406 430 433 474 483 488 492 506 526 527 588 595 598 617 619 656 657 730 751 769 775 777 780 796 804 820 823 829 838 841 857 865 881 891 897 902 918 926 928 945 952 958 960 963 979 987 988 1012 1040 1048 1050 1064 1080 1101 1109 1111 1125 1128 1134 1141 1143 1146 1162 1170 1179 1186 1189 1195 1202 1204 1207 1223 1240 1247 1250 1256 1263 1265 1268 1284 1301 1308 1318 1324 1329 1353 1369 , 3 % 119 , 1
3 19 22 24 27 39 62 72 74 108 109 120 135 136 138 144 162 182 185 200 203 210 218 220 223 251 267 287 308 323 343 354 355 358 372 375 381 384 386 393 412 416 420 422 423 426 434 441 442 448 453 455 463 482 493 512 521 531 542 552 563 572 576 597 602 607 610 611 646 655 692 695 696 699 701 713 726 732 756 759 783 790 805 806 830 836 844 866 867 905 906 912 927 966 973 988 989 1019 1027 1028 1034 1049 1088 1089 1095 1110 1135 1149 1156 1171 1196 1210 1217 1231 1232 1257 1271 1278 1292 1293 1332 1333 1339 1354 1355 , 3 % 125 , 1
99 227 465 593 604 727 732 765 766 780 784 787 792 799 805 808 815 817 822 827 828 833 841 845 848 853 854 860 869 874 876 878 883 887 888 902 906 921 927 929 937 942 943 948 949 963 967 975 982 988 991 998 1000 1003 1004 1005 1009 1010 1024 1028 1035 1043 1049 1051 1059 1064 1065 1066 1070 1085 1089 1097 1104 1110 1113 1120 1125 1126 1132 1138 1146 1153 1158 1159 1165 1171 1174 1179 1181 1183 1188 1191 1193 1199 1204 1207 1213 1214 1219 1220 1235 1240 1242 1244 1249 1252 1254 1260 1268 1275 1280 1281 1287 1288 1293 1296 1301 1302 1303 1305 1307 1310 1314 1315 1329 1333 1348 1354 1357 1364 1369 1370 , 0 % 132 , 1
1 18 23 42 46 52 76 92 107 114 131 150 154 166 195 197 207 208 212 244 249 252 266 277 278 286 289 295 297 302 305 307 317 318 326 345 385 391 395 414 419 425 432 452 459 460 468 470 473 490 505 509 525 535 538 548 556 565 566 567 575 580 586 587 591 605 650 662 687 688 693 711 717 722 724 729 731 738 742 762 768 777 787 803 813 821 826 848 864 874 878 882 884 890 899 909 925 942 951 970 986 996 1003 1006 1013 1021 1024 1047 1067 1073 1074 1082 1085 1108 1134 1153 1169 1183 1187 1192 1214 1230 1234 1238 1239 1244 1245 1248 1253 1275 1291 1295 1298 1305 1306 1309 1311 1317 1326 1336 1345 1352 1362 , 3 % 143 , 1
7 18 25 34 93 95 97 172 178 181 277 280 283 285 286 307 318 322 326 401 419 421 425 497 502 535 537 561 569 583 591 636 649 658 667 711 739 764 765 766 772 779 780 787 815 816 820 821 826 827 833 840 841 848 876 877 881 882 886 887 888 894 901 902 909 937 938 941 942 943 948 949 955 962 963 970 998 999 1003 1004 1008 1009 1010 1016 1023 1024 1030 1031 1059 1060 1063 1064 1065 1069 1070 1071 1077 1084 1085 1091 1092 1120 1121 1124 1125 1126 1130 1131 1132 1138 1145 1146 1153 1181 1182 1186 1187 1191 1192 1193 1199 1206 1207 1214 1242 1243 1247 1248 1253 1254 1260 1267 1268 1275 1303 1304 1308 1309 1313 1314 1315 1321 1328 1329 1336 1364 1365 1369 1370 , 2 % 149 , 1
4 7 18 21 25 50 93 95 97 100 103 110 130 156 158 186 189 250 277 285 286 300 307 311 315 318 326 352 360 401 419 425 429 494 502 535 545 553 554 558 569 571 577 583 585 591 620 629 636 651 653 658 707 711 739 750 753 764 771 773 781 786 788 793 794 815 816 819 825 832 834 842 854 855 876 877 880 888 895 903 915 916 938 941 943 947 954 956 964 969 976 977 998 999 1002 1010 1017 1025 1037 1038 1059 1060 1063 1065 1071 1078 1086 1098 1099 1121 1124 1126 1137 1139 1147 1154 1159 1160 1181 1182 1185 1191 1198 1200 1208 1213 1215 1220 1221 1242 1243 1246 1252 1259 1261 1269 1276 1281 1282 1303 1304 1307 1320 1322 1337 1342 1343 1364 1365 1368 , 1 % 150 , 1
11 15 29 51 55 58 64 71 73 79 81 84 86 89 96 101 102 104 118 123 129 140 143 146 147 152 160 164 171 172 193 198 205 215 230 237 238 246 253 255 257 258 261 269 272 274 280 322 324 325 331 332 334 335 337 342 346 363 365 369 387 398 408 410 411 415 439 449 450 458 464 484 491 496 508 511 532 539 544 550 557 559 564 590 594 608 613 622 630 631 632 633 642 660 664 702 706 719 720 743 750 754 755 758 760 764 766 767 778 793 828 886 889 895 900 910 944 947 949 950 954 956 965 971 976 978 1005 1008 1010 1011 1017 1022 1032 1037 1038 1044 1066 1068 1069 1071 1072 1078 1079 1083 1086 1087 1093 1098 1099 1100 1127 1130 1132 1133 1139 1140 1148 1154 1188 1194 1255 1313 1315 1322 1323 1327 1331 1337 1338 1342 1344 1349 1371 , 3 % 173 , 1
8 35 36 43 44 46 48 52 53 54 56 57 61 77 84 87 111 113 114 116 117 125 132 133 149 167 169 177 183 187 196 197 199 206 221 240 243 257 260 263 264 265 273 275 289 292 295 296 301 313 316 317 328 333 338 339 344 353 362 364 366 385 391 392 397 399 402 405 407 409 424 430 431 437 438 444 454 468 469 471 472 473 477 483 485 486 490 499 504 507 513 515 519 520 524 526 530 533 548 584 595 596 598 600 609 614 616 623 626 634 637 638 641 643 645 648 661 665 675 676 679 686 687 688 690 697 700 703 704 712 717 718 723 735 737 747 752 776 784 791 797 837 845 852 858 898 913 918 919 959 967 980 1020 1035 1040 1041 1081 1096 1101 1102 1142 1150 1157 1163 1203 1211 1218 1224 1264 1272 1279 1285 1325 1333 1340 1346 , 1 % 176 , 1
3 5 19 22 24 28 39 41 45 47 62 72 74 80 98 106 108 109 112 120 121 135 136 138 139 144 153 161 163 176 191 202 203 207 210 211 212 223 239 244 254 263 267 270 271 299 306 308 321 323 327 354 356 358 370 376 378 381 383 389 393 412 414 416 422 432 434 442 448 453 455 468 474 481 487 493 495 512 531 542 551 552 560 563 572 573 597 602 607 611 615 655 662 677 692 699 701 713 724 730 756 775 783 790 796 797 802 803 804 836 844 851 857 858 863 864 865 897 905 912 918 919 925 958 966 973 979 980 986 987 1019 1027 1034 1040 1041 1047 1080 1088 1095 1101 1102 1107 1108 1141 1149 1156 1162 1163 1168 1169 1170 1202 1210 1217 1223 1224 1229 1230 1231 1237 1263 1271 1278 1284 1285 1290 1291 1292 1324 1332 1339 1345 1346 1351 1352 1353 , 2 % 176 , 1
7 12 16 35 36 44 46 53 56 60 63 65 67 75 80 83 93 96 97 106 108 109 114 115 117 118 125 132 140 141 147 149 154 155 156 158 163 174 179 183 187 189 197 207 208 209 212 221 228 232 234 235 239 243 244 247 256 257 259 262 264 273 279 282 285 290 293 294 295 299 301 302 304 313 317 319 329 331 333 339 348 356 358 360 362 363 369 370 373 378 385 391 396 399 401 402 403 410 414 419 424 425 429 433 446 455 456 461 467 473 474 479 481 489 490 491 493 494 502 504 505 506 512 514 517 523 526 527 532 535 536 542 548 553 554 555 559 564 566 569 571 573 575 578 583 601 602 614 618 626 627 630 631 635 636 638 644 645 651 655 659 662 665 672 678 681 688 689 710 711 714 717 719 730 734 739 751 754 757 761 911 918 925 1040 1094 1101 1162 1345 , 0 % 188 , 1
27 30 33 41 42 45 47 59 69 77 78 86 95 124 134 139 162 169 173 176 178 181 182 202 218 224 266 280 296 306 326 355 390 397 406 407 421 423 469 482 495 497 509 533 537 561 588 610 612 615 617 649 650 657 661 667 675 677 687 721 726 729 736 747 759 769 771 774 775 778 782 788 801 804 810 811 818 824 831 835 836 843 844 849 856 858 863 865 871 872 879 884 885 891 892 893 895 896 897 900 903 916 926 931 932 933 940 946 953 954 956 957 958 965 971 984 987 993 994 1001 1006 1007 1013 1014 1015 1017 1018 1019 1022 1025 1026 1027 1032 1038 1041 1045 1048 1053 1054 1055 1062 1067 1074 1076 1078 1079 1080 1083 1086 1099 1106 1109 1114 1115 1116 1123 1129 1136 1140 1141 1148 1154 1167 1170 1176 1177 1184 1190 1197 1201 1202 1209 1210 1215 1224 1229 1231 1237 1238 1245 1251 1258 1262 1263 1270 1271 1276 1283 1290 1292 1298 1299 1311 1318 1320 1322 1323 1324 1327 1330 1331 1334 1337 1343 1350 1353 1358 1359 1360 , 0 % 209 , 1
0 1 2 3 5 6 8 11 14 22 24 32 37 39 40 48 50 52 58 62 70 71 73 74 76 81 84 85 88 89 91 92 94 98 100 103 104 105 110 112 113 116 120 121 127 129 130 135 142 143 144 146 148 150 153 157 161 165 171 175 177 186 191 196 198 201 203 210 211 214 228 237 238 240 245 254 255 258 260 261 267 270 272 275 276 281 289 292 309 310 321 323 324 325 327 328 332 334 335 336 342 344 346 347 348 354 357 361 365 366 367 368 371 376 379 383 389 393 398 408 411 412 413 415 416 428 438 440 442 443 445 447 448 449 450 453 458 472 475 477 485 486 487 496 500 510 511 518 519 520 528 531 539 540 541 544 545 547 549 550 551 552 557 558 560 563 568 570 577 582 585 595 599 603 609 611 616 620 621 623 625 628 629 632 633 637 639 640 647 653 654 660 663 669 670 680 682 683 685 692 697 698 699 700 702 704 705 706 709 713 715 718 725 733 735 737 741 750 753 756 758 760 , 0 % 222 , 1
0 1 3 5 9 10 12 14 20 22 23 24 27 28 32 33 39 40 41 42 45 47 67 68 69 72 76 78 80 82 83 90 92 107 108 112 121 122 124 131 134 136 137 139 144 150 154 161 162 163 166 176 179 182 191 195 202 203 204 207 208 210 211 212 218 219 227 236 239 244 249 251 252 262 266 267 270 271 278 279 284 297 299 302 305 306 308 309 314 321 323 327 340 343 345 349 350 354 355 356 357 367 370 373 376 378 381 383 384 385 390 393 406 412 414 422 423 427 432 433 434 435 441 442 451 452 453 455 459 460 461 462 467 470 474 481 482 487 488 495 505 506 509 521 525 526 527 531 534 546 551 552 556 565 566 567 572 573 574 575 576 579 580 586 587 588 589 597 604 605 607 610 611 615 617 619 624 646 650 657 662 674 677 685 693 695 696 699 713 715 722 724 726 727 730 731 736 738 742 744 746 751 756 759 798 806 859 867 920 928 974 981 989 1042 1050 1103 1111 1164 1172 1225 1233 1286 1294 1347 1355 , 1 % 225 , 1
4 9 10 17 18 21 23 25 26 31 43 49 61 68 79 87 90 111 119 133 145 159 166 167 170 180 190 192 204 213 216 217 222 225 226 233 242 246 248 249 251 252 265 268 277 278 283 286 287 288 297 298 300 302 305 306 307 312 314 315 318 320 329 330 337 338 343 351 352 353 372 375 380 382 384 392 395 400 404 405 409 417 430 431 435 436 437 441 444 452 454 457 459 460 466 470 471 476 480 483 488 498 499 501 521 522 524 525 538 546 556 565 574 576 579 584 586 587 589 591 592 596 598 600 605 619 641 643 646 648 658 666 668 671 674 676 679 686 691 693 694 695 696 703 716 723 728 731 738 742 745 748 749 752 763 770 783 789 790 795 796 797 802 803 850 851 857 864 904 905 910 912 917 919 923 924 966 972 973 978 979 980 985 986 1033 1034 1039 1041 1046 1047 1068 1075 1087 1088 1093 1095 1100 1102 1107 1108 1149 1155 1156 1161 1163 1168 1169 1216 1217 1222 1223 1230 1277 1278 1284 1285 1291 1312 1319 1332 1338 1339 1344 1346 1351 1352 1367 , 0 % 227 , 1
13 34 107 122 123 126 151 168 172 184 185 194 195 200 219 220 230 231 236 241 284 291 303 322 341 345 350 359 374 377 386 388 394 418 420 421 426 427 463 478 492 516 529 543 562 581 606 612 656 673 684 740 762 764 767 768 772 773 777 779 781 785 786 793 794 800 809 812 813 814 819 823 825 829 830 832 834 838 839 840 842 846 847 855 861 862 870 873 875 880 886 889 890 894 899 901 907 908 909 914 915 922 930 934 935 936 939 941 944 945 947 950 951 952 955 960 961 962 964 968 969 970 976 977 983 992 995 996 997 1002 1008 1011 1012 1016 1021 1023 1029 1030 1031 1036 1037 1044 1052 1056 1057 1058 1061 1063 1069 1071 1072 1073 1077 1082 1084 1090 1091 1092 1098 1105 1117 1118 1119 1122 1124 1127 1128 1130 1133 1134 1135 1137 1139 1143 1144 1145 1147 1151 1152 1159 1160 1166 1175 1178 1180 1185 1189 1191 1194 1195 1196 1198 1200 1205 1206 1208 1212 1221 1227 1228 1236 1239 1241 1246 1250 1255 1256 1257 1259 1261 1265 1266 1267 1269 1273 1274 1282 1289 1297 1300 1306 1313 1316 1317 1321 1326 1328 1335 1336 1341 1342 1349 1361 1362 1363 1366 1368 1371 , 0 % 238 , 1
0 1 9 10 14 20 23 32 38 40 48 51 53 54 57 64 67 76 82 90 92 107 113 114 116 125 131 137 142 150 160 167 169 177 179 195 196 199 206 215 219 227 240 243 249 251 253 260 275 278 284 287 292 296 302 304 305 309 313 314 316 333 340 343 344 345 357 364 366 372 373 375 384 390 395 427 433 435 438 441 451 452 459 460 461 462 467 472 477 485 486 505 507 513 515 519 521 525 526 530 534 542 546 567 574 576 579 580 587 588 589 594 595 604 605 608 609 616 617 623 624 634 637 646 657 664 674 679 685 690 693 695 697 700 704 708 712 715 718 722 727 737 744 746 762 768 769 789 795 809 810 811 818 823 829 830 838 850 856 870 871 872 879 884 890 891 904 911 917 923 924 926 931 932 933 945 951 952 972 978 985 992 993 994 1001 1006 1012 1013 1033 1039 1046 1048 1053 1054 1055 1067 1073 1074 1094 1100 1109 1114 1115 1116 1128 1134 1135 1155 1161 1176 1177 1184 1189 1195 1196 1216 1222 1236 1237 1238 1245 1250 1256 1257 1277 1283 1297 1298 1299 1306 1311 1317 1318 1338 1344 1359 1360 1367 , 2 % 238 , 1
2 11 13 27 31 33 37 43 49 55 61 63 65 66 70 77 88 89 94 99 101 105 118 122 124 126 127 129 133 145 151 157 159 165 168 170 171 173 174 182 184 185 188 198 200 218 220 224 226 228 231 235 236 237 238 242 245 250 256 259 265 272 281 303 310 312 319 320 324 329 330 332 334 338 346 347 349 350 351 353 355 359 362 363 365 369 371 377 386 387 388 392 397 398 403 405 411 413 420 426 431 437 440 445 449 456 458 463 466 469 475 479 483 492 498 501 510 511 514 516 517 518 523 524 528 532 540 549 582 590 599 600 601 610 619 621 625 628 633 635 639 641 643 644 647 648 652 656 659 660 663 668 669 671 672 673 678 684 686 689 691 694 703 705 710 714 716 725 726 732 733 734 736 741 745 757 759 760 767 778 785 788 792 800 814 822 828 839 846 849 853 875 883 885 907 910 922 944 950 961 968 971 975 983 997 1005 1007 1029 1032 1036 1044 1066 1090 1093 1105 1127 1133 1144 1151 1154 1158 1166 1180 1188 1194 1205 1212 1215 1219 1227 1241 1249 1255 1266 1273 1276 1280 1288 1302 1310 1316 1327 1334 1337 1341 1349 1363 1371 , 2 % 248 , 1
30 34 37 55 60 63 71 89 96 102 104 105 118 128 129 140 141 146 147 148 152 155 164 170 172 192 209 214 217 222 226 229 230 232 233 238 241 246 247 248 258 272 274 276 280 283 293 294 298 324 331 332 334 342 346 347 363 369 374 380 398 400 404 408 410 411 413 417 418 421 428 436 440 464 475 476 478 480 498 503 508 522 528 536 537 538 539 540 544 549 550 557 559 561 564 570 578 582 613 621 622 627 628 631 640 642 649 666 667 668 669 678 691 694 706 719 720 721 728 729 748 749 754 760 763 767 770 774 782 785 789 792 795 808 809 812 813 818 822 824 828 831 835 843 846 850 853 856 869 870 873 875 879 883 885 889 892 896 904 914 917 923 930 931 934 935 940 944 946 950 953 957 961 965 968 972 975 978 991 992 995 997 1001 1005 1007 1011 1014 1018 1026 1036 1039 1045 1052 1053 1056 1057 1062 1066 1068 1072 1075 1079 1087 1097 1100 1106 1113 1114 1117 1118 1123 1127 1129 1133 1136 1140 1148 1151 1155 1158 1161 1174 1175 1178 1180 1188 1190 1194 1197 1201 1205 1209 1212 1216 1219 1222 1235 1236 1241 1249 1251 1255 1258 1262 1270 1273 1277 1280 1283 1296 1297 1300 1302 1310 1312 1316 1319 1323 1331 1334 1338 1341 1344 1357 1358 1361 1362 1367 1371 , 1 % 269 , 1
6 16 17 31 38 49 51 64 65 75 79 81 85 86 91 94 115 123 142 159 160 164 174 180 193 205 213 215 216 224 225 234 235 242 253 259 261 269 288 290 312 319 322 325 329 330 336 337 348 361 365 368 379 382 395 396 439 443 446 447 456 457 466 479 484 489 500 501 510 511 514 517 532 541 555 568 592 593 594 601 603 608 612 618 630 647 654 659 664 680 703 708 709 710 714 734 743 745 755 757 758 761 762 768 769 775 777 783 790 796 799 802 803 804 805 807 810 811 817 823 829 830 836 838 844 851 857 860 863 864 865 866 868 871 872 874 878 884 890 891 897 899 905 906 911 912 921 924 925 926 927 929 932 933 939 945 951 952 958 960 966 973 979 982 985 986 987 988 990 993 994 996 1000 1006 1012 1013 1019 1021 1027 1028 1033 1034 1043 1046 1047 1048 1049 1051 1054 1055 1061 1067 1073 1074 1080 1082 1088 1089 1094 1095 1104 1107 1108 1109 1110 1112 1115 1116 1122 1128 1134 1135 1141 1143 1149 1156 1162 1165 1168 1169 1170 1171 1173 1176 1177 1179 1183 1184 1189 1195 1196 1202 1204 1210 1217 1223 1226 1229 1230 1231 1232 1234 1237 1238 1239 1240 1244 1245 1250 1256 1257 1263 1265 1271 1278 1284 1287 1290 1291 1292 1293 1295 1298 1299 1301 1305 1306 1311 1317 1318 1324 1326 1332 1333 1339 1345 1348 1351 1352 1353 1354 1356 1359 1360 1362 1366 , 1 % 286 , 1
0 4 7 8 9 10 14 20 21 26 32 35 36 40 48 50 53 54 61 63 77 78 80 82 90 100 119 130 133 137 141 145 158 161 170 183 189 190 196 199 204 206 209 212 217 222 224 226 228 232 242 247 248 260 263 264 268 275 282 285 290 293 298 299 300 309 313 314 315 320 328 333 340 349 351 352 356 357 373 374 376 380 397 399 400 401 404 407 409 417 429 435 436 437 451 461 462 466 467 469 471 476 477 480 481 485 486 487 498 499 504 505 513 515 519 520 522 533 534 536 545 546 551 553 555 569 571 573 574 577 578 579 583 584 585 589 593 596 609 616 618 624 627 629 635 636 641 643 645 648 658 661 668 671 674 675 676 679 681 685 686 689 691 707 712 715 716 721 723 725 728 737 739 744 746 747 748 749 752 765 772 786 799 802 807 809 810 811 812 815 816 817 818 831 833 840 842 847 860 863 868 869 870 871 872 873 876 877 879 901 908 921 929 931 932 933 934 935 937 938 939 948 955 968 982 990 992 993 994 995 998 999 1000 1001 1004 1009 1023 1030 1031 1051 1054 1055 1056 1057 1059 1060 1061 1065 1070 1084 1091 1092 1104 1112 1114 1115 1116 1117 1118 1120 1121 1122 1126 1131 1136 1138 1145 1151 1152 1158 1160 1165 1173 1175 1176 1177 1178 1182 1184 1197 1199 1206 1212 1213 1219 1221 1226 1229 1235 1236 1237 1242 1243 1251 1258 1260 1267 1269 1273 1274 1280 1282 1287 1290 1296 1297 1299 1300 1303 1304 1314 1328 1348 1356 1359 1360 1361 1364 1365 1366 1367 1370 , 3 % 322 , 1
6 8 12 16 35 36 42 44 46 52 56 59 68 69 71 75 78 81 83 84 85 87 91 96 102 104 111 115 117 128 132 134 146 148 149 152 154 162 164 166 180 183 187 193 194 197 204 205 208 214 216 221 229 234 248 252 257 258 261 262 264 266 269 273 274 276 279 289 290 291 295 297 301 317 325 328 336 339 341 342 348 361 367 368 369 379 385 391 394 396 399 402 404 406 407 408 409 423 424 428 430 436 439 443 444 446 447 454 464 465 470 471 473 476 482 484 488 489 490 499 500 503 504 506 508 509 520 527 529 533 539 541 543 544 548 550 555 556 557 562 565 566 568 570 575 581 584 586 596 598 603 606 613 614 618 622 626 630 638 640 642 645 650 654 661 665 675 676 680 687 688 696 706 709 717 720 723 728 731 735 738 740 742 743 747 751 752 755 758 761 763 770 774 776 777 782 784 791 798 799 801 805 806 807 808 809 812 813 817 824 831 835 837 838 843 845 852 859 860 861 862 866 867 868 869 873 874 878 889 892 896 898 899 906 913 920 921 927 928 929 930 934 935 939 940 946 953 957 959 960 965 967 974 981 982 983 984 988 989 990 991 995 996 1000 1011 1014 1018 1020 1021 1026 1028 1035 1042 1043 1045 1049 1050 1051 1052 1056 1057 1061 1062 1068 1072 1075 1079 1081 1082 1087 1089 1096 1103 1104 1106 1110 1111 1112 1113 1117 1118 1122 1123 1129 1136 1140 1142 1143 1148 1150 1157 1164 1165 1167 1171 1172 1173 1174 1175 1178 1179 1183 1190 1197 1201 1203 1204 1209 1211 1218 1225 1226 1228 1232 1233 1234 1235 1239 1240 1244 1251 1258 1262 1264 1265 1270 1272 1279 1286 1287 1289 1293 1294 1295 1296 1300 1301 1305 1312 1319 1323 1325 1326 1331 1333 1340 1347 1348 1350 1354 1355 1356 1357 1358 1361 1362 1366 , 2 % 377 , 1
2 6 16 17 30 31 34 37 38 43 44 49 56 57 60 63 65 66 70 75 85 87 88 91 93 94 97 103 110 111 113 115 116 117 125 127 132 142 148 155 156 157 159 165 174 175 177 178 180 181 186 187 188 192 201 213 214 216 221 225 233 234 235 240 241 243 245 250 256 259 261 265 273 276 281 283 288 292 294 301 310 311 312 316 319 329 330 336 338 339 344 347 348 353 360 361 362 364 366 368 371 379 382 392 396 402 403 418 421 424 428 431 438 443 444 445 446 447 454 456 457 472 478 479 489 494 497 500 501 502 503 507 510 514 517 518 523 524 530 532 537 541 547 554 558 561 568 570 582 592 599 600 601 603 612 614 620 623 625 626 628 634 637 638 639 640 644 647 649 651 652 653 654 659 663 665 666 667 670 672 678 680 682 683 690 694 697 698 700 703 704 705 707 708 709 710 714 718 733 734 735 741 745 753 757 761 763 770 771 773 774 779 781 782 785 788 789 792 794 795 800 801 808 814 819 822 824 825 827 832 834 835 839 843 846 849 850 853 854 855 856 861 862 875 880 883 885 887 892 893 894 896 903 904 907 911 914 915 916 917 922 923 924 930 936 940 941 943 946 953 957 961 962 964 969 972 975 977 983 984 985 991 997 1002 1007 1014 1015 1016 1018 1025 1026 1029 1033 1036 1039 1043 1045 1046 1052 1053 1058 1062 1063 1075 1076 1077 1090 1094 1097 1105 1106 1107 1113 1119 1123 1124 1129 1137 1144 1147 1155 1159 1161 1166 1167 1168 1174 1180 1181 1185 1190 1191 1193 1198 1200 1201 1205 1208 1209 1215 1216 1220 1222 1227 1228 1241 1246 1249 1252 1254 1259 1261 1262 1266 1270 1276 1277 1281 1283 1288 1289 1302 1307 1310 1312 1319 1320 1321 1330 1334 1335 1341 1343 1350 1351 1357 1358 1363 1368 , 3 % 379 , 1
60 140 141 147 155 158 209 232 247 282 293 294 331 360 410 491 536 553 559 564 571 578 627 631 681 754 , 0 2 % 26 , 2
67 167 169 179 296 304 390 433 526 588 595 617 657 769 823 829 838 891 926 945 952 1012 1048 1109 1128 1134 1189 1195 1250 1256 1318 , 2 3 % 31 , 2
31 49 65 94 159 174 224 235 242 259 312 319 329 330 365 456 466 479 501 510 511 514 517 532 601 647 659 703 710 714 734 745 757 , 1 2 % 33 , 2
107 195 219 284 345 427 762 768 809 823 829 830 838 870 890 945 951 952 992 1012 1073 1128 1134 1135 1189 1195 1196 1236 1250 1256 1257 1297 1306 1317 , 0 2 % 34 , 2
61 63 77 133 145 170 224 226 228 242 320 349 351 397 437 466 469 498 635 641 643 648 668 671 686 689 691 716 725 968 1151 1158 1212 1219 1273 1280 , 2 3 % 36 , 2
31 43 49 61 133 145 159 170 226 242 265 312 320 329 330 338 351 353 392 405 431 437 466 483 498 501 524 600 619 641 643 648 668 671 686 691 694 703 716 745 910 1093 , 0 2 % 42 , 2
17 30 31 60 103 110 155 175 186 192 201 213 225 288 294 311 360 382 457 547 558 592 620 670 682 683 698 707 773 781 794 834 855 903 914 916 936 977 1025 1058 1097 1119 1343 , 2 3 % 43 , 2
35 36 44 46 53 56 114 117 125 132 149 183 187 197 221 243 257 264 273 295 301 313 317 333 339 362 385 391 399 402 424 473 490 504 526 548 614 626 638 645 665 688 717 918 1040 1101 , 0 1 % 46 , 2
0 1 3 5 14 22 24 32 39 40 76 92 112 121 144 150 161 191 203 210 211 267 270 309 321 323 327 354 357 367 376 383 393 412 442 453 487 531 551 552 611 685 699 713 715 756 , 0 1 % 46 , 2
11 58 71 73 81 84 89 104 129 143 146 171 198 237 238 255 258 261 272 324 325 332 334 335 342 346 365 398 408 411 415 449 450 458 496 511 539 544 550 557 632 633 660 702 706 750 758 760 , 0 3 % 48 , 2
42 46 52 154 166 197 208 252 266 289 295 297 317 385 391 470 473 490 509 548 556 565 566 575 586 650 687 688 717 731 738 742 777 813 874 878 899 996 1021 1082 1183 1234 1239 1244 1295 1305 1326 1362 , 2 3 % 48 , 2
224 242 290 466 555 593 618 799 802 807 810 811 817 860 863 868 871 872 921 929 932 933 939 982 990 993 994 1000 1051 1054 1055 1061 1104 1112 1115 1116 1122 1165 1173 1176 1177 1184 1226 1229 1237 1287 1290 1299 1348 1356 1359 1360 1366 , 1 3 % 53 , 2
43 44 56 57 87 111 113 116 117 125 132 177 187 221 240 243 265 273 292 301 316 338 339 344 353 362 364 366 392 402 424 431 438 444 454 472 507 524 530 600 614 623 626 634 637 638 665 690 697 700 703 704 718 735 , 1 3 % 54 , 2
30 280 421 537 561 649 667 721 729 774 782 818 824 831 835 843 856 879 885 892 896 931 940 946 953 957 965 1001 1007 1014 1018 1026 1045 1053 1062 1079 1106 1114 1123 1129 1136 1140 1148 1190 1197 1201 1209 1251 1258 1262 1270 1283 1323 1331 1334 1358 , 0 1 % 56 , 2
42 59 69 78 134 162 266 406 407 423 482 509 533 650 661 675 687 747 774 782 801 824 831 835 843 892 896 940 946 953 957 965 984 1014 1018 1026 1045 1062 1079 1106 1123 1129 1136 1140 1148 1167 1190 1197 1201 1209 1251 1258 1262 1270 1323 1331 1350 1358 , 0 2 % 58 , 2
17 31 49 79 159 180 213 216 225 242 288 312 329 330 337 382 395 457 466 501 592 703 745 783 790 796 802 803 851 857 864 905 912 924 966 973 979 985 986 1033 1034 1046 1047 1088 1095 1107 1108 1149 1156 1168 1169 1217 1223 1230 1278 1284 1291 1332 1339 1351 1352 , 0 1 % 61 , 2
16 44 56 60 63 65 75 93 97 115 117 125 132 155 156 174 187 221 234 235 243 256 259 273 294 301 319 329 339 348 360 362 396 402 403 424 446 456 479 489 494 502 514 517 523 532 554 601 614 626 638 644 651 659 665 672 678 710 714 734 757 761 911 1094 , 0 3 % 64 , 2
4 9 10 21 26 61 90 119 133 145 170 190 204 217 222 226 242 248 268 298 300 314 315 320 351 352 380 400 404 409 417 435 436 437 466 471 476 480 498 499 522 546 574 579 584 589 596 641 643 648 658 668 671 674 676 679 686 691 716 723 728 748 749 752 802 1367 , 0 3 % 66 , 2
3 19 22 24 39 62 72 74 108 109 120 135 136 138 144 203 210 223 267 308 323 354 358 381 393 412 416 422 434 442 448 453 455 493 512 531 542 552 563 572 597 602 607 611 655 692 699 701 713 756 783 790 836 844 905 912 966 973 1019 1027 1034 1088 1095 1149 1156 1210 1217 1231 1271 1278 1292 1332 1339 , 2 3 % 73 , 2
71 96 102 104 128 146 148 152 164 214 229 248 258 274 276 342 369 404 408 428 436 464 476 503 508 539 544 550 557 570 613 622 640 642 706 720 728 763 770 774 782 808 809 812 813 824 831 835 843 869 873 889 892 896 930 934 935 940 946 953 957 965 991 995 1011 1014 1018 1026 1045 1052 1056 1057 1062 1068 1072 1075 1079 1087 1106 1113 1117 1118 1123 1129 1136 1140 1148 1174 1175 1178 1190 1197 1201 1209 1235 1251 1258 1262 1270 1296 1300 1312 1319 1323 1331 1357 1358 1361 1362 , 1 2 % 109 , 2
774 782 824 831 835 843 892 896 940 946 953 957 965 1014 1018 1026 1045 1062 1079 1106 1123 1129 1136 1140 1148 1190 1197 1201 1209 1251 1258 1262 1270 1323 1331 1358 , 0 1 2 % 36 , 3
