9948
43674
56332
25352
3498
29799
41157
53177
36220
3799
26064
52025
55995
7120
11060
14629
16938
50225
10738
24511
18246
39774
25171
32630
18287
1754
6802
33111
51215
21600
21647
10297
37511
36080
54468
45131
44016
36873
18551
19745
9355
44275
14660
32764
14489
3155
40384
48208
10598
14234
53083
55708
5547
1656
25102
33972
17788
13897
41883
17000
57109
40731
49183
48068
43766
56891
26601
6838
49266
25745
28998
33365
21854
9770
44507
10037
32213
52092
41513
55832
13253
961
33666
51224
33448
29729
55624
18550
25838
1846
14488
47480
22844
7554
25801
30464
6360
1354
53290
13336
28770
5245
52185
29200
2261
13128
29039
41581
9447
15229
48767
2562
13896
2344
47864
10435
55484
25698
32611
41674
6
14627
33063
34257
2655
1970
56225
44714
14928
5903
33364
22548
52116
54425
11217
33939
48906
56308
30162
9561
20960
21437
41304
37348
10087
9353
49358
45704
14487
55178
30463
45430
10388
36171
25355
51316
17277
36200
47572
36756
56168
52514
48558
31962
33804
6753
24829
49181
56469
13650
57117
5648
32165
27798
21598
18461
18527
17096
44968
44671
39837
3551
35946
48604
21343
56691
25961
42871
50491
47966
48080
52908
6638
41558
24897
43820
39864
24601
46606
13251
32299
40873
29162
2747
37347
3199
6939
40915
53323
49367
54984
56358
25628
51990
6197
55206
45221
22644
24953
49621
51290
54822
30347
3546
52305
18734
36838
24828
2144
9501
43773
25451
3597
44203
29898
48821
6270
6845
18044
1760
47757
29198
36111
24600
43648
2528
25326
33729
41349
1843
40664
52207
49366
36661
9361
44281
52466
10841
54775
18178
39956
45220
40965
17026
41158
13918
13135
21538
36972
52549
22151
44156
29087
18224
44949
44902
57073
51874
7446
55807
40010
21087
36054
51382
40566
48311
9500
9329
14634
3129
51174
10743
30439
26654
9055
14426
32701
29689
52864
55366
13741
21143
18618
9889
43865
33946
51267
17150
22596
3197
6154
1852
25844
9360
28801
19033
14027
37864
1644
56082
3735
13408
11033
51313
7352
25895
37438
26088
45011
21319
36753
7144
56620
9453
2138
52558
30345
33598
28152
55490
2360
14888
26352
24618
13268
29896
6552
36638
22818
37298
30438
39061
32700
29688
52080
53274
22294
36601
14217
28536
56806
33162
36902
5960
47510
40662
48170
41139
10409
25593
53320
2328
91
18176
25635
22688
48004
1435
3744
20888
7361
40755
46681
53205
10695
17584
6079
49461
7444
40055
57081
30136
40848
21878
24835
36128
55281
1819
10232
22034
11218
55073
13994
45404
50067
35999
22827
34054
55582
12125
3646
48698
10792
22085
7578
48402
21934
51265
48661
14191
36196
43655
44770
56780
5788
18917
26319
5751
25852
11078
45548
29535
43748
10393
11041
39963
6778
33295
41698
24741
9451
37228
7142
20916
17608
10931
1735
18268
44738
29919
29136
37539
2150
5653
6597
36854
37751
49044
10806
41299
13276
17209
36428
33652
13577
37051
13530
1128
28326
7587
41563
21150
56359
26494
40411
43664
48712
25917
22686
40244
21025
9942
56155
14609
51320
15190
47601
7188
37445
56664
10184
32360
44370
32189
10930
56390
45811
6829
52565
15024
17333
13691
28516
47202
37797
1827
19008
14469
47461
54749
22042
17208
2450
36153
2242
33989
6860
10115
17768
29232
22384
24693
56570
51848
3440
1687
45546
52471
37936
9988
3741
33044
17078
52263
55220
55049
29325
26628
47688
21792
34279
11090
2677
39794
1733
56455
10768
36551
10721
25984
25517
32726
29418
2978
51204
21418
36852
6128
37329
2941
32244
44254
18369
55080
26507
34127
5484
6132
41835
53346
11266
45452
41561
9427
55163
32586
45244
47553
10907
39943
42001
3019
37189
26326
55038
13880
18975
35418
56946
17030
44652
2884
57139
17823
56672
25225
13714
14658
3324
5633
18275
13190
3050
36389
7450
9588
51499
5716
14922
39886
45197
13273
5508
40428
20991
22833
34126
7609
6178
33488
13574
32326
29485
41844
21194
37888
24716
29018
32336
45461
3226
33950
52702
41570
41399
320
17558
1969
55700
45544
36740
18181
10206
28893
14107
14290
32678
33042
37489
22018
14408
29842
15068
48843
53039
2467
14449
3115
35977
53298
10558
32450
51498
22531
36133
43888
3179
29717
51461
17707
43851
13282
51799
33228
17215
36434
56847
51980
44054
15165
33269
53136
37887
56639
3509
14480
14013
7593
48495
18880
47551
1709
6441
10381
1968
3494
52970
14314
55538
1694
37150
9985
44438
2124
22509
11112
40588
13213
51901
57100
5631
33092
22276
47695
1740
11413
26676
33418
22785
34078
55310
21633
39919
26194
15331
17706
37118
44327
29975
29508
28314
48727
7291
41096
12912
56129
25083
33486
49397
45288
26032
7384
24516
44929
14531
31441
29030
52751
48795
36785
1930
54889
15220
33791
34985
55045
13249
21823
51947
35934
49536
40550
1786
9294
45645
20930
20759
40560
53000
43595
10556
13980
41286
29891
12865
1790
2984
21891
32240
7031
52729
5515
6393
36650
6709
56346
17690
22840
10612
25408
20790
40985
49141
4130
52538
37469
44928
13165
3492
20873
49489
18680
2169
28707
52760
52589
47689
5909
36109
3793
32218
18981
7009
9318
36618
57145
44440
26165
5676
52060
28474
17611
9530
55800
40833
44279
2215
16973
33416
2682
21614
35725
30469
51997
26466
21915
35984
34086
47527
6407
44751
55100
21707
41119
2775
3186
7040
10648
38023
56127
32824
31175
49395
6930
32124
41642
22205
51899
6277
49488
1975
41150
9483
11364
52588
48585
25759
51436
29158
49025
2706
13257
51228
17657
40595
36876
39833
44496
45643
44278
29459
49326
37079
37032
28992
48688
49052
3459
17703
41118
33508
52727
21681
18439
55696
54035
14548
33767
36440
1881
15171
21265
56645
46944
29282
18248
25457
43732
2612
13163
33813
33030
34224
36782
20881
32174
52587
18470
9991
26406
44194
14112
4505
47650
41734
7007
10480
22490
9575
32220
5466
3120
41609
10563
30430
45693
21705
20274
10355
44541
3421
48941
40650
10864
56561
41594
55446
29981
21005
55487
1880
36231
37175
25664
33284
33066
36023
26104
16949
51351
15004
36532
37476
39785
43741
41432
25182
25975
37268
5916
6030
36583
17146
24605
25720
37730
26380
5957
32266
37077
55144
56088
3675
44795
43134
55937
43643
44587
14972
14505
45484
13311
3249
18437
26057
2564
38067
29980
6465
10655
5780
41894
48524
9713
37174
26358
17804
48250
22249
24558
39809
33609
3305
5614
29606
32131
47394
48042
24770
25247
32390
6849
18001
1764
34273
49240
44985
14198
29165
44493
51235
52429
55635
22280
39840
30216
38191
14203
41607
37105
14462
22647
37614
10353
39923
11297
3466
13139
43392
41592
9458
14763
32867
33515
52734
48778
20857
13398
22165
43693
2106
52526
47626
41893
37391
13699
2365
51841
2147
52817
56718
43776
45368
28411
47630
6557
48107
17061
44683
13170
44725
14939
52127
11162
48917
43879
56537
7014
49031
26170
7273
1856
45715
33421
40630
29702
13801
19000
45507
33213
34157
39922
52988
29220
6422
37623
55727
10362
24681
26273
44377
52951
30308
28364
51368
3039
48777
47583
17501
29261
14762
45025
28105
28939
40231
9758
41175
11389
55027
17802
21271
37965
56651
25204
20902
28410
36030
55078
30405
26620
56017
26402
48091
41559
36113
13536
28503
49030
44775
56318
36881
18139
55633
20980
21410
11254
29474
41833
29256
55684
25602
11295
2099
55192
44376
52779
41916
37414
18444
56178
14553
34249
17339
7448
44131
21270
56934
54625
40069
9720
3520
28456
47675
52291
37756
55077
43566
51186
17852
40323
55586
14438
5662
29654
18838
37274
26411
32972
6648
22349
54226
13261
6374
43840
25129
52685
48183
56368
13628
2761
30264
32573
6170
18698
28580
20854
29057
18661
37413
1910
41132
38073
36510
55309
44913
44130
57084
30310
32448
49007
10519
24838
39805
11397
51677
32411
18027
24801
3311
7711
13960
14437
18837
13799
26457
13752
45209
39582
29445
26498
52709
8748
24698
2548
33920
56108
14950
44565
22570
41868
18100
1863
6911
53124
55433
56627
25647
56886
44658
5847
28645
14042
18489
53207
1738
57108
4161
52569
10944
41706
39980
15028
49214
26637
55308
45323
54841
7456
55034
2371
40030
55609
20956
3310
17897
36820
18545
55868
22046
9598
10819
21149
14436
35964
21361
6071
2246
26238
29662
22097
41566
1561
47558
9862
5504
10638
41321
36421
9904
41084
37365
40206
14741
15935
5545
40465
10850
21028
10679
26761
21500
1955
2899
10150
9463
24545
25910
10735
18243
9764
56978
32238
6599
17387
30110
45373
44258
20737
44221
47474
3101
29698
30411
2463
53076
44522
48969
21727
18886
18419
55130
53614
55923
36170
48180
37601
33710
51814
47858
33539
22360
28639
56375
2597
14295
53132
32580
52993
47376
33010
17044
5637
51373
32154
11419
18279
44957
32947
13194
16934
5600
6260
25701
2198
32455
51674
6052
17895
7038
43790
6571
55658
52415
5497
40904
20787
49356
6928
17988
52390
32303
52716
47566
22100
56115
52508
7603
53168
37155
51823
47867
28601
6996
22697
41620
29327
13893
17826
55014
25228
48064
1745
2860
32946
30571
29638
56976
55315
45159
52368
3638
2943
45371
52580
52113
22794
53307
23988
2735
14717
13286
44048
41272
43647
13795
52414
21197
39904
51776
29498
55709
9439
41106
57017
32302
51284
48759
10919
17732
6227
41147
13124
33537
29035
17524
1698
25144
9443
45557
9989
6746
55221
44405
41411
56674
53431
55806
26643
51890
14178
14924
46848
22544
40648
36146
49271
7036
11194
55081
45380
20744
5454
36655
44057
52631
2460
3901
2318
20795
14016
43947
32301
51349
48212
18426
51858
18218
45556
5551
53176
40471
17533
36048
26300
51376
20178
41410
36260
13216
32435
26341
16978
49503
17092
37038
55790
17917
18078
25537
3636
25796
43604
29900
5519
10824
39860
10616
18124
25879
12391
33499
21988
17486
48248
20836
28344
22428
47563
55183
13340
9441
26086
32897
20840
5550
15223
16884
25935
26595
14585
43038
52272
49201
25443
3760
3542
41248
39838
1243
19141
48605
16977
40563
24597
5643
40137
43561
37296
9835
55104
24342
51680
22542
13817
3427
29728
6396
24643
2789
2742
13293
33943
32828
48739
22843
18341
40448
44848
33498
53081
25888
56821
32346
41646
17059
25633
39952
43737
3495
13168
51357
3028
17568
55757
43700
39744
25188
3287
5596
49455
56914
18008
48770
48303
18984
17086
52022
24295
6545
10485
9751
22028
37462
36050
3333
22069
52648
15107
20724
6094
13992
26650
33938
3634
45402
14422
29218
53271
21394
24679
1335
25327
2996
47503
33901
29727
53313
10869
56566
10086
45703
5461
17509
48738
22592
22125
41344
51772
6933
18915
9719
11521
52212
36028
48038
13385
10925
55974
48048
21296
22727
56130
30129
6818
41738
25725
48561
48899
5641
24595
54163
41038
16985
49510
22078
53011
47539
9843
36142
41598
37595
2787
56347
27894
53104
44846
21019
41899
40238
10623
28625
36245
3244
32136
22684
17067
36536
6516
49453
10182
13922
2417
30128
16891
6817
6543
7487
51411
47455
52605
22819
29133
41255
39845
10275
14893
13778
25491
15105
18358
56263
11214
13523
35995
6885
14976
52164
55904
10368
24687
19023
33987
51012
24650
29994
51271
39228
21018
7626
17482
7408
24691
22382
32627
56101
40200
5292
1685
45089
44938
13958
13175
3035
21578
29869
36327
39751
25978
20893
52303
6033
18015
32695
52562
34240
25515
24084
51410
51239
48351
36887
24830
44460
14674
52863
52371
7579
37836
10108
40361
39927
25542
9841
47547
5779
18876
10367
33519
20814
17973
40444
55161
10112
14559
51270
13081
55203
30317
2369
29785
41860
9726
5617
7143
36035
55971
11083
2841
49160
51363
48838
16914
24534
32185
33379
47935
22516
55555
11166
28508
7485
3594
40889
48397
18782
18315
37534
47453
17121
14891
26184
28493
52862
18574
9378
13568
14465
33684
52654
9840
24959
32579
28576
55902
56846
5741
28368
37419
22168
9424
43696
17982
37928
10667
2586
3733
54564
17023
25675
26323
44894
47851
20906
51636
33077
41651
25208
55253
28891
28424
37487
56239
21368
34026
9818
10505
18013
13758
6031
15066
48137
37788
17120
7276
56799
29130
28808
28492
18573
36677
37325
56544
44297
24667
11258
1822
52653
47819
55439
2492
18874
2284
45028
5740
19030
20869
33527
55952
44918
13405
32624
48535
10458
18749
56938
26369
25892
2093
52829
41697
54355
24740
24569
11081
3783
28890
4977
45096
51361
22690
17073
44945
44228
2631
33595
24791
37231
47943
51728
33340
53036
56539
37023
22783
40887
56798
39841
29969
14172
28491
22108
48187
56761
34118
18105
26192
28817
18572
56803
11267
1831
30486
48488
41877
3714
25081
17004
37884
29014
13580
56399
32332
33308
6008
37926
33785
33318
26109
52537
49229
28885
48752
56937
44643
51852
47600
47429
41229
2885
1224
28640
12558
48835
22222
9307
3574
30091
20706
24790
56200
47989
6869
15064
11410
32234
29709
24624
47460
6340
22107
56589
45726
53128
18363
22082
24966
37624
39933
33483
7330
28375
36778
55997
2583
32840
15213
40460
26604
26367
18710
13672
26330
26159
20913
17605
10211
17071
1482
25007
48844
29874
41279
37494
25983
30179
45679
28769
53299
6868
37286
1783
55561
32517
28981
34074
9866
37577
36383
32808
53335
1866
9374
26506
3458
32284
12654
21421
25868
9384
31915
20783
47826
37841
55162
2815
30276
33779
51337
45243
36221
28611
22174
36559
7121
8315
44179
3230
3059
17770
49227
18247
25390
28912
49019
41694
3790
28430
5632
47478
6358
52094
45678
5673
6867
22271
55560
21156
21949
28513
52395
29457
2768
43841
48728
21467
40686
10604
25867
19056
56379
14754
45516
51294
49133
44878
45242
6181
9466
45034
21513
24766
9476
2865
38084
47918
3058
49226
2591
18973
40250
6056
11361
55295
45376
52835
25472
14656
21865
16201
22058
9314
30414
2466
14448
34031
40592
44809
45687
27365
10302
2221
28522
32307
51460
36707
10561
55926
1365
9590
25310
5765
48509
17700
21248
25866
25320
29720
49179
17047
25621
14271
26281
45033
56860
23821
24547
39981
32167
51386
3057
52533
48031
51895
34221
6273
40078
40315
32421
17103
48332
37516
40041
49318
22057
37308
32940
17871
35975
40342
34077
21372
37520
41068
37349
33458
29673
15070
48892
7305
2220
32773
21910
51288
17171
41540
9406
36390
56336
30190
44108
48726
53389
6175
55651
15163
41841
49178
56387
3507
31704
29511
48493
52278
36265
29849
47407
40777
10954
22247
1758
55318
44969
33790
6806
8581
52334
20748
22511
36659
49317
1804
2748
56526
43584
13252
44232
22849
37282
7304
3413
53050
17170
20011
25106
20804
40683
29038
39921
22361
5555
6670
34381
2312
10652
1456
11129
38106
28405
41424
43733
48284
33814
14061
20872
10953
10170
56650
26081
16945
45082
43816
56224
45408
32703
33581
48377
43608
14937
36658
9358
55094
45709
14900
14729
51440
47484
36112
32221
51996
33248
48215
38059
3204
41330
41159
3463
2348
30306
13645
2311
5564
33512
49186
9964
13371
29301
47405
17837
41890
55025
25410
26354
44458
51917
14843
52078
22463
40567
49190
10952
24554
9264
41215
51393
48868
21311
33071
36574
10744
56987
56441
18299
32749
5948
40868
21612
29120
41775
9357
25058
28501
51268
55668
9102
22810
30212
55186
13561
9403
33974
28357
47576
30004
32313
24703
39966
56343
14329
40691
36505
36268
22198
29555
11127
21839
29347
28403
37703
43731
14889
33812
29856
47414
10998
37258
33604
29648
5656
22254
18298
13529
28963
29611
34274
6813
21398
40321
25798
5910
22337
24646
37771
45391
13296
20755
51485
21662
6372
35514
48468
10628
14245
33464
22648
36967
22601
53877
56834
30221
2838
30003
50416
29253
24998
55931
10395
7570
45058
3461
1162
30304
44373
16896
29554
7404
48306
18738
13653
18701
37749
2657
33858
17062
17627
14851
28453
33603
49514
34263
18297
26653
48658
40320
3647
30164
47506
36156
43615
26171
52678
9365
51993
48704
10627
7097
56324
51567
54991
35772
11079
30002
26046
28355
33255
32311
20810
14545
4938
48481
24960
44906
39756
3470
3299
29771
3003
36513
25153
51878
51623
2100
21837
37748
49212
28489
29137
37711
40782
24598
57123
14679
6302
22299
49513
11436
9271
48875
29438
33157
53024
37058
30447
51508
40875
21188
18834
52121
56022
17195
14735
51275
13086
10626
26537
32802
7356
25899
56832
26500
30048
33472
28638
48268
18653
36757
37405
9410
48013
13925
32361
33555
21545
52774
1953
13651
5570
22951
47458
6338
14896
19009
2488
20735
52659
51181
48656
56276
14433
5954
47981
32263
17728
36947
53324
18388
7054
52468
9938
32848
33253
40712
37937
1651
28600
22696
22229
47364
56882
56415
26629
13188
57075
45065
52991
20896
18236
36511
17588
11388
42605
32449
45107
51668
17551
2938
26147
3598
47457
18786
10277
13234
28497
21419
28460
34270
22089
53022
11226
10588
7545
17218
55123
41521
7271
3228
48748
25388
26535
29788
34155
56113
53166
11086
28428
21798
43756
3047
16927
34248
48270
49464
18484
56673
47155
33345
6828
56181
28988
51630
44171
33137
29352
56974
9589
21636
30403
44472
57130
14219
6138
1836
25828
55377
51505
40938
18878
6179
56849
45670
36945
53072
19034
6651
55890
43880
55173
57015
33961
45504
47813
21200
6989
51791
7600
40757
41405
43714
25688
56371
5629
10217
44699
4944
52522
21542
25989
1950
56205
21334
17378
41747
2936
32410
25744
55075
47465
48580
9551
16994
2495
14477
7543
30453
39938
18887
37810
50658
13117
33701
29745
32270
17735
48964
56584
41103
18395
6401
28551
32845
21732
3018
40247
25178
14315
48548
53164
10424
1737
39798
44402
14616
16925
48849
6298
47371
15027
22236
13978
8844
41746
11414
13723
56463
1741
17340
33135
37753
11140
40070
39854
9550
30151
44003
37337
20788
32798
45456
21935
29443
37063
55167
2037
26496
14268
33487
22624
56810
30244
1134
21986
28550
28379
15207
55705
22179
25919
55171
14740
48755
10678
43670
2550
11118
13676
14087
52058
17609
25229
56458
26593
43753
44697
13184
10007
18232
17831
16975
15077
21888
34000
37799
20694
10775
34296
45154
10817
7250
1833
55870
37128
56281
40199
13790
20532
7551
48453
29234
39946
56073
13115
45039
6695
5034
37896
37600
10168
25918
16368
38089
33538
20833
5543
6487
10677
14578
47820
28916
29794
55471
6788
22508
36044
3794
13467
6751
28434
43762
52358
21378
43554
44748
15076
53265
49480
49262
44960
28776
20485
36396
18791
56980
22109
55148
49054
9595
5941
32287
26193
40861
3395
2527
44270
2828
30460
33028
48462
21517
6694
24723
32343
29818
52756
14021
18468
7134
54301
52548
21818
29793
2387
5593
22725
14085
9526
47870
18732
17083
44238
3118
36094
55563
25231
29678
17384
24593
41036
36136
45654
43345
28526
6625
37760
37589
55147
49053
56512
21641
17922
36437
44010
20785
5495
18125
49354
10083
45700
28868
36488
43729
2293
21516
18208
9442
56372
32851
15224
38050
18259
50965
14368
53170
18721
24815
2131
47698
32217
6578
47651
55271
47661
40346
53471
18068
25277
14414
29677
53263
18814
37297
26434
47962
6842
7319
18290
19017
44501
2733
3677
26008
43645
1877
3640
2992
25323
5778
6925
41128
51556
14808
44060
40999
44398
20877
55711
18466
51898
29608
51352
6276
18258
11114
13890
3816
21292
17106
49497
33628
22278
41201
55270
56464
32943
3334
33679
35988
16722
35941
29676
7308
2223
14205
16981
22791
49098
20808
29431
53563
18081
27631
52161
40697
35251
25878
575
6934
10407
24726
38795
26318
3769
38031
10448
21991
44360
29825
21783
36750
40298
10749
44152
14366
17790
21825
3032
16675
6794
28477
36097
55803
55098
1807
32225
45350
40628
48919
9325
43597
13774
2269
45651
51745
16980
7317
32318
51471
48946
28533
7109
56348
13074
33724
52943
51263
22374
24683
10080
14764
5568
48950
52498
48779
9968
44888
3768
28408
9931
44851
13167
32386
40960
1978
9486
1931
25424
32178
29041
48089
1941
6025
37226
6492
39535
26659
14602
13171
28931
50754
3606
22513
7223
2968
30133
37309
51661
20931
3332
6585
24614
22068
3124
33677
14458
36634
41297
7524
40928
17390
11256
44794
33978
37832
38025
13310
52989
45234
26015
33941
47543
55662
24682
37340
14981
32618
5785
20791
15174
22383
40487
41135
49360
56398
29569
51629
33241
18706
28407
36027
55246
3777
45109
47418
18747
41218
51396
49519
48088
36031
45136
52345
22559
7269
39835
11380
3378
33635
52854
50545
37318
13263
3123
29957
45140
53543
40418
6158
41078
37293
20981
5691
34116
54996
17455
40393
41041
25075
6121
51753
56838
56801
17181
24706
29267
47542
10659
43651
38034
3008
56397
37131
25121
14554
601
37924
44678
52298
6982
25422
20883
9276
6816
41736
44942
45419
30168
6857
34022
7268
41777
43619
16464
30131
47940
17371
6583
36840
55888
11171
41740
37784
33893
7231
14911
43878
36123
52645
32741
5690
25608
14258
28814
37094
25649
2804
33222
47541
18699
37622
43650
39931
2530
3007
7407
1674
2322
22173
36025
28415
29530
36818
51353
24991
9767
41434
39787
43743
36076
24565
32968
3075
53028
11403
39324
22557
18055
30177
26458
13220
31608
29914
40842
53329
22520
7059
30140
49294
18564
56753
21415
10848
55601
1823
34114
41869
25856
33476
3172
51751
17463
6675
54319
10148
9881
32791
26059
1906
28321
6467
7115
41387
37668
40193
52996
3006
18412
30316
2368
5574
7416
18703
38083
13400
21020
7457
41433
40068
11101
30083
32458
29867
47425
48619
55828
40031
6305
48085
56488
13748
26090
40369
36117
32930
25004
45417
14371
21580
53037
18272
32722
14163
37782
37065
36121
298
29705
48924
24620
18355
39883
43668
48716
10639
7280
55688
6958
33008
51750
21181
37408
55196
13104
32323
33267
47586
25907
44592
44125
51334
15246
48317
11355
10670
10203
17063
44685
36608
41224
5666
49525
10504
55085
20701
29403
22056
36612
13798
18846
39907
19039
10846
1821
43885
22866
18364
30268
44041
51500
15199
48507
17461
23555
9380
13399
52018
24712
40984
40517
24504
44917
56144
3481
34215
52319
21273
21510
37967
45587
26321
33530
45369
6558
37930
41478
17346
45550
13237
21811
45114
695
10461
22471
36073
41223
57134
44009
17600
10799
25220
32975
56278
43791
3148
55126
29412
6614
33706
52142
41326
48186
41108
26039
45508
30267
46415
15198
7604
9913
17460
55478
25863
25080
28820
11260
36259
6748
13361
49218
1705
44916
44133
52536
9472
11353
20871
38080
52577
15036
18539
55250
44967
28954
33321
14398
45331
40075
33659
51217
16998
57133
55835
56495
14870
29666
52841
47941
17438
26454
28763
4771
22355
24664
7302
41107
37322
5720
32849
36921
40469
53127
40422
2773
39890
38058
48723
22656
34120
41092
43717
17210
36258
28648
40941
6965
40006
55440
13360
351
56893
25446
34213
48282
52317
18029
45585
17562
9980
56986
56519
9305
39858
32215
44474
48375
18760
10251
1838
14651
52840
47690
6103
49314
22053
25010
25348
44567
45215
47524
52187
9657
13847
5548
40468
10070