843
1272
997
277
1345
714
735
962
77
789
912
404
1370
1341
1320
71
296
21
1241
123
1212
327
552
421
248
1206
1287
38
17
1360
729
221
1310
490
1325
948
440
1152
898
34
950
1298
1044
1371
486
1177
923
59
415
436
865
988
734
103
590
561
430
24
859
607
586
99
934
253
1363
1342
203
93
1059
551
297
784
218
422
291
1236
982
118
576
1309
547
293
1026
314
518
120
243
1303
1282
1253
891
1328
1278
1118
487
335
458
204
945
1293
916
31
1243
125
1324
1193
583
1020
1164
1368
352
179
1362
477
456
1312
935
194
152
652
1335
1314
269
1235
748
96
46
169
975
90
323
294
417
621
11
113
1333
338
84
1283
1029
877
107
340
921
240
617
1329
211
284
30
1119
1344
946
1223
736
482
105
940
453
26
1369
1246
484
1013
1319
578
1007
376
478
907
22
145
878
857
980
378
370
116
553
524
503
37
249
1338
1105
393
1359
1157
649
853
345
1078
570
774
643
1355
1334
818
1001
514
972
1176
689
160
1270