420
249
1286
212
1402
1031
3340
3169
1824
360
1379
2027
2610
2373
280
443
3692
1892
2703
2095
373
2841
1009
3318
2003
674
1100
2207
3085
2771
3201
2716
2563
1448
59
3549
2071
100
1452
188
1615
2275
2438
2947
489
1916
2794
605
2910
1271
372
535
2669
3317
86
3663
794
1984
119
3084
2933
2562
1447
2507
1239
3501
1822
558
1202
3130
187
2492
1377
313
1970
2326
604
233
2367
3482
3015
2997
1099
2701
1215
3524
2330
2960
3153
1007
3783
3316
2001
326
173
1526
2890
1938
2561
1609
1831
932
1405
2283
16
724
1761
279
1098
2376
405
2255
3199
3782
2121
172
3737
39
747
1784
1729
3037
418
66
3546
1867
2927
2144
3338
2861
1200
348
1288
1501
1130
1760
3602
278
2583
1334
3643
2375
1843
1060
3435
2046
3161
608
3670
1991
3462
2097
1316
2213
1357
1987
2351
676
2981
2514
1876
3337
1028
2306
3300
3759
357
310
2662
1547
398
1588
2582
3059
1551
240
3022
1889
3160
1644
3735
1990
1152
3527
2138
1574
2768
263
1082
1245
3554
2189
1875
2305
3128
3758
138
3387
3721
23
3600
3021
661
3359
2795
1480
3322
91
962
2629
1314
754
917
3252
328
2633
2396
2304
2030
3757
355
1829
985
518
1295
3720
2605
1967
1749
2864
1378
2026
3687
2535
3479
1971
1897
2957
1860
1689
2119
3743
1197
3525
2094
123
1063
2887
1105
1735
891
1527
683
2187
1873
1406
846
2313
220
1410
21
3511
3274
1758
3066
2752
3696
3229
2818
869
1270
3112
3742
752
1942
2419
1104
1734
707
1581
3672
1289
682
1155
2979
2932
3409
2312
2942
3135
1619
145
3394
1965
1248
30
2242
1127
2872
2405
2380
1020
3111
3788
1988
53
131
3296
3162
1733
2677
3204
2469
844
2195
691
1663
1826
1673
3134
1618
1756
2871
729
1919
3064
3694
3227
3019
3649
3528
1066
1478
241
1431
3740
3569
2264
2894
2209
3087
3324
1112
2839
552
431
3680
2728
690
3091
3254
3417
3763
894
65
2240
2403
1765
2607
2592
2125
621
88
1811
250
796
2634
3578
51
1232
2893
963
1199
2430
2986
3416
74
152
3717
2698
1667
356
1546
1709
3484
3276
1301
3610
3439
1694
2383
50
1231
3369
2009
1161
2985
262
2100
3674
2559
272
1462
3345
726
2077
1708
2040
365
244
1184
3809
1300
1129
3438
448
2916
2382
2545
3739
1277
920
749
2271
1786
2846
1531
3298
1790
1323
679
3261
642
3424
2309
2939
271
2568
2447
943
1883
3725
2076
2488
3136
517
2822
3766
364
1391
1336
2614
3808
2377
3492
2340
2970
2915
1484
1276
2682
2215
3159
711
2474
2007
503
1989
2637
1359
3001
3297
1322
3631
2983
2993
641
2775
651
3052
2567
1882
3190
104
734
2238
1207
526
1182
3491
155
2539
3654
3228
1720
238
2543
2706
201
3700
49
757
710
1576
1109
549
2854
1739
895
2265
3459
1951
2774
1743
432
2900
224
1414
1261
3399
1770
307
2612
3490
154
2288
2797
826
292
2913
2130
0
2923
1808
3583
247
3746
593
3375
3157
3787
385
1812
2472
3120
2635
1367
1950
2361
2427
1159
3468
1905
1668
3213
1001
1880
853
2320
3514
153
3652
316
946
1353
3607
672
3582
409
3374
1228
3537
10
1858
3319
547
2852
2014
3675
510
2644
969
1158
302
1111
3420
1788
1741
3096
1533
269
2574
3004
2519
1051
3360
1214
2037
1723
2620
3280
2412
3072
2921
875
3027
2379
3373
1227
1857
2268
3795
958
175
1602
968
597
3466
476
1120
2314
1579
2944
3767
3396
2365
3559
1203
2147
3512
643
3730
1680
2110
435
314
161
1351
3726
3489
324
670
2967
3234
1306
3081
1652
625
2930
2341
2971
2504
3164
2850
3794
3327
337
3586
1374
2805
300
930
693
3395
230
2364
2994
2527
3187
197
2035
1471
1513
2410
2239
3354
735
3080
1717
873
3655
2387
1072
554
1744
3336
717
3118
1610
3748
3701
128
1785
1318
3093
721
1911
2571
600
1540
276
1878
2289
1888
359
2901
1003
1470
989
942
3724
2293
2456
1304
460
2594
623
3405
1442
3751
415
2549
1071
2502
456
3325
1646
619
2924
1026
1164
3539
12
1327
1957
3418
646
2951
1119
3677
3010
687
2525
3469
1210
3348
2784
1669
2663
3311
988
1632
321
998
2455
951
1140
113
3612
743
2200
525
1715
2593
1562
2385
2548
1233
3608
1863
3171
1818
2478
191
2060
2690
1575
2853
511
1701
1886
812
575
1048
738
1678
2108
1089
779
2617
1598
1302
905
3240
2918
2384
413
3662
260
1516
890
2339
1654
343
973
1446
3755
765
1955
394
3263
436
2741
1376
3768
2107
121
2667
1352
2546
1982
3606
2338
1023
463
1653
626
1816
3124
2639
56
134
764
1954
927
393
1583
2231
1746
2013
2806
3684
2569
3629
2532
1046
486
820
1209
2499
528
2833
740
1213
3697
532
2666
203
3615
3378
2347
1281
3123
417
55
1073
2267
1236
2897
3708
3174
2059
1745
555
281
347
226
3475
3008
856
1263
3638
2735
994
2115
78
3558
1976
41
2406
1138
578
1768
2416
3076
115
1772
2183
624
471
3752
416
2429
925
3707
772
2439
3099
1907
2804
3682
2651
1165
855
3266
3145
2581
610
2114
77
3308
785
318
2470
2318
3196
3312
2827
1396
1512
878
2182
3460
3289
3168
1660
633
2137
2895
3543
553
3172
3335
716
563
3681
2020
1891
2368
864
3362
3428
275
3774
2372
947
576
109
910
3358
2414
2043
1558
702
2206
3496
331
1488
99
414
1604
3589
62
3542
1614
303
1243
1789
1122
17
2400
725
3060
2575
1163
3005
136
1326
766
645
492
1682
2159
2905
1474
3565
1419
793
956
2042
2205
3320
3495
1349
3287
3621
1487
3796
631
2928
1450
423
61
1613
2807
2273
2969
2848
561
2065
2302
2858
190
1380
506
2529
807
1844
817
283
2370
1885
1418
3727
29
3193
3519
2041
1010
2204
700
2834
3657
2626
1195
1358
3620
3449
1237
677
3078
2764
3587
2556
2719
2064
560
1033
3342
1913
1542
982
2649
1552
3013
1964
719
653
2157
1126
2120
2750
1894
2087
1773
2050
2462
1194
167
3285
3448
1769
458
3
2773
3203
2718
139
1796
3388
1032
2856
351
2648
143
2277
1963
1180
3271
2319
3434
2949
2578
2323
1208
582
2953
1055
3146
2832
374
1801
537
500
1986
1519
2980
467