2207
356
5709
8693
2784
3627
12164
833
13915
14271
11577
8493
10082
6280
4073
18875
7544
5593
3255
9064
1560
1073
4544
2337
17757
17139
6295
3601
3957
1650
5608
6841
1775
18328
10699
14757
17841
14170
15890
9981
19005
15434
9881
12996
7930
7312
10914
12534
14285
1103
4187
2367
11385
9178
7814
18558
16707
3169
1318
17971
13913
6540
6278
17640
6665
13351
9293
17309
14615
18086
12664
1333
10713
16004
14153
15904
6293
384
12102
1648
16937
3399
14630
14986
9564
6870
17970
18326
11184
6995
13581
15688
11143
3870
5621
18828
7010
13696
8274
2365
15316
2134
13496
10150
1903
13621
1316
16249
10827
8976
12547
15662
11960
14198
13711
16174
15687
14323
11629
10265
654
16951
13249
11885
5620
7340
3769
18571
16720
14513
14900
14413
12562
5289
10611
11975
12200
3207
1356
14438
4471
3984
17422
6091
5604
3297
3197
14428
7024
9231
6893
4686
18124
12346
18024
8057
11428
3312
7008
1099
12361
6808
3883
312
16965
15114
1932
17221
18941
14883
7123
10594
16534
14683
10138
17567
7956
4254
11427
13634
7238
1816
16262
9476
13047
4931
3080
12947
6551
2980
6451
1029
2749
2618
16187
15700
6220
17351
882
14451
17566
6591
2046
5517
3666
12690
14666
12815
6550
12459
17781
9821
11441
1961
1474
5401
12574
7152
12474
425
15845
15358
13994
10292
6234
2176
9936
16978
12920
6003
1945
17234
11812
9474
5416
2201
13076
5085
2778
13747
9689
10176
696
11927
8225
7738
2316
7638
5300
1729
3093
16662
11109
3480
16075
2893
1398
18051
14349
6720
13762
6133
1944
13662
3695
14926
16646
5446
10868
3108
18497
17910
6935
3720
6804
6704
4497
17579
10306
17348
6017
14910
15166
16917
18281
18150
7306
3248
18537
12141
941
13892
13405
2561
16876
9734
7883
3338
9472
479
8008
18396
7065
2876
1412
4883
11925
8354
7767
5816
2114
10651
12371
8800
15973
2304
13791
11453
10089
3693
478
1842
4080
22
378
5444
8915
11122
14724
8453
3031
1180
13775
16890
7766
2344
15195
17402
18666
18179
1295
808
12526
6617
6130
17848
10219
1872
18750
7063
18194
18063
17607
17963
3938
2574
17507
13318
10103
4063
11236
5327
18409
16558
18796
10549
9185
351
17747
9987
5698
10564
953
4880
16111
6631
3060
14160
4193
17762
15424
3606
15324
11135
1168
10679
7333
8953
6646
2944
6515
16026
15439
9043
11250
1770
11506
3746
14490
5010
952
3059
17861
4192
13216
1885
9901
7432
1910
1423
10934
13141
15769
6776
9860
16381
9985
505
19009
13587
3976
17058
7578
13356
1669
16471
3289
14520
14033
10462
4909
3314
5942
8149
2240
17173
11751
7693
18924
18793
13371
5742
16486
10933
14404
8851
2842
504
15924
15437
14850
8064
5370
16601
13255
9553
4131
10917
13155
11304
10817
2470
2857
6428
10030
5972
1783
15577
11419
7230
8981
8494
734
17874
1121
2485
16054
2741
10270
7932
18807
11534
7476
18220
14518
10947
18476
16269
10360
10229
18020
18245
17758
12336
13600
6327
2138
13369
18822
11062
9211
16384
10962
10475
8880
14171
10600
3327
6542
14071
8649
1020
2740
14748
12897
5755
9813
13284
9226
3673
11202
3442
13830
2855
8664
17201
13499
7590
5739
18690
13168
9110
12094
12450
17772
663
10043
17441
1565
1921
7374
9581
9094
3185
3572
1234
18018
17431
10514
4474
17556
8076
9796
11547
216
2423
18720
15018
3200
18133
18976
4464
16538
16894
12836
14687
15951
14100
10398
6340
18935
9811
15620
13769
13282
5166
7373
16397
18860
18373
11100
8406
5191
12364
10513
11877
15835
15735
215
16868
15017
9595
11315
7257
1835
11090
13066
10728
5306
12966
10628
661
17801
14586
6470
2281
9941
2668
5521
99
7759
3701
5421
7141
14932
16652
7172
14314
3470
14214
4247
12263
6485
4859
10181
17354
1965
17254
16767
7643
16180
2998
1634
17444
5105
4618
8676
10427
11660
2667
13411
18733
12724
10873
3600
18271
16420
8791
931
444
9824
7617
2095
9237
18748
9137
7642
3453
14815
14328
11113
12377
5104
3253
15030
9608
7757
9477
17137
9508
18888
10641
16450
14599
8690
2781
10441
17839
9723
3814
17252
14945
11243
17954
7987
10194
6136
17267
7556
16805
10540
18169
12260
7325
18069
2193
8002
729
4300
5664
10986
1275
267
12862
5233
7440
5102
1044
14613
8217
6853
6366
4415
2564
13795
4315
3828
17397
11226
382
1746
17166
15315
9406
3366
18299
18199
15861
8719
9952
9852
2579
11959
7770
9390
17050
16563
18414
15199
14743
6983
18214
6265
4314
15901
13694
11356
9505
18529
13107
9405
3496
14858
17065
14727
14627
14396
8000
6149
16016
10238
4198
1891
10784
11040
10909
18569
18082
8115
6651
2462
15544
2006
4990
5346
18097
14395
6766
2708
6279
10824
16146
12088
270
139
17410
14064
5948
9519
17179
9419
5617
18699
12303
14510
17625
14410
10352
2723
3956
17881
6419
2361
17650
13592
2261
9403
13492
14856
9790
1674
8716
3294
2807
4914
10105
4683
10005
9549
9418
1558
18567
14509
10938
16260
18467
10020
540
5375
1929
18582
18095
5044
14424
6177
8384
268
8284
1888
11886
11268
11624
17433
16846
7366
10937
2821
10350
13952
770
8068
3523
17092
18812
13390
5143
2836
2705
4943
4712
8283
17663
6332
7696
17563
18827
15125
11067
16489
5645
14538
15902
13043
3563
4927
18365
4340
15927
4596
9431
2289
1671
9462
7124
3909
9331
1571
16373
10951
10820
13058
17306
9546
7695
16719
2042
15024
18008
8528
4339
8428
7941
13719
181
15470
10404
437
17577
18710
3808
9099
14421
12114
8543
2634
14090
908
17561
9445
7494
7007
1585
16874
11452
18238
9601
5056
3205
18625
18138
14923
14080
14105
923
4007
9947
7609
11567
3807
5171
18253
5427
16171
10618
12369
10518
6460
551
13533
7137
3204
18493
11220
8526
10633
2517
2417
11797
9946
7252
17475
13286
11079
15037
16757
13186
5070
5913
4
13086
4839
2988
14350
16070
17334
2170
3821
15052
9143
3590
16672
8912
4854
18061
6374
6730
2672
821
9358
9714
12829
15036
7176
2987
1523
18176
13631
6845
5771
1713
4407
2200
3564
15282
11580
249
13200
18
3489
5209
16084
12382
4266
10075
7737
8124
11208
1728
16886
13315
6042
13215
10877
7662
16199
10290
6588
2530
6001
10090
11810
9959
5770
6126
9728
5670
11448
2455
117
7290
1381
19008
8554
6703
16339
17703
9943
4521
17472
5785
9256
263
3834
1496
15065
17272
9156
3734
8669
6818
13991
2660
14116
7330
934
18205
3949
4305
1611
9758
12842
13329
3362
147
13229
7058
1636
7445
4751
1049
18320
6371
4164
14031
13544
11693
13444
15164
6171
3833
13213
5940
16684
18404
4866
5222
3502
10088
8724
9957
377
13815
146
5924
17286
5368
18319
16468
16368
17601
14386
13899
4906
17501
7890
2468
3832
15550
16914
11005
18534
9541
10805
707
12194
17972
10343
5798
6154
6054
2483
15078
3616
12640
10789
3160
8938
9294
3385
17731
14516
14029
13442
9771
7433
17169
8045
7458
6384
18102
4077
9886
13457
12093
12995
3515
18804
16597
14259
9324
18348
8737
490
8150
11490
19019
5837
3630
16225
9439
3530
3043
14761
10703
605
12679
12092
8390
1117
11505
5596
174
3745
530
17314
13612
1794
16596
14389
10818
15001
10456
6754
976
12563
3083
876
17885
13240
11389
5736
3885
1678
12909
6869
1447
18231
6769
3198
12091
9884
17900
5595
9909
1662
17082
11173
14744
5751
15131
11073
14644
10586
3313
18602
6784
388
7817
11388
9924
17097
18330
11188
14759
3428
4692
2841
1477
2966
15561
11503
15361
5750
18832
16625
14287
10585
2956
7014
1361
874
6652
3568
14443
10254
15576
11874
5609
1807
17096
14889
10700
1707
6898
12676
10856
6667
2609
13840
9782
5980
558
15229
5749
327
12791
1591
7269
873
16293
17657
3111
1260
6682
6195
17557
9666
15344
13137
11286
13524
7128
18846
14657
1606
18259
18159
6210
10137
8673
10037
9937
5879
17110
14772
5779
5648
10614
1490
9019
4830
17912
13854
14697
13623
17094
13036
3556
7127
16763
12705
16663
4845
2994
17440
4258
2894
687
16853
15002
9580
456
13538
3927
18729
4473
902
14340
13853
2522
13753
8331
6480
2422
17711
15373
13391
2191
340
9820
1704
17480
5662
7382
7869
1960
1860
18157
12117
17926
15719
4744
4257
13637
1819
4026
18959
15744
15257
13893
1975
18528
15834
8561
14208
3008
15859
8099
18974
11214
239
17023
4718
9032
1272
3023
6594
13767
15974
4643
17725
15387
354
16776
11354
3594
23
10280
1156
14369
13751
6478
1056
17709
2320
3684
13064
6147
7511
18742
10982
7411
16791
10295
1171
3799
15386
9964
5775
9864
1617
253
7426
3724
16806
12748
13104
7195
6708
8559
2650
4757
6477
16344
2675
7410
1988
6823
12988
3021
4741
6979
5128
1070
17723
13665
12301
5905
13921
11227
9376
383
2103
9276
17161
13103
3623
18425
16474
11
367
15300
11242
5333
18640
9647
12500
18440
10680
14251
2920
11813
5904
251
18755
15053
16804
3622
3035
14266
597
17506
12084
18870
6175
18770
166
1399
12630
8572
1786
1299
12661
15745
5126
12786
17721
10579
16357
4539
481
2332
17621
15770
13919
2232
17521
2132
3852
13363
14983
18554
18423
9430
8943
10663
17059
11150
7579
18323
18223
16372
5918
8125
15785
15298
11627
15198
9414
1785
12529
7107
711
24
17651
11742
13462
15313
11255
149
3651
10793
3520
3420
4684
17504
15684
7437
1884
18668
4122
3635
18081
17981
10708
10221
10477
14048
6775
15799
13948
2130
12874
179
1899
19039
18196
9559
3650
1799
11048
16857
6890
10461
6790
2732
3088
10361
13476
10261
16947
16716
10576
6518
1096
13691
15898
996
11740
13947
17549
13847
5731
2385
5856
1798
9327
18351
16500
14162
6533
3318
8640
2244
17664
6071
17302
2400
5484
7104
15251
5284
16515
16284
13359
4235
13746
10044
5986
3648
16730
3317
15912
2730
4350
292
2399
13630
14994
5514
11192
11548
8854
1094
18234
6903
15696
8067
2027
18811
17447
5629
7836
17572
11176
5754
7505
3447
18736
14678
6918
8282
1009
4580
11878
8307
11909
17200
447
1811
9827
1711
8753
3331
18264
14075
5082
15695
10142
9686
1926
75
17215
9455
7148
7017
2959
8281
10388
4966
6686
10288
6099
13272
7850
1941
1810
11321
10834
7263
11221
14792
16156
8752
1479
14461
12610
6114
18709
15494
13287
9585
6014
7378
18834
17470
5652
9254
3214
12725
12238
8536
8567
10287
3014
1940
17585
7618
11576
5667
16411
6444
16311
6831
8551
11766
4749
2898
9940
5682
3013
4733
13757
1939
17715
15377
4177
2326
17128
3459
18261
12483
2872
665
3228
16310
16179
2641
790
14359
8450
2410
15623
1854
18507
18863
13797
1979
128
1392
4863
1292
6227
15607
13756
4763
2069
218
2556
1969
1838
18847
16996
8003
2094
16896
7416
16440
18160
14102
10887
14489
15622
12051
6142
6011
17729
15878
17598
7631
358
18862
12953
8895
3960
3342
12853
15060
5580
1035
12753
14960
448
15737
18300
12035
10184
8820
6482
4762
2424
4631
11935
18977
14919
17026
5695
9266
14719
10530
17959
6010
13670
15390
4190
2339
1852
4059
3959
7786
7299
13885
7099
17843
14272
11934
10083
116
2323
17743
17025
11116
11472
6050
5563
3125
16694
12049
4289
17858
2469
7404