13 17 27 31 33 49 71 79 83 105 106 108 118 124 129 132 146 147 159 168 173 174 182 185 197 200 213 236 238 246 255 257 262 265 287 288 295 297 303 312 324 329 331 332 337 343 350 354 355 362 372 375 377 382 388 405 406 410 411 413 420 423 424 431 440 441 450 454 455 456 457 463 475 483 490 491 492 514 517 526 528 529 532 549 556 559 564 598 600 601 611 619 621 626 630 631 646 656 665 684 695 696 703 706 710 719 726 736 759,0 1 2 % 109,3
769 774 782 785 788 791 792 795 802 830 835 839 843 844 849 851 853 856 858 863 875 879 889 903 906 907 913 914 916 923 931 933 934 935 944 950 952 956 957 968 971 975 976 1011 1018 1025 1027 1028 1032 1035 1036 1038 1041 1045 1054 1055 1057 1072 1086 1089 1090 1096 1097 1099 1106 1115 1116 1118 1127 1135 1140 1144 1148 1154 1168 1176 1180 1184 1190 1197 1201 1205 1209 1210 1217 1222 1224 1229 1241 1251 1258 1262 1266 1270 1271 1278 1283 1285 1290 1302 1316 1333 1337 1340 1342 1359 1360 1371,0 1 2 % 108,3
1 2 32 38 48 52 53 54 63 66 82 92 103 107 110 115 131 137 150 157 165 175 186 188 195 199 245 256 281 309 310 333 345 403 428 451 485 486 503 513 515 518 523 534 580 599 620 624 639 640 644 652 663 670 672 682 685 688 733 737 741 744 785 799 800 807 808 835 846 861 868 907 921 929 930 968 983 990 991 1000 1050 1104 1112 1113 1151 1165 1166 1173 1174 1201 1212 1226 1227 1234 1235 1262 1273 1287 1288 1295 1296,1 2 3 % 101,3
29 37 51 73 104 116 143 148 152 160 198 214 215 235 237 242 253 258 319 328 342 346 347 361 366 379 387 397 407 408 415 443 449 458 464 477 479 489 504 520 544 550 557 570 582 590 594 603 608 613 628 632 645 659 664 675 687 698 704 718 720 729 746 750 755 758 792 814 822 828 853 876 883 914 961 975 999 1011 1119 1180 1194 1249 1255 1303 1310 1341,1 2 3 % 86,3
6 15 55 60 61 64 65 77 81 85 89 91 94 101 125 128 164 193 205 229 240 259 261 269 272 294 325 334 336 344 348 365 398 437 439 447 469 484 500 510 511 524 533 536 541 568 623 637 647 654 661 680 697 714 734 735 743 745 747 757 767 816 877 889 938 944 950 1005 1036 1066 1072 1097 1121 1127 1133 1182 1188 1242 1243 1304 1365 1371,1 2 3 % 82,3
8 11 20 36 40 57 70 88 102 142 171 177 196 201 260 274 275 276 289 290 292 316 317 340 360 364 368 399 438 446 462 472 507 508 519 530 539 547 555 616 618 622 625 633 634 642 660 683 690 700 705 708 709 712 875 882 997 1043 1051 1052 1090 1105 1158 1205 1219 1241 1266 1280 1302 1307 1334 1348 1349 1356 1357,1 2 3 % 75,3
767 784 799 800 801 811 812 822 828 845 846 852 873 883 898 921 922 929 930 967 974 983 984 992 994 995 1005 1020 1043 1044 1051 1052 1053 1056 1066 1081 1104 1105 1114 1117 1133 1151 1157 1166 1167 1178 1188 1194 1196 1212 1215 1219 1249 1255 1257 1272 1273 1276 1280 1300 1310 1348 1349 1350 1356 1357 1358 1361,0 1 2 % 68,3
763 770 778 789 797 814 818 824 831 850 895 896 904 905 910 919 932 940 946 953 961 965 972 978 980 985 997 1001 1007 1014 1017 1022 1026 1029 1034 1039 1046 1058 1062 1078 1079 1087 1093 1102 1107 1119 1123 1129 1136 1155 1161 1163 1216 1277 1318 1322 1323 1327 1331 1334 1341 1344 1346 1351 1363 1367,0 1 2 % 66,3
25 43 56 63 117 221 243 330 338 339 501 538 635 638 694 772 773 778 793 815 832 834 840 854 903 915 936 937 948 964 971 976 998 1002 1009 1025 1030 1032 1059 1065 1068 1070 1091 1092 1120 1126 1137 1145 1147 1154 1181 1198 1199 1200 1206 1259 1260 1261 1267 1327 1335 1336 1343,0 2 3 % 63,3
3 22 27 62 74 120 144 151 163 167 169 203 218 303 304 323 354 355 370 378 416 442 448 492 531 542 563 611 656 692 713 726 756 759 803 810 813 817 864 871 872 884 899 939 1000 1006 1047 1061 1074 1122 1169 1177 1237 1238 1245 1299 1306 1311 1326 1362 1366,0 2 3 % 61,3
18 26 31 65 100 158 174 217 222 228 277 286 298 307 312 369 382 400 417 425 428 456 553 578 592 627 629 672 678 689 725 734 748 749 766 779 893 894 895 1015 1016 1017 1037 1063 1083 1084 1086 1093 1098 1124 1130 1132 1320 1321 1322 1328,0 2 3 % 56,3
107 108 109 121 162 182 191 195 200 220 254 267 287 296 343 345 358 383 388 423 426 441 455 463 482 493 512 552 560 602 610 646 655 699 736 762 777 807 860 891 982 990 996 1013 1165 1223 1226 1230 1239 1284 1287 1291 1298 1317 1318,0 2 3 % 55,3
37 50 60 70 103 104 110 155 157 165 175 178 186 189 214 233 258 281 285 310 331 334 342 360 365 371 401 419 429 503 510 518 537 545 550 557 561 582 585 599 620 628 631 639 649 663 667 670 682 733 741 760 886 888 1069,0 2 3 % 55,3
0 14 35 61 87 95 133 145 170 183 226 264 320 351 437 498 499 596 643 648 668 671 686 691 715 716 723 763 765 787 821 826 842 847 892 909 922 942 957 970 1024 1029 1044 1144 1148 1152 1153 1187 1213 1221 1269 1274 1282 1350,0 2 3 % 54,3
12 22 46 109 126 140 144 151 153 154 184 191 210 211 220 225 231 267 270 279 301 323 327 358 383 389 391 402 426 488 493 506 512 516 527 531 540 542 548 552 565 586 595 602 610 655 669 673 699 717 751 754 756,0 1 2 % 53,3
7 11 66 88 89 102 118 129 140 146 147 152 156 171 188 198 201 237 238 245 246 250 274 280 283 311 332 346 410 411 494 497 502 508 528 547 554 558 559 564 569 613 622 625 633 636 642 652 660 705 707 739,0 2 3 % 52,3
30 34 93 141 169 172 400 418 421 429 480 497 522 537 554 561 588 617 649 657 667 681 748 774 782 796 803 818 843 863 864 933 946 953 1001 1040 1045 1047 1054 1062 1106 1115 1162 1169 1223 1229 1230 1284 1290 1291 1360 1367,0 1 3 % 52,3
2 94 127 130 181 192 209 213 225 232 247 256 259 276 282 293 294 318 337 347 363 380 403 445 480 514 532 535 536 570 577 591 640 644 658 666 681 710 711 764 941 947 949 1008 1010 1071 1076 1077 1078 1313 1315,0 2 3 % 51,3
6 48 80 85 91 92 117 132 161 177 221 243 257 260 261 271 275 328 336 339 356 357 379 402 408 424 443 447 461 467 468 477 481 485 486 500 519 520 539 541 544 573 603 647 665 680 685 706 737,0 1 3 % 49,3
3 23 39 67 90 114 115 179 204 208 290 304 305 313 317 353 370 385 392 393 409 412 433 442 452 453 459 460 474 499 525 555 589 618 641 648 659 688 693 723 730 731 738 742 1094 1100 1338 1344,0 1 3 % 48,3
76 127 130 158 206 228 250 263 282 311 313 371 432 445 468 545 553 558 567 577 595 609 635 689 707 722 724 806 817 860 869 878 928 934 935 939 982 989 1057 1061 1111 1117 1118 1122 1190 1197 1251 1366,1 2 3 % 48,3
4 21 111 187 300 315 352 353 392 522 641 781 786 788 794 833 839 849 855 880 885 908 916 965 969 977 1004 1007 1014 1031 1058 1075 1085 1131 1159 1185 1208 1215 1220 1246 1276 1281 1312 1314 1323 1363 1370,0 2 3 % 47,3
4 18 21 277 286 300 307 315 352 425 591 764 768 771 773 775 783 793 819 865 890 897 947 954 1002 1010 1019 1037 1048 1071 1073 1076 1098 1134 1139 1141 1149 1170 1195 1202 1263 1292 1313 1320 1343 1368,0 1 3 % 46,3
0 1 14 28 32 38 44 54 56 81 125 142 150 196 206 240 263 273 292 309 325 366 432 438 472 487 511 534 551 567 568 580 614 616 624 637 638 700 704 715 718 720 722 724 758,0 1 3 % 45,3
86 123 156 167 209 222 224 230 233 241 247 280 283 298 322 380 395 417 494 578 612 749 770 802 856 918 923 925 932 940 979 986 1018 1026 1101 1108 1123 1140 1216 1222 1277 1283 1319 1352 1359,0 1 3 % 45,3
16 58 59 68 69 75 96 99 122 134 162 192 194 218 234 251 330 335 341 359 363 384 386 394 396 430 444 466 482 496 501 521 524 543 562 576 606 678 702 732 740 745 760 761,0 1 2 % 44,3
5 8 9 16 36 76 96 136 148 183 187 207 212 234 244 299 333 348 361 362 368 373 376 381 396 434 444 454 489 504 505 517 546 572 600 609 626 630 645 654 662 674 709,0 1 3 % 43,3
30 49 119 141 190 235 268 273 326 329 479 523 571 614 721 771 819 825 827 887 900 901 910 943 954 955 956 962 1022 1023 1038 1099 1138 1139 1191 1193 1252 1254 1330 1337 1342 1364 1368,0 2 3 % 43,3
33 98 153 184 185 211 270 372 375 384 386 389 390 420 521 576 588 617 657 673 695 769 823 857 868 874 878 890 926 945 951 958 1040 1073 1109 1173 1179 1234 1295 1324 1353,0 2 3 % 41,3
9 46 80 114 149 154 197 208 295 302 356 373 376 391 397 407 435 481 490 505 533 546 551 565 573 574 586 662 674 675 747 752 801 824 984 1064 1129 1146 1167 1207 1369,0 2 3 % 41,3
106 122 124 173 236 251 350 377 684 732 768 775 804 838 865 897 912 952 960 987 1012 1048 1080 1095 1128 1134 1141 1143 1170 1183 1189 1195 1240 1244 1250 1256 1265 1301 1305 1332,0 2 3 % 40,3
77 78 161 204 248 357 367 385 404 409 436 461 467 469 471 473 476 487 548 566 575 584 661 717 728 780 848 902 963 1003 1125 1160 1192 1209 1214 1248 1253 1275 1309 1329,0 2 3 % 40,3
10 90 166 207 212 244 262 266 297 299 314 395 430 452 460 483 488 525 527 556 579 589 605 676 679 693 731 738 742 820 841 862 1186 1228 1247 1268 1289,0 2 3 % 37,3
145 285 318 320 351 419 535 569 593 671 711 716 729 762 790 804 888 891 926 951 958 966 973 987 1013 1080 1088 1095 1109 1156 1306 1317 1332 1353,0 1 3 % 34,3
10 24 35 52 53 75 87 111 112 159 264 265 289 302 314 319 321 399 414 431 435 446 473 566 574 575 579 601 703 714 757 761,0 1 3 % 32,3
78 163 166 180 216 239 242 249 252 266 378 466 470 471 584 587 592 596 605 650 676 679 686 752 911 917 924 972 1033 1039 1107 1351,0 1 3 % 32,3
136 138 223 308 422 597 607 701 776 805 829 837 866 927 959 979 988 1049 1110 1142 1171 1203 1218 1256 1264 1279 1293 1325 1345 1354,1 2 3 % 30,3
55 58 71 73 93 97 105 143 272 324 398 415 440 449 464 475 491 496 549 583 590 621 651 653 669 683 698 719 754,0 2 3 % 29,3
19 24 72 381 434 572 798 823 838 859 920 925 960 981 1012 1103 1108 1128 1143 1164 1189 1204 1225 1250 1265 1286 1347 1352,1 2 3 % 28,3
42 155 217 232 278 293 509 627 651 653 666 753 789 795 850 896 904 978 985 1046 1079 1087 1155 1161 1168 1331 1345,0 1 3 % 27,3
7 26 374 401 478 502 571 583 721 739 811 872 879 884 912 1006 1067 1074 1177 1184 1238 1245 1298 1299 1311 1324 1339,0 1 3 % 27,3
40 82 84 116 128 131 137 164 193 205 301 340 344 439 462 484 507 515 623 697 708 712 735 743 744 746 755,0 1 3 % 27,3
50 100 585 725 809 812 813 867 873 899 992 995 996 1021 1056 1082 1175 1178 1183 1244 1294 1300 1305 1355 1361 1362,1 2 3 % 26,3
97 119 178 181 189 190 268 538 636 810 831 857 871 931 993 994 1053 1055 1114 1116 1136 1176 1237 1258 1270 1358,0 1 3 % 26,3
13 39 67 69 135 179 239 278 321 349 393 406 412 433 453 474 509 526 696 730 986 993 1021 1067 1082,0 2 3 % 25,3
126 134 168 231 516 783 790 829 830 836 905 966 973 1019 1028 1034 1088 1135 1149 1156 1202 1204 1231 1263 1292,0 2 3 % 25,3
