2207
356
437
3421
2057
2007
156
3808
3190
2784
3627
3090
883
833
2634
783
2503
602
471
908
321
1585
221
3386
3255
3205
2974
1610
3411
1560
1073
2874
2387
2337
486
2287
923
3601
2237
1650
3370
3807
3757
3270
1775
1725
2939
2452
2889
1038
551
2352
14
2302
451
1765
1228
3741
2377
39
1890
3641
3591
2517
2954
1103
566
79
2367
1880
29
2317
2542
285
2005
235
3806
104
1955
1468
3756
4
3169
2682
1318
2532
2401
194
1995
144
2351
937
2657
2170
2607
3740
3334
119
1483
3640
3153
3590
3103
1333
2647
796
2516
1283
1021
2285
434
921
871
2235
384
2672
821
2135
1648
3449
3399
184
2035
3755
3168
2987
3374
1523
2887
2837
2737
2200
1713
3564
2100
249
1613
1919
2275
18
1738
3589
1688
3489
1638
614
1001
2365
2134
1728
364
2440
1903
133
1803
1316
3067
1703
2530
1116
629
2917
529
42
835
2555
2068
654
2455
117
3769
3282
3719
3232
17
1381
1818
1231
744
2545
694
3207
1356
2670
363
2033
182
3753
263
1496
3297
3653
1933
3734
3247
1396
3197
3553
2710
3147
2660
2885
3322
3272
934
834
3412
197
3768
3362
147
3312
1636
1717
3437
1099
1536
1049
3337
1486
949
2750
2263
412
312
1626
262
1932
2288
3652
81
1882
1701
1651
2965
1114
2378
427
1791
377
733
246
2403
146
2303
1816
3567
3080
1229
1179
2980
2493
2849
2930
2443
2799
1029
2262
2618
2518
2468
1981
3782
1831
3195
1294
2608
2964
1194
707
1500
3220
882
963
3120
863
2583
2096
326
2046
2483
3716
3666
95
3616
1409
3210
3079
3160
3385
1128
3335
947
797
310
2598
2111
2061
160
3731
1961
1474
3450
2086
3400
3350
1499
1012
425
2226
2176
2432
1945
94
581
2301
2788
1764
2201
3515
1614
1564
1514
2341
490
2778
746
2547
696
2903
209
2366
1879
515
2316
2266
9
1729
3093
3530
3043
3480
1629
2862
2943
2456
605
2893
3068
2581
680
2481
1117
630
1944
2381
174
3745
530
1894
3695
480
1794
3514
3108
1744
3545
1694
1432
3720
976
3183
3133
439
1282
3083
876
2546
695
2009
158
595
1422
3710
1859
1678
1628
1984
1447
3248
2761
3198
2711
941
2611
2561
2074
2024
3338
479
2686
1793
2149
1662
1743
3463
1562
2876
1025
3313
2826
1412
388
775
2139
594
2801
57
3578
1677
2114
3428
1527
2841
1477
2304
940
3097
759
2916
709
578
2866
2379
3693
478
1842
1792
22
378
1742
1692
3493
1155
1592
1105
3262
3618
1361
874
3081
3568
3031
2544
337
1180
2981
2494
2444
187
3758
2344
1857
137
1807
3608
1270
1707
1576
3733
1476
3196
1345
939
1295
808
3146
889
1195
658
1972
121
558
3236
1385
3592
1872
327
3361
1591
1104
1947
1897
873
2674
3111
1260
236
1856
1756
1706
2062
3426
1656
2012
1606
2839
3276
2789
938
1375
888
351
2995
1144
2864
2458
2814
2327
2277
1053
1490
953
2673
3060
2929
672
2829
3656
85
35
391
3606
3556
1705
2192
3019
1168
1655
2969
1243
3531
2994
2507
2944
2457
606
1093
687
1043
2407
2894
150
3721
2357
1870
2307
456
3621
1770
3571
3796
2026
3746
1845
3209
3646
3159
952
1795
3109
902
3059
802
2522
752
1985
621
2422
84
2372
1885
390
2191
340
1704
2141
1654
2010
1960
1910
1423
1504
1860
1454
3174
1323
3124
1273
199
2356
992
2225
505
1819
455
2256
2206
1719
3439
1669
3339
1975
3289
1438
2752
851
3364
670
3314
1057
2371
2727
2240
2321
2677
339
3404
3354
2867
1016
3660
1809
1272
3479
2992
3023
2842
2355
504
2792
535
48
1718
304
3469
1131
123
3288
73
1437
3594
23
1337
3057
1156
750
2470
2907
700
1056
650
2857
3684
1833
2008
3809
2039
138
3659
3172
1758
3072
734
2535
684
1121
2485
715
3799
2741
2254
2204
2023
2104
1617
253
2054
3774
1567
1517
3724
1873
1336
2650
2419
2775
1005
2806
2675
2188
1782
2138
2219
2575
2088
3402
1551
1988
3302
1220
3508
3021
2971
2840
1070
2790
1020
2740
2284
383
2103
252
2003
3673
3186
3623
3136
1285
1772
3086
3442
2986
2855
467
548
417
3582
11
367
1731
1681
2118
3707
1887
3607
1400
1837
1350
1219
813
1169
3457
763
1119
1200
2920
2433
1069
663
2383
2333
563
2283
788
301
2589
251
1565
1921
3185
3622
3135
3572
1721
1234
3035
1184
647
2935
2448
597
2573
2167
216
3787
1936
3737
1530
1399
166
1886
1480
3200
1349
3687
1299
3100
1249
3406
531
2332
481
2769
2232
2182
2132
2001
1951
3315
3752
1901
3215
1233
3521
3390
3471
1133
2803
2884
2397
365
2603
2066
215
1579
165
1835
1348
3636
1785
1298
3149
711
661
1017
3305
2281
430
24
380
867
636
149
2000
1950
99
3751
3620
3701
3570
3651
3520
776
1132
2983
3420
1569
2396
545
495
1528
1884
1965
3635
1247
3485
2998
1634
866
379
2230
2667
2130
2486
229
179
1899
1980
1493
3650
1799
3163
3600
3419
2932
1081
1518
2832
2345
3138
931
444
2732
3088
2195
294
2014
244
113
3765
3278
3715
2220
3453
1633
3303
1096
2897
3253
559
996
2716
3203
278
1798
3112
1698
3418
674
1030
3318
2781
2731
524
2244
830
699
649
162
2400
62
3633
3583
3614
1095
3383
1532
639
2359
814
764
2128
2515
2028
177
1847
3648
1797
1341
1697
1210
1291
1647
3011
2961
3317
979
2780
1416
2730
2599
2193
2549
292
729
2399
192
142
1275
267
1094
2895
3251
1044
3151
457
2695
844
2564
2514
2027
2108
2464
2414
1927
382
1746
3416
3497
1646
3366
3010
3447
1059
2779
1009
2729
2810
959
3166
2679
422
2142
2579
728
1911
497
10
1861
447
1811
1274
3481
3562
1224
1661
3331
1024
487
3000
2463
75
1826
1776
3496
1239
2959
1189
2859
3165
1314
2528
2478
1991
140
1941
1810
1891
3024
1479
942
2743
892
3180
2643
2106
692
205
2006
2362
3626
2081
230
1544
3264
2858
3214
1444
907
2708
3014
757
270
139
2427
1940
2296
2196
3510
295
2973
1022
2823
2773
3129
2642
872
2592
2898
2411
1047
2361
460
2261
1774
3425
3294
2807
3244
906
3013
1162
2526
1112
2476
1939
88
38
2326
1839
1789
3509
3409
2922
1071
1558
1152
665
3228
1864
1327
1277
2641
790
2591
1227
2541
2410
153
2391
540
1854
1367
1317
1542
1979
128
1492
1929
3243
1392
3193
1292
2606
2119
2962
2475
2556
2069
218
2912
2506
655
168
1888
2019
1969
118
1838
193
1994
3227
2821
3177
1357
870
2621
2977
770
458
2259
358
3523
2159
2109
3342
3779
2936
2886
1035
3323
2836
985
2705
448
804
2605
2911
2424
2811
2324
2274
3588
1737
1150
1506
1587
3794
1456
1537
3257
1406
919
3563
1712
2976
2489
638
2339
1852
1
488
2289
1802
3522
1671
1571
3728
1390
3191
1827
3628
1240
2991
2373
1967
116
2323
2404
1867
2223
1736
3587
1330
2042
141
3793
3306
1405
3125
2719
3156
818
718
2925
2032
2388
181
2469
3702
1851