0
306
277
256
227
206
177
156
148
127
106
48
27
325
304
296
275
123
94
44
23
342
321
292
271
242
221
213
192
92
267
259
238
209
159
138
28
109
59
9
336
307
286
176
257
126
207
76
332
324
303
274
203
93
174
43
14
291
241
89
39
120
10
318
208
158
108
58
29
8
335
204
285
154
235
125
104
54
25
4
302
273
252
223
202
194
152
144
319
269
350
219
300
169
140
119
90
61
40
11
338
317
288
136
115
107
86
57
36
7
334
305
284
255
234
205
155
105
301
280
222
201
180
151
122
101
72
22
349
320
299
270
249
139
220
68
18
345
337
316
295
287
266
237
216
187
166
56
137
6
87
254
233
102
183
52
133
2
83
331
281
171
121
42
21
348
327
217
298
167
248
117
198
88
38
17
315
265
346
236
215
165
34
13
5
232
313
182
263
153
132
103
82
74
53
32
24
3
330
178
149
128
99
78
70
49
20
347
297
268
247
226
218
197
168
147
118
314
293
264
243
214
193
143
135
114
85
64
35
341
333
312
262
60
31
329
308
279
258
250
229
200
179
150
129
19
100
50
246
225
196
175
65
146
15
96
46
344
323
294
244
134
113
84
63
340
311
290
261
240
130
211
161
51
30
1
328
278
228
309
199
47
26
245
326
195
276
145
116
95
66
45
37
16
343
322
191
272
141
91
62
41
33
12
339
310
289
260
239
231
210
189
181
160
131
110