766 779 821 827 882 886 908 949 962 1004 1008 1015 1030 1069 1076 1091 1132 1187 1193 1248 1254 1267 1309 1315 1370 , 1 % 25 , 1
86 93 123 181 233 241 280 318 322 401 421 480 537 561 649 667 739 764 825 909 1030 1031 1091 1130 1191 1252 1313 , 2 % 27 , 1
123 189 230 374 400 418 429 478 480 554 593 612 721 748 753 786 819 847 880 893 908 947 1015 1037 1076 1098 1152 1185 1246 1274 1335 1368 , 2 % 32 , 1
19 59 62 99 135 151 153 168 184 231 291 303 341 359 372 377 386 388 394 416 420 463 465 493 543 560 581 602 606 673 692 732 , 1 % 32 , 1
3 24 27 39 162 200 218 220 381 386 393 412 420 434 442 453 463 482 531 696 805 806 830 836 966 988 989 1019 1028 1110 1135 1231 1257 1292 1332 1339 1354 1355 , 3 % 38 , 1
7 18 25 34 95 97 172 178 277 283 285 286 307 326 419 425 497 502 535 569 583 591 636 649 658 711 739 848 941 962 970 1010 1069 1071 1092 1124 1214 1267 , 2 % 38 , 1
62 74 138 182 185 191 203 210 251 267 308 358 375 383 416 422 448 493 552 597 602 607 610 692 699 701 736 844 851 1027 1042 1172 1210 1217 1233 1271 1278 1294 1333 , 3 % 39 , 1
30 60 119 147 155 190 209 213 232 246 247 268 293 298 337 410 417 491 559 564 578 681 698 750 754 773 781 794 834 842 855 956 977 1078 1086 1160 1221 1282 1343 , 2 % 39 , 1
19 29 51 54 55 64 82 102 131 137 138 152 160 164 193 206 253 263 269 271 274 311 340 422 432 462 503 508 534 567 594 608 613 622 642 664 708 720 722 724 744 , 0 % 41 , 1
2 11 70 88 101 127 171 198 237 245 256 281 310 387 403 458 518 523 590 599 625 633 635 639 644 660 672 705 741 801 839 900 922 936 1044 1058 1105 1144 1166 1167 1228 1289 1349 1350 , 1 % 44 , 1
349 765 820 821 826 827 841 845 866 913 929 967 1003 1004 1035 1049 1051 1064 1110 1112 1131 1146 1150 1165 1171 1186 1187 1193 1207 1226 1232 1244 1248 1254 1268 1272 1287 1293 1301 1303 1305 1340 1356 1369 , 0 % 44 , 1
766 780 784 799 805 853 860 869 876 878 883 887 927 942 943 948 963 982 988 1004 1009 1059 1064 1065 1070 1120 1125 1126 1132 1158 1174 1179 1181 1183 1219 1235 1240 1242 1249 1280 1296 1310 1314 1354 1370 , 0 % 45 , 1
46 69 149 154 169 262 295 297 307 367 391 430 470 483 556 565 586 588 617 657 717 768 777 780 823 890 891 945 979 1003 1012 1013 1024 1073 1074 1125 1134 1162 1179 1195 1240 1256 1275 1301 1305 , 3 % 45 , 1
26 156 209 217 222 380 494 538 554 651 653 666 719 729 749 771 781 793 832 854 915 954 964 969 976 1002 1137 1139 1147 1159 1185 1198 1200 1208 1213 1220 1259 1261 1269 1281 1307 1320 1322 1330 1342 , 2 % 45 , 1
15 64 101 129 140 147 164 205 215 246 255 269 335 363 411 439 450 458 464 564 702 706 719 743 754 755 758 767 886 895 944 947 1005 1011 1017 1032 1071 1072 1078 1083 1093 1313 1323 1327 1337 1342 1344 , 3 % 47 , 1
5 12 28 151 163 200 239 271 279 296 303 304 321 370 378 388 390 406 474 492 506 526 598 619 730 751 775 820 841 865 881 897 928 952 988 1040 1080 1111 1141 1170 1202 1204 1247 1263 1265 1268 1308 , 3 % 47 , 1
63 155 178 181 209 247 283 497 537 578 649 719 721 778 800 814 861 862 875 885 907 914 923 961 983 984 997 1007 1014 1029 1036 1045 1068 1075 1090 1097 1106 1119 1144 1180 1205 1227 1228 1241 1266 1288 1302 1327 1363 , 1 % 49 , 1
7 97 502 569 583 658 764 771 781 786 815 825 832 842 847 882 888 893 937 941 943 947 964 998 1010 1037 1059 1063 1071 1098 1120 1126 1130 1137 1147 1152 1191 1208 1213 1221 1252 1254 1269 1274 1313 1320 1330 1335 1343 1364 , 1 % 50 , 1
13 25 67 68 83 95 112 167 179 370 405 433 474 488 527 595 656 769 780 796 804 823 829 838 857 902 918 926 958 960 963 987 1048 1050 1064 1101 1109 1128 1143 1146 1186 1189 1207 1223 1250 1284 1318 1324 1329 1353 1369 , 3 % 51 , 1
51 57 79 159 224 265 362 395 431 517 524 541 596 703 708 784 796 797 845 851 857 858 878 906 912 918 919 927 967 979 1034 1040 1041 1049 1089 1101 1102 1150 1162 1163 1183 1211 1223 1224 1244 1272 1284 1285 1305 1333 1345 1346 , 1 % 52 , 1
4 17 21 58 60 103 110 140 141 186 192 225 255 288 294 300 315 331 335 352 360 382 415 450 457 496 522 536 547 553 564 571 585 592 627 629 631 632 702 895 900 903 936 1017 1022 1025 1038 1058 1083 1097 1099 1119 , 2 % 52 , 1
25 93 285 326 401 591 629 636 739 773 793 794 816 834 854 855 876 903 915 938 954 956 969 977 999 1010 1025 1038 1065 1078 1086 1099 1121 1124 1137 1139 1159 1160 1181 1182 1198 1200 1220 1242 1259 1261 1281 1282 1303 1322 1342 1365 , 1 % 52 , 1
1 5 15 24 32 38 50 55 62 66 72 74 81 92 101 128 150 188 193 205 210 223 250 272 308 309 325 379 387 398 416 439 458 468 484 507 558 568 580 585 590 624 633 652 660 669 683 705 707 712 743 746 755 , 0 % 53 , 1
15 29 31 49 50 73 79 100 110 126 130 143 145 157 158 175 184 201 220 224 231 250 282 311 312 320 329 349 351 449 458 514 516 545 558 577 620 670 671 672 673 682 683 707 710 716 745 900 914 916 1036 1158 1180 1363 , 2 % 54 , 1
15 26 29 58 66 73 119 143 145 157 165 175 188 190 201 228 255 268 282 320 335 351 360 371 415 445 449 450 491 496 547 632 652 653 663 670 671 681 682 683 689 698 702 705 716 725 733 741 849 910 971 1022 1032 1083 1093 , 1 % 55 , 1
18 42 76 107 166 195 197 208 249 252 277 278 286 305 307 345 385 395 414 425 473 490 509 525 535 548 575 587 591 650 693 711 762 787 813 848 864 874 878 942 951 970 1024 1047 1085 1153 1183 1214 1230 1244 1291 1309 1311 1317 1326 1345 , 3 % 56 , 1
19 22 72 108 109 120 135 136 144 223 287 323 343 354 355 372 384 416 423 426 441 455 512 521 542 563 572 576 611 646 655 695 713 726 732 756 759 783 790 866 867 905 906 912 927 973 1034 1049 1088 1089 1095 1110 1149 1156 1171 1196 1232 1257 1271 1293 , 3 % 60 , 1
4 18 21 50 95 100 103 110 130 156 158 186 189 250 277 286 300 307 311 315 318 352 360 419 425 429 494 535 545 553 554 558 571 577 585 620 629 651 653 707 711 750 753 788 793 819 877 880 895 916 976 1002 1017 1060 1154 1185 1215 1243 1246 1276 1304 1307 1337 1368 , 1 % 64 , 1
99 227 465 593 604 727 732 787 792 808 815 817 822 828 833 848 853 854 874 888 902 906 921 937 943 949 975 991 998 1000 1005 1010 1024 1028 1043 1066 1085 1089 1097 1104 1113 1138 1153 1159 1188 1191 1199 1204 1213 1214 1220 1252 1260 1275 1281 1288 1302 1307 1315 1329 1333 1348 1357 1364 , 0 % 64 , 1
8 36 43 48 52 53 54 61 77 111 132 133 169 177 197 199 206 257 275 289 292 295 313 316 317 333 338 353 364 392 397 399 407 437 438 444 454 472 490 507 513 515 520 530 548 596 609 626 634 641 645 648 665 675 686 688 690 700 718 913 967 980 1035 1096 1325 , 1 % 65 , 1
3 19 24 28 62 74 98 108 121 138 153 191 210 211 223 254 267 270 308 354 381 383 389 416 422 434 552 560 572 597 607 611 699 701 783 796 803 844 851 857 905 912 919 925 966 973 979 1027 1034 1047 1088 1095 1102 1108 1149 1162 1210 1217 1223 1230 1271 1278 1284 1291 1332 1345 1352 , 2 % 67 , 1
1 23 52 92 114 131 150 207 212 244 266 289 302 317 318 326 419 432 452 459 460 468 505 538 566 567 580 591 605 662 687 688 722 724 729 731 738 742 787 803 821 826 882 884 899 909 925 986 996 1006 1021 1067 1082 1108 1169 1187 1192 1234 1238 1239 1245 1248 1253 1295 1298 1306 1336 1352 1362 , 3 % 69 , 1
7 35 46 53 65 67 75 93 97 106 115 117 132 140 155 156 158 163 179 208 209 221 232 235 239 244 247 257 264 294 295 299 304 313 331 369 370 385 391 401 414 429 433 446 456 479 502 506 514 523 526 527 532 555 559 564 571 578 583 614 627 636 659 672 678 681 710 751 754 761 911 918 1094 1101 1345 , 0 % 75 , 1
16 36 44 53 56 60 80 96 108 109 118 125 149 183 189 207 212 228 234 243 256 259 273 282 290 301 317 319 333 348 356 358 360 363 378 396 399 403 429 455 461 467 473 474 481 489 491 493 494 504 505 512 536 542 553 554 566 573 575 601 602 630 638 644 645 651 655 662 688 689 714 717 730 734 757 , 0 % 75 , 1
13 19 22 24 28 72 74 98 106 109 120 121 124 138 144 173 185 191 200 203 211 219 223 227 251 254 270 271 284 287 304 308 323 343 350 358 370 375 381 383 384 389 393 422 426 427 434 441 442 448 455 492 495 512 531 542 552 563 572 576 597 602 604 607 646 655 656 684 695 699 701 713 727 730 756 , 1 % 75 , 1
9 12 18 31 49 63 83 90 111 114 141 147 154 174 180 187 192 197 242 246 262 265 279 285 293 302 307 312 318 329 339 362 373 380 402 410 414 419 424 425 430 454 456 490 517 535 546 548 556 565 569 586 587 591 618 626 631 635 665 693 696 711 719 739 796 917 924 925 979 1033 1040 1100 1108 1162 1338 1339 1352 , 0 % 77 , 1
33 86 124 134 173 185 219 230 236 241 284 341 350 418 421 427 529 543 606 612 656 729 762 769 771 801 811 814 835 836 839 862 872 884 889 907 922 936 952 954 956 961 964 977 994 997 1006 1015 1017 1021 1025 1029 1048 1072 1082 1114 1144 1167 1177 1201 1228 1237 1238 1245 1262 1263 1276 1289 1298 1299 1306 1311 1317 1322 1326 1328 1330 1334 1343 1358 1363 1368 , 0 % 82 , 1
27 45 47 59 95 182 202 224 390 397 509 561 649 687 721 736 774 775 778 782 788 810 811 824 831 843 849 865 871 879 891 893 895 897 900 903 916 931 957 958 984 987 993 1013 1018 1019 1022 1038 1048 1053 1054 1055 1067 1074 1076 1078 1083 1086 1099 1109 1115 1116 1129 1136 1140 1141 1154 1170 1176 1184 1190 1197 1202 1209 1215 1231 1251 1258 1270 1292 1318 1320 , 0 % 82 , 1
1 12 20 27 32 68 76 78 82 83 90 92 107 137 150 154 161 162 166 182 195 204 208 212 218 249 262 278 279 297 309 314 340 345 349 355 367 376 385 390 406 432 451 460 462 482 488 505 506 526 527 534 556 565 566 567 575 580 586 587 588 589 605 617 619 624 657 685 696 715 722 724 726 744 746 751 920 928 974 1042 1050 1103 1111 , 1 % 83 , 1
0 3 6 8 14 37 39 52 58 84 94 100 103 105 112 120 129 130 148 153 161 175 177 186 211 228 240 261 275 289 324 328 332 335 344 347 348 354 357 361 366 367 368 376 413 428 440 442 443 445 450 453 477 485 487 496 510 519 520 528 531 541 547 549 551 552 595 609 620 621 628 637 653 654 670 680 697 698 706 709 715 725 735 741 753 760 , 0 % 86 , 1
35 44 46 56 84 87 113 114 116 117 125 149 167 169 183 187 196 221 240 243 260 263 264 273 296 301 328 339 344 366 385 391 402 405 409 424 430 468 469 471 473 477 483 485 486 499 504 519 526 533 584 595 598 600 614 616 623 637 638 643 661 676 679 687 697 704 712 717 723 735 737 747 752 776 791 837 852 898 959 1020 1081 1142 1157 1203 1218 1264 1279 1325 1340 , 1 % 89 , 1
30 41 42 69 77 78 139 162 169 176 178 181 218 266 280 296 306 326 355 406 407 423 469 482 495 497 509 533 537 588 610 615 617 650 657 661 667 675 677 726 747 759 804 818 844 856 858 863 885 892 896 897 926 932 933 940 946 953 965 971 1001 1007 1014 1026 1027 1032 1041 1045 1062 1079 1080 1106 1123 1148 1210 1224 1229 1271 1283 1290 1323 1324 1327 1331 1337 1350 1353 1359 1360 , 0 % 89 , 1
9 10 23 38 51 57 107 116 142 160 167 169 177 195 196 249 251 260 275 296 313 314 316 333 345 366 384 390 435 438 441 472 485 507 521 525 546 574 579 587 589 616 623 664 674 685 693 700 704 708 712 718 746 769 795 830 856 879 890 891 917 931 933 951 952 978 994 1012 1013 1039 1053 1055 1073 1074 1100 1114 1116 1135 1161 1184 1196 1216 1222 1257 1277 1283 1306 1318 1344 1367 , 2 % 90 , 1
10 23 26 43 68 79 87 119 159 166 167 190 216 217 222 225 249 268 277 278 286 287 297 298 305 314 330 337 338 353 382 392 395 400 417 431 435 441 444 460 466 470 480 483 488 499 501 525 574 579 587 589 592 598 600 605 641 646 658 666 674 703 731 738 748 749 789 790 803 857 912 919 972 973 986 1039 1046 1047 1095 1100 1107 1155 1156 1169 1223 1284 1332 1344 1346 1351 , 0 % 90 , 1
0 1 14 20 32 40 48 54 67 76 82 90 92 131 137 150 179 199 206 219 278 284 292 304 309 340 357 364 373 427 433 451 459 461 462 467 486 505 513 515 530 534 542 567 580 588 609 617 624 634 657 690 715 722 737 744 768 789 810 811 829 850 871 872 911 924 926 932 972 985 993 1033 1039 1046 1048 1054 1073 1094 1109 1115 1134 1155 1176 1177 1195 1237 1238 1256 1298 1299 1317 1338 1359 1360 , 2 % 94 , 1
3 5 22 39 41 45 47 72 80 98 106 109 112 120 135 139 144 161 163 176 202 203 207 212 239 244 263 271 299 306 321 323 356 358 370 376 378 393 412 414 432 442 448 453 455 468 474 481 487 493 495 512 531 542 551 563 573 602 615 655 662 677 692 713 724 730 756 775 802 804 836 863 864 865 897 958 986 987 1019 1080 1107 1141 1168 1169 1170 1202 1229 1231 1237 1263 1290 1292 1324 1351 1353 , 2 % 95 , 1
126 194 200 220 231 291 359 386 388 394 420 516 562 684 740 767 772 786 793 800 812 813 825 829 838 840 846 847 861 873 880 914 930 939 944 950 955 960 969 970 976 983 995 996 1012 1016 1036 1052 1056 1057 1061 1063 1071 1122 1127 1128 1130 1133 1143 1145 1151 1152 1159 1166 1178 1180 1185 1189 1191 1194 1196 1206 1212 1227 1236 1239 1241 1246 1250 1255 1256 1265 1267 1269 1273 1274 1282 1297 1300 1321 1336 1341 1362 1366 1371 , 0 % 95 , 1
765 766 772 779 780 787 815 816 820 821 826 827 833 840 841 876 877 881 882 886 887 888 894 901 902 937 938 941 942 943 948 949 955 963 998 999 1003 1004 1008 1009 1016 1023 1024 1059 1060 1063 1064 1065 1070 1077 1084 1085 1120 1121 1125 1126 1131 1132 1138 1145 1146 1153 1181 1182 1186 1187 1192 1193 1199 1206 1207 1242 1243 1247 1248 1253 1254 1260 1267 1268 1275 1303 1304 1308 1309 1314 1315 1321 1328 1329 1336 1364 1365 1369 1370 , 2 % 95 , 1
0 3 5 9 10 14 23 28 33 39 40 41 42 45 47 67 69 80 108 112 122 131 134 136 139 163 166 176 179 202 207 210 236 239 244 252 266 267 299 302 305 306 321 327 354 356 357 373 378 412 414 423 433 435 442 452 453 459 461 467 470 474 481 487 509 521 525 546 551 573 574 579 589 610 611 615 650 662 674 677 693 731 736 738 742 759 798 806 859 867 981 989 1164 1172 1225 1233 1286 1294 1347 1355 , 1 % 100 , 1
65 81 85 86 94 123 164 174 205 213 235 259 269 312 319 322 325 330 337 365 379 382 439 456 479 484 501 510 511 514 532 592 593 601 612 647 659 710 734 743 755 758 768 777 802 810 811 860 863 871 872 874 899 911 921 924 929 932 933 985 993 994 996 1021 1033 1043 1046 1051 1054 1055 1082 1094 1104 1107 1112 1115 1116 1143 1165 1168 1176 1177 1179 1184 1226 1229 1238 1239 1240 1245 1287 1290 1298 1299 1301 1306 1326 1348 1351 1359 1360 1362 , 1 % 102 , 1
4 17 21 25 61 133 145 170 204 213 226 233 248 251 252 283 288 300 306 315 320 343 351 352 372 375 384 404 405 409 436 437 452 457 459 471 476 498 521 522 524 538 576 584 596 619 643 648 668 671 676 679 686 691 694 695 716 723 728 742 745 748 752 763 770 783 795 797 802 850 851 864 904 905 910 923 966 978 980 985 986 1034 1041 1068 1075 1087 1088 1093 1102 1149 1161 1163 1168 1216 1217 1222 1230 1277 1278 1285 1291 1312 1319 1367 , 0 % 104 , 1
13 34 107 122 123 151 168 172 184 195 303 322 345 374 377 426 463 478 492 581 606 673 764 768 773 777 779 781 785 794 809 819 823 830 832 834 842 855 870 875 886 890 894 899 901 908 909 915 934 935 941 945 947 951 962 968 992 997 1002 1008 1011 1023 1030 1031 1037 1044 1058 1069 1073 1077 1084 1090 1091 1092 1098 1105 1117 1118 1119 1124 1134 1135 1137 1139 1147 1160 1175 1195 1198 1200 1205 1208 1221 1257 1259 1261 1266 1282 1313 1316 1321 1335 1342 1349 1361 , 0 % 105 , 1
2 33 37 55 61 63 77 105 122 124 129 170 182 185 218 226 228 238 242 245 265 319 324 332 334 346 347 355 359 363 365 369 386 392 397 405 411 431 437 463 466 469 475 479 483 498 501 510 511 518 528 549 582 600 601 619 628 633 641 643 647 648 656 659 668 669 678 686 691 714 726 734 757 759 760 767 785 788 800 828 846 849 885 910 922 944 950 968 971 983 1007 1032 1044 1066 1093 1105 1127 1133 1151 1166 1194 1205 1212 1227 1255 1273 1288 1316 1334 1349 , 2 % 110 , 1
34 37 55 60 71 89 96 105 118 128 129 140 146 148 164 172 214 217 222 229 230 238 241 246 248 258 294 298 324 331 332 334 346 347 363 369 404 408 410 411 417 418 421 436 440 476 478 522 528 536 539 544 549 550 557 564 570 613 621 627 628 631 666 669 678 706 728 749 789 792 795 812 813 818 850 853 856 873 879 896 904 917 931 934 935 940 972 975 995 1001 1018 1039 1053 1056 1057 1062 1100 1114 1117 1118 1123 1155 1178 1197 1216 1219 1258 1277 1300 1338 1361 1362 1367 , 1 % 113 , 1
11 13 27 43 49 65 66 70 88 89 94 99 101 118 127 133 151 157 159 165 168 171 173 174 188 198 200 235 236 237 256 259 272 281 303 310 330 338 350 353 362 371 377 387 388 398 403 413 420 426 440 445 456 475 492 517 523 524 532 540 590 599 610 621 625 635 639 644 652 660 663 684 689 694 703 705 714 725 732 733 736 741 778 792 814 822 839 853 875 883 907 961 975 997 1005 1029 1090 1144 1154 1188 1215 1219 1241 1249 1266 1276 1280 1302 1310 1327 1337 1341 1371 , 2 % 113 , 1
4 21 32 53 80 82 90 100 137 141 145 161 183 204 212 260 263 264 285 299 300 309 313 314 315 320 349 351 352 356 376 397 399 407 451 461 467 481 485 486 487 505 522 533 534 551 571 573 579 589 609 624 629 658 671 676 679 685 716 737 744 765 807 810 811 812 815 817 833 860 868 871 872 873 876 877 879 901 908 935 939 982 990 993 998 999 1000 1004 1023 1031 1057 1059 1061 1092 1118 1122 1131 1160 1165 1173 1176 1177 1178 1184 1226 1237 1287 1299 1300 1303 1304 1366 1370 , 3 % 113 , 1
2 11 22 40 48 62 70 71 73 76 85 88 89 91 98 104 110 113 116 121 127 135 142 143 144 146 157 165 171 191 196 198 201 203 214 237 238 245 254 255 258 260 267 270 276 281 292 309 310 321 323 327 334 336 342 346 365 371 383 389 393 408 411 412 415 438 447 448 449 450 472 475 486 500 511 518 539 540 544 545 550 552 557 560 563 570 577 582 599 603 611 616 623 625 629 632 639 640 647 663 682 685 692 699 700 702 704 713 718 733 737 750 756 758 , 0 % 114 , 1
8 35 44 53 56 64 69 84 113 114 115 125 142 166 183 215 221 227 240 243 252 253 262 264 287 295 302 305 328 343 344 372 375 395 452 460 470 473 477 504 519 526 576 594 595 604 605 608 637 638 646 679 695 696 697 727 731 735 738 762 777 784 809 818 823 838 845 870 873 879 884 896 904 923 939 945 960 967 988 992 995 1001 1006 1026 1045 1061 1067 1087 1089 1106 1122 1123 1128 1143 1175 1178 1189 1204 1211 1232 1236 1239 1245 1250 1265 1293 1297 1300 1311 1326 1333 1354 1358 1361 , 2 % 114 , 1
11 29 51 55 58 73 79 81 84 86 89 96 102 104 123 143 152 160 171 172 193 198 230 237 253 257 258 261 272 274 280 322 325 331 334 337 342 346 363 365 369 387 398 408 410 415 449 491 496 508 511 532 539 544 550 557 559 590 594 608 613 622 630 631 632 633 642 660 664 720 750 760 764 766 778 793 828 900 910 949 954 956 965 971 976 978 1008 1022 1037 1038 1044 1066 1068 1069 1079 1086 1087 1098 1099 1100 1127 1130 1132 1139 1140 1148 1154 1188 1194 1255 1315 1322 1331 1338 1342 1349 1371 , 3 % 117 , 1
30 102 104 141 147 152 170 192 209 226 232 233 272 274 276 280 293 342 374 380 398 400 413 428 464 475 480 498 503 508 537 538 540 559 561 582 622 627 640 642 667 668 691 694 720 729 748 754 760 763 767 770 774 782 785 808 809 822 824 828 831 835 843 846 853 869 870 883 889 892 930 944 946 950 953 957 965 968 978 991 992 1005 1011 1026 1052 1066 1072 1079 1087 1113 1127 1129 1133 1136 1140 1148 1151 1158 1161 1174 1175 1188 1190 1194 1201 1209 1212 1222 1235 1236 1249 1251 1255 1262 1270 1273 1280 1283 1296 1297 1310 1312 1316 1319 1323 1331 1334 1341 1344 1357 1358 1371 , 1 % 132 , 1
7 8 9 10 14 20 26 35 36 40 48 50 54 61 77 78 158 170 183 189 196 206 209 222 226 298 328 333 340 357 373 374 400 401 435 462 469 471 480 498 504 515 519 545 546 553 569 574 577 578 584 585 616 635 643 645 661 668 674 675 686 689 691 715 723 725 747 748 752 772 799 809 816 818 840 847 863 870 921 929 931 932 933 934 937 948 992 994 995 998 1001 1009 1030 1054 1055 1056 1060 1065 1070 1084 1112 1114 1115 1116 1117 1120 1126 1145 1152 1197 1199 1206 1213 1221 1229 1236 1242 1243 1258 1260 1267 1269 1274 1290 1297 1314 1356 1359 1360 1361 1365 1367 , 3 % 132 , 1
2 30 38 43 49 65 66 93 111 116 125 156 157 159 165 174 178 181 187 188 201 221 233 240 243 250 256 259 265 294 310 312 316 319 329 336 344 360 361 366 371 379 403 428 431 438 443 472 478 479 494 500 503 507 541 547 554 558 592 599 603 620 637 639 640 644 653 663 682 697 703 714 718 741 757 761 763 770 781 785 789 792 794 801 808 819 834 835 855 861 875 892 893 903 907 911 914 915 916 923 930 940 946 964 977 983 991 1015 1058 1063 1077 1094 1107 1113 1123 1124 1137 1147 1159 1161 1167 1174 1180 1185 1216 1227 1241 1259 1270 1277 1288 1319 1330 1343 1351 1358 1368 , 3 % 137 , 1
6 16 46 71 75 78 81 85 87 91 96 102 104 132 134 146 148 193 194 204 214 234 248 257 258 261 276 290 317 325 336 342 348 361 369 379 391 394 396 402 404 406 407 408 409 423 428 436 443 444 447 454 464 465 471 476 482 488 499 500 508 529 533 541 544 548 550 555 557 562 565 568 570 584 586 596 598 603 606 613 622 626 630 642 654 661 665 675 680 687 706 723 728 740 747 761 776 799 807 808 837 861 868 869 889 892 921 928 929 930 959 983 990 991 1011 1014 1035 1043 1050 1051 1052 1068 1072 1075 1096 1104 1111 1112 1113 1142 1165 1173 1174 1203 1226 1234 1235 1264 1287 1295 1296 1325 1348 1356 1357 , 2 % 145 , 1
0 60 63 87 97 103 110 115 119 127 130 133 155 175 177 180 186 190 199 216 217 224 228 232 235 242 247 248 268 275 282 290 292 293 311 330 338 353 364 368 380 392 404 409 417 429 436 437 445 446 466 476 477 479 499 501 502 513 520 523 524 530 536 555 583 593 596 618 627 636 641 648 659 666 670 672 681 690 700 704 707 709 712 721 728 739 745 746 749 779 786 802 808 824 831 832 842 846 850 853 862 869 880 887 894 921 924 938 943 953 955 962 968 969 975 984 985 1016 1033 1043 1046 1051 1053 1062 1091 1104 1114 1121 1129 1136 1138 1151 1158 1168 1175 1181 1182 1190 1208 1212 1219 1228 1235 1246 1251 1273 1280 1282 1289 1296 1302 1307 1321 1328 1335 1348 1364 , 3 % 157 , 1
6 16 17 31 38 49 64 75 91 115 142 160 180 193 215 216 225 234 242 253 261 288 290 329 336 348 361 368 396 443 446 447 457 466 489 500 555 568 594 603 608 618 630 654 664 680 709 714 745 757 761 762 769 775 783 790 799 803 804 805 807 817 823 829 830 836 838 844 851 864 865 866 868 884 890 891 897 905 925 926 939 945 951 952 958 960 966 973 982 986 987 988 990 1000 1006 1012 1013 1019 1027 1028 1047 1048 1061 1067 1073 1074 1080 1088 1095 1108 1109 1110 1112 1122 1128 1134 1135 1141 1143 1149 1156 1169 1170 1171 1173 1183 1189 1195 1196 1202 1204 1210 1217 1230 1231 1232 1234 1237 1250 1256 1257 1263 1265 1271 1278 1291 1292 1293 1295 1311 1317 1318 1324 1332 1339 1352 1353 1354 1356 1366 , 1 % 160 , 1
6 16 17 31 34 37 44 56 57 70 75 85 88 91 94 113 117 132 142 148 174 192 213 214 225 234 241 245 261 273 276 281 283 288 301 339 347 348 362 382 396 402 418 421 424 444 447 454 456 457 489 497 510 514 517 518 532 537 561 568 570 582 600 601 612 614 623 625 626 628 634 638 647 649 651 652 654 665 667 678 680 683 694 698 705 708 710 733 734 735 753 771 773 774 782 788 795 800 814 822 825 827 839 843 849 854 856 883 885 896 904 917 922 936 941 957 961 972 997 1002 1007 1014 1018 1025 1026 1029 1036 1039 1045 1052 1075 1076 1090 1097 1105 1106 1119 1144 1155 1166 1191 1193 1198 1200 1201 1205 1209 1215 1220 1222 1249 1252 1254 1261 1262 1266 1276 1281 1283 1310 1312 1320 1330 1334 1341 1350 1357 1363 , 3 % 168 , 1
12 36 42 52 59 68 83 111 117 128 149 152 154 162 164 180 187 197 205 208 216 229 266 269 273 274 279 289 291 295 297 301 339 341 367 368 385 394 399 424 430 439 446 484 489 490 503 506 509 520 527 539 543 556 565 566 575 581 614 618 640 645 650 676 688 709 717 720 742 743 751 752 755 758 763 770 774 782 791 798 801 805 806 812 813 817 824 831 835 843 852 859 860 862 866 867 874 878 898 899 906 913 920 927 934 935 940 946 953 957 965 974 981 982 984 989 995 996 1000 1018 1020 1021 1028 1042 1049 1056 1057 1062 1079 1081 1082 1103 1110 1117 1118 1129 1136 1140 1148 1150 1157 1164 1167 1171 1172 1179 1183 1190 1197 1201 1209 1218 1225 1228 1233 1240 1244 1251 1258 1262 1270 1272 1279 1286 1289 1294 1301 1305 1312 1319 1323 1331 1340 1347 1350 1355 1362 1366 , 2 % 178 , 1
152 274 503 640 720 763 770 774 782 824 831 835 843 946 953 957 965 1079 1129 1136 1140 1148 1190 1201 1209 1251 1262 1270 1312 1319 1323 1331 , 1 2 % 32 , 2
