843
466
1322
0
306
1062
106
98
1370
1241
471
1256
321
271
729
242
221
700
1077
213
1027
1006
490
1275
259
1073
565
515
28
1321
457
1271
407
865
734
1121
634
126
715
584
76
1042
890
353
324
1138
601
203
43
124
14
728
1186
1076
170
39
1005
1332
845
447
1232
745
389
208
487
1199
691
1149
641
235
562
533
910
991
1347
273
731
223
152
1343
777
756
1235
748
219
140
954
61
896
875
1354
1333
338
136
544
57
36
892
1329
334
713
692
1040
532
613
482
961
453
301
1136
738
122
72
22
1365
378
1205
1251
1201
1180
824
337
643
1101
614
593
1270
872
364
1068
1018
997
531
918
758
121
956
1037
550
1364
987
348
327
217
675
117
365
1302
236
215
694
513
5
819
1298
413
740
719
1177
690
661
1017
1098
988
967
74
511
1367
1346
380
1296
1034
657
149
607
586
78
49
884
20
1182
784
297
247
226
1163
1032
168
147
953
801
264
1209
214
143
999
135
35
1328
283
1097
720
408
1243
358
1324
816
258
556
129
506
935
448
885
246
1060
65
1031
96
952
1308
902
881
771
1229
323
1179
1150
1129
592
84
877
717
688
638
617
1075
588
538
509
1344
1323
836
228
199
1369
1290
863
1211
1190
980
503
393
830
1330
699
1178
599
570
549
62
818
797
1145
768
747
210
189
668
1016