2207
356
0
3702
2644
793
2157
1851
2594
743
2107
3421
2007
3808
1957
1470
3190
2784
3140
3221
833
2553
3040
2634
2990
2584
1089
2809
958
552
2272
2759
371
3536
321
271
2072
3436
3386
3742
1048
2899
1535
3336
3692
3205
948
3155
3461
1254
3411
2924
1073
2874
2387
2824
973
486
2774
436
3601
386
2187
3551
3501
2137
1650
1519
3451
3320
3401
3757
1063
1419
1775
1288
1550
3139
3576
3526
2502
651
1138
2939
2452
551
14
2302
1765
2121
401
1715
2071
3435
1228
1584
2377
3741
3204
1353
1840
1790
3591
1740
2567
1203
716
3004
2517
2954
2467
616
2336
2417
566
2367
1880
29
2236
2317
2542
691
2055
2492
641
154
2005
3319
104
1955
1468
1905
1418
3169
2682
1318
831
2632
2988
3069
2582
2938
2532
2888
2401
2351
2707
856
500
2657
2170
2607
2120
269
2557
300
2020
3740
1533
1970
119
3690
1483
3284
3640
3153
3234
3103
3184
3540
846
3134
796
2516
2822
1458
971
1052
2285
871
384
1648
3449
1598
3805
3399
2035
3755
1548
3218
3299
1448
3655
3168
3249
2987
3424
3374
2887
1523
2350
499
936
2300
2737
886
399
2200
2150
1663
2100
249
1613
1919
2275
1788
3589
3102
3539
3052
3489
2952
1051
2852
1001
2365
2184
2265
414
2215
364
233
3754
2390
2340
3704
3654
3167
1316
3604
3117
1266
3554
2530
679
2967
1116
1066
2430
2299
2380
2736
1893
348
2555
2455
604
248
1918
1431
3719
1868
17
3232
3669
1818
1331
3182
1281
794
3001
1231
2951
3032
2545
2901
2495
3207
2720
869
3157
1306
463
2670
2620
413
2133
719
2083
313
2520
3753
263
3703
3784
3297
1446
1883
1396
3116
3197
1346
3066
3553
3016
1165
3322
1471
3272
2735
397
347
2635
3462
247
1611
2098
197
3768
3362
3312
974
3181
1686
2123
1717
2950
1099
3387
2900
3337
2850
2313
2750
2263
2700
2213
1676
2113
262
2288
3652
1801
1882
3602
2238
31
1751
1701
1214
3015
1164
3452
2965
2915
2865
1014
2815
2278
1791
2147
2228
1741
2453
683
2403
1916
65
3767
3717
146
1866
3667
1816
3617
3130
1279
3080
1229
3517
1666
2980
1129
642
2849
2493
2930
2443
2880
2262
848
2568
717
361
2518
2468
1981
3782
161
3245
30
3682
1831
3195
3145
1781
3095
2608
2964
3045
1194
707
2733
963
476
3120
2633
2583
326
2046
682
2533
276
145
3797
3310
3747
1896
3616
3260
3697
3210
1359
3160
2021
1534
3385
1971
3335
3285
947
1028
1384
3235
1334
2698
2648
310
2598
747
260
3375
3325
3681
1474
3550
110
1830
1780
2136
1680
2913
3350
1012
3300
2813
2763
2713
862
2663
812
275
2432
2788
94
1945
3615
2251
3565
2201
1714
2151
1614
1127
2978
3415
2928
3365
2878
2341
927
2291
2728
2953
746
2416
646
3730
515
28
3680
1829
109
59
415
3630
2266
1779
9
1729
3093
1242
3480
2993
2943
2456
605
2812
2893
2406
3605
3118
2581
374
3018
324
1117
3795
1944
174
1894
2381
43
3695
1844
3645
3158
3514
1744
3464
1257
1694
1207
2927
1432
3720
1513
1026
3233
1463
3133
439
1232
826
2546
2059
208
2009
645
1959
3679
3629
3710
1678
1547
1984
3348
3785
3298
2761
910
3198
2711
2561
710
2511
173
3338
2330
1843
2199
1974
1793
2149
1662
1743
3463
2049
1562
1512
1025
1462
3263
2776
925
2726
875
2239
2676
2189
2626
2851
2364
2801
2314
594
2395
2264
3578
3528
1677
2164
2114
3428
2941
3378
1527
2891
2841
1477
2791
2304
2610
1246
2560
2916
2429
578
2866
172
2379
528
3643
1792
22
378
3543
1692
3056
1155
1105
3618
924
3081
3031
337
693
1180
2981
1130
643
2494
287
187
3758
56
1907
2394
3708
1857
443
3527
3608
1757
1270
3121
3558
1707
2063
212
3783
3296
1576
1526
3246
3733
3196
1345
3146
1295
939
3096
1245
2559
1195
2459
608
121
558
71
3642
3723
21
2097
1691
1641
1997
1104
3311
3748
1897
1410
3261
3211
1360
3161
3111
2574
2087
2037
186
492
5
2293
2649
2162
2243
1756
2112
3426
1575
3376
2839
988
3276
3226
1375
2689
838
351
2639
2508
2864
2764
2277
2358
2714
3541
3491
2077
226
1540
2904
3341
2854
1003
2804
3029
3110
3466
2979
3060
1209
672
2879
2292
2242
3606
391
1755
1705
3506
3019
1655
2969
1605
3631
60
1374
1243
2994
2507
2944
250
2457
2894
687
2407
3721
506
2357
100
456
2307
1820
50
1770
3490
3621
2257
2076
3796
2026
3746
175
1539
3696
1845
1358
3209
1489
3646
3159
1308
1389
902
3109
771
3059
1208
721
2572
3009
1158
671
2522
752
2472
621
134
2422
2372
1885
2241
2110
2060
1654
240
3324
1604
3274
1910
1860
1373
3174
1323
3124
2637
1273
2537
2050
686
2356
505
2225
2306
2662
405
2125
2612
1769
2206
355
3439
1588
2075
1719
1669
3339
1488
3289
1438
951
2752
3189
3008
2521
670
2877
2471
2827
570
2290
2777
2240
2677
339
2271
289
2090
2040
3354
3304
1809
1322
3042
3529
3123
3479
785
3429
2942
735
2892
2405
554
2842
2355
2305
535
2255
1768
3619
3569
2205
3519
1668
2155
3469
1618
123
3694
1487
3725
23
3107
3594
3007
1237
2957
2470
619
700
2907
2370
600
2320
3684
1833
3634
3809
238
1602
188
3759
1552
1989
138
1858
3709
3222
1452
1808
1402
3122
1271
1758
1352
3072
734
3022
2535
765
1121
3799
2741
890
2254
2204
2154
1667
303
2023
2104
2054
203
3774
3287
3724
1873
3674
3187
1336
1417
1286
3087
1236
749
2600
3037
2550
2419
2775
1055
2856
2369
518
2806
2319
418
2138
2575
2088
368
318
3402
1551
1988
1501
1938
3252
3202
1351
864
3508
3021
2890
2971
1120
3327
633
2840
2790
2871
1020
2384
2334
2690
2284
2153
302
383
3467
3417
2053
2003
152
1516
3673
1822
3542
3186
3623
3136
3492
1772
3005
3392
2905
2986
2368
517
2805
2318
467
954
2268
417
61
3582
3532
3482
2474
1987
623
3707
136
3788
2118
86
1450
3657
1937
1887
3607
1837
3557
1300
813
3020
3507
2970
1119
1200
1069
582
663
2383
532
969
2333
563
2283
432
1796
3647
2152
2102
201
1515
1871
3722
1952
3672
3135
1771
3572
3085
878
1184
2548
2985
778
647
2935
2448
597
2267
416
2623
853
2167
316
2523
2117
1986
3787
1936
2017
3737
1886
1480
3687
1349
3200
1836
1786
1380
3100
2613
2382
2819
968
2688
2282
431
2101
2182
331
281
2001
3802
1951
3315
3752
1901
1414
3084
1720
1233
3440
3521
3390
2984
3340
2853
2934
2447
3290
2803
3240
2397
1033
2753
2834
2703
365
346
3430
1579
3380
34
3199
1785
3505
3586
1735
1248
3099
3049
3405
711
2918
1198
2999
3355
661
2949
1098
2818
3305
611
2768
917
74
561
430
511
2231
2718
2281
24
817
330
1950
3670
99
3751
49
3620
3701
1850
3520
1182
1263
1619
2983
3420
2933
1082
726
1213
1163
676
2396
1032
2883
626
2833
982
495
576
2783
314
2115
2065
2015
3735
164
1965
1478
1834
1784
1378
891
1734
1247
3098
1197
1634
2998
2948
3254
2717
2230
2667
2617
2130
279
766
3800
229
2030
1899
1980
3700
3213
1362
1493
3650
3163
3600
1749
3113
2932
3369
2882
1031
3238
2832
2701
494
2295
2651
444
2245
394
2195
2064
2145
294
2014
2095
244
1964
113
3765
3278
3715
1733
3453
3484
2997
1633
3353
3434
2947
1583
2816
3303
2897
1046
559
2766
3203
2716
2797
946
2666
328
409
2616
278
359
2029
2385
3749
3393
3699
3649
3162
3112
1261
3468
1748
3549
1698
3418
1161
674
2881
3318
1111
624
2831
3268
574
930
393
2681
830
343
2500
2013
2450
1963
2400
1913
62
3764
1863
3583
1376
1326
1682
3533
3614
1276
1632
2996
3433
3383
1126
2846
1301
814
2615
764
664
1491
1928
77
3648
1441
1797
1878
1391
2234
3548
1697
1210
3011
3448
3317
3267
2549
779
292
2499
729
2043
3763
2399
1862
1943
3663
1812
3613
1581
1094
1531
2895
2845
3201
994
2795
2308
894
2614
407
3101
2695
844
357
2564
2258
2514
2027
307
2108
2464
2414
76
3597
1746
2183
332
3416
3497
1646
1159
3010
2960
3316
1109
2910
1546
3266
1009
2729
3216
2810
2629
2142
372
2579
241
2398
547
1911
1861
10
3662
1811
3612
1761
3512
1661
3281
2794
943
587
1024
537
3050
2563
1199
3000
1976
3727
1876
2363
1745
3596
3677
1826
3546
1695
1289
3496
1239
3396
702
1189
2859
3165
1314
3115
2578
2041
190
677
2478
1991
2347
1810
1891
1760
1841
1710
3511
1304
1660
1173
1966
115
3280
2793
942
1379
2743
2562
2156
2512
2593
2462
2543
2056
2412
2006
155
1875
3726
2312
1906
55
3495
280
1644
2131
230
3395
2031
3345
2858
1007
3214
3164
3064
2658
807
2527
3014
757
2477
1990
139
220
2427
932
2296
526
3610
395
2246
1709
345
2146
3460
1609
1122
3329
3766
2923
1072
3360
2873
3229
1022
3179
2773
435
791
2592
385
2105
610
560
2848
2361
510
3675
1824
460
2311
2211
360
3444
3525
3394
3475
1137
1574
1087
2807
956
3063
725
3013
2526
1112
625
575
88
2376
1889
525
2326
3559
1708
1789
1302
1658
1739
3459
1689
1202
3409
1071
2922
1558
1152
3359
2872
1377
3228
1508
3665
3178
1327
3128
1277
3078
1227
740
2591
3028
690
2410
2004
153
1954
2310
53
1773
2260
1367
1723
3
3574
1804
3524
1673
1542
178
1979
128
1492
3293
1442
78
905
3193
2706
855
1342
3143
3012
2525
2606
2119
2962
2556
2506
655
2375
3739
1888
2325
1838
3689
2631
2144
2094
3358
143
3227
3308
2771
920
3208
1357
3077
3027
820
333
2540
2621
283
2490
2571
720
2309
458
945
895
489
2209
3573
2159
1672
3342
3423
1572
3779
3373
3729
985
3192
2786
3142
448
3092
398
754
2605
2911
1060
573
2861
1010
523
960
2324
3638
423
1787
2224
373
3438
3794
1100
3388
3257
1406
3563
3076
2539
688
1175
638
2439
2389
1902
51
2339
1852
2289
1802
3522
1752
1702
1215
1652
3728
1877
3678
1827
3628
1777
3091
1240
2991
2504
1140
2373
653
2454
1967
2323
553
2273
1867
16
503
3587
1736
2223
3537
2529
2042
272
1942
91
1455
3743
1892
1405
41
3256
2719
1355
2669
2619
2975
2488
2569
2438
2519
2469
1982
131
2338