610
437
560
306
52
1018
531
481
1316
918
156
106
1216
98
679
912
1370
354
304
906
1364
602
958
675
625
596
342
198
1033
750
1106
619
221
1077
213
192
1048
1281
1260
163
1231
977
346
490
215
1181
927
673
1275
13
696
565
769
392
994
363
965
1148
153
1352
132
988
590
357
1192
684
888
24
3
1346
126
1238
607
374
586
1065
557
303
630
93
805
551
530
1132
1336
422
1003
626
10
722
1332
926
672
164
143
135
491
318
85
208
462
637
595
1328
566
312
58
29
262
1118
8
81
204
285
31
154
125
1193
562
583
75
329
766
606
1064
1035
527
19
1362
731
252
223
1108
710
1058
681
1139
1262
1008
144
225
319
1031
756
502
15
981
1358
96
1185
677
423
444
1135
881
1258
1208
598
90
344
1158
1129
244
134
367
113
411
623
1102
544
261
1169
30
509
1273
1244
613
482
961
686
55
534
301
26
1369
1013
1217
455
201
405
1007
753
376
1190
632
1365
1111
1315
299
1134
37
1330
445
416
649
1230
112
1180
316
520
978
868
847
593
1334
1326
310
739
464
639
385
254