843
0
2644
2157
2594
2107
256
2057
1570
3421
3371
156
1520
3321
1957
2784
3627
3090
3171
2684
833
2553
2503
296
2584
602
958
2759
2272
421
2709
371
2172
1685
321
2122
1635
2072
2899
1535
3692
3205
3286
3155
948
1610
1123
1204
3411
2874
2774
2287
436
3601
2237
3551
2187
1700
3501
2137
3370
1650
3451
3320
1063
3270
1775
1288
3089
3526
3039
2989
2939
601
551
1865
2302
2252
401
2121
1715
2071
170
3741
2377
3204
1353
1790
3591
3104
1253
1740
2567
716
666
616
566
2286
1930
2367
1880
2236
335
691
2055
285
641
2005
1955
1468
1855
4
3219
2682
831
3119
2988
3069
2045
2401
194
681
2838
2351
1995
144
856
1343
937
450
2170
631
2607
400
2120
756
350
219
2020
3740
169
1533
1970
1483
3771
1433
69
3234
3590
896
3103
3184
3540
846
3053
2647
796
2516
3003
1021
1283
2822
1052
921
2285
2722
871
384
2672
821
1648
284
3399
3755
1498
3705
1011
3299
3168
3249
3424
3374
2887
1523
986
499
936
886
3564
349
2100
249
3333
1563
1869
1738
3102
1688
3052
3002
2952
614
1051
2852
1828
1778
414
2134
2215
2084
3804
233
102
2440
3754
2390
52
133
2340
3704
1266
3554
1703
679
2480
2917
1066
2736
529
1893
2249
42
348
704
217
2555
298
2505
2018
654
2455
3769
1918
1431
3282
3232
17
3182
1818
2645
794
1281
744
3032
2545
694
2495
3207
2720
1356
463
900
413
2133
282
2520
2033
182
3753
3347
3703
1983
1933
3734
3247
3603
3197
3553
3066
2660
3322
1115
1065
934
2735
884
397
2248
2685
834
2198
347
784
2048
197
1998
147
3362
3668
974
3181
1767
2123
1280
2900
1049
3337
1486
2850
2800
2313
2750
2263
2163
1676
1626
2288
3652
81
1882
31
3602
1832
3552
3065
1701
3502
3015
1164
1601
1114
1064
2428
2865
1014
964
2328
477
1791
2147
2940
2453
196
2403
65
3767
146
502
15
3717
3667
1816
1716
3080
2980
2493
642
2849
2799
592
1029
542
2749
2618
848
361
717
3055
798
2518
261
1981
617
3782
1931
80
1831
1344
1781
3145
2608
1244
2964
3045
1194
707
2914
1500
2733
832
913
426
1269
2633
732
245
2533
195
145
3747
1896
3616
1409
3697
1846
3079
3160
3385
1534
1434
2748
2698
847
1334
2648
2161
310
2598
697
2011
1524
1474
3550
1699
1780
3500
1730
3300
1449
962
2813
2276
2226
375
812
325
275
2432
94
1895
44
3565
1714
2151
3465
1127
3415
1564
1514
2341
2291
440
2597
615
2547
209
2416
3730
2366
28
465
1829
59
1779
3630
9
1729
1242
3580
3530
1192
2993
1142
2943
2456
605
2406
3605
3118
911
861
3018
2531
1117
1944
93
174
3745
1894
2381
2331
3695
3645
3158
1794
3058
1694
3414
1076
2927
1513
3183
2696
926
2646
3133
876
695
2009
158
645
595
1959
3679
3760
3273
3710
1859
8
3579
1547
1984
3785
1934
3248
2761
3198
1347
860
2711
3148
2661
941
2611
2511
660
1974
2686
1793
2149
3513
1612
3413
1512
2876
3263
925
2239
388
2676
825
2626
594
2395
2751
57
3578
1727
2114
3428
1090
1527
990
2791
2304
2966
2560
2916
222
578
2866
609
122
1842
428
1792
378
1742
1205
1592
1105
3618
3131
924
3212
1361
3081
3031
2544
693
2981
2494
287
2931
1080
593
3758
543
2394
56
493
1857
3658
3608
1757
1270
3121
2063
3783
1445
3733
3246
1039
3683
3146
808
3096
1245
839
708
789
2509
2459
608
2409
558
1922
3642
3773
1872
21
3236
2097
2178
2047
1641
1154
1591
1104
1947
3798
1541
3261
1897
3211
1360
2674
1260
2624
2574
236
2524
186
2212
5
2649
2243
1706
1656
1525
1606
2839
988
3276
3226
2739
838
2508
657
3351
2864
607
507
3541
1640
226
1590
3391
2854
3029
3110
1259
2979
672
2392
541
2879
2292
3656
35
3606
3556
1655
1168
3456
1605
3275
1424
1293
3225
3581
887
3094
3531
2994
656
737
2944
1093
2894
200
3721
506
2357
100
2307
1820
2257
1770
3621
3571
2076
3796
1589
1539
175
3696
1358
3646
952
3109
2622
1258
3059
2572
721
802
2522
1158
3009
752
2472
621
134
1985
2422
571
3736
2372
2241
2110
2191
340
2141
1654
2010
2091
1960
1910
1504
3174
1273
786
1223
2050
199
555
2843
2356
992
2225
2712
455
2256
2612
1769
2206
355
2075
1588
1719
1669
2025
2752
901
3189
1338
851
2521
2877
1157
3364
2958
1107
2471
2908
2421
2777
2290
2677
2190
2271
420
2140
3504
289
2090
1603
2040
189
1553
3354
2867
3304
3660
1809
1322
3529
3123
2992
1222
2942
735
2892
2355
504
2305
454
2255
3619
1718
3519
1618
123
1487
3694
3775
3644
1437
1874
3107
1256
3057
3007
2957
1106
619
750
2420
213
1056
2857
600
3684
1833
3634
1783
1602
2039
1552
1989
3709
3659
1808
3609
1758
915
3122
1352
2435
3799
2254
403
353
303
253
1973
2054
3774
1923
1436
3724
1873
1823
749
3037
2550
2906
2856
955
2319
2188
2269
2625
2138
368
2169
318
3402
2038
1988
3352
3789
1938
1451
3252
2765
864
1220
3427
3508
1657
3021
2890
3377
2971
2840
2921
3277
2790
1070
1020
533
2384
2253
2740
2334
2203
352
2284
433
2153
383
3467
1616
2053
3367
3673
3186
3542
3623
3136
3492
1235
3036
2986
648
2368
2318
954
467
2755
2218
1731
3582
1681
2118
2474
1937
1450
3738
36
3607
1400
1837
3557
1350
3507
3020
813
2970
763
1119
1200
1069
582
663
2870
532
613
969
2820
3647
432
2152
1796
2589
738
251
3772
1921
1565
2002
151
1515
1871
1952
101
3185
3672
1771
1284
3135
1365
878
3572
2985
778
1134
647
2498
2935
597
2623
2217
2573
366
2654
2167
2523
2036
2117
1630
1580
1936
2017
3737
1530
1399
1836
3200
3637
3150
1555
1068
1018
531
2738
2819
2332
2769
918
431
381
2051
2001
3802
1951
1901
1414
3265
1364
3440
1233
3521
3034
3390
1670
1620
3340
1133
2984
1083
596
2803
3290
2397
546
2753
2834
2703
365
396
2066
2016
3380
3686
3199
3636
3149
1785
3049
711
1067
2918
3355
1148
1017
2868
2949
1098
74
430
511
2718
380
330
2487
636
1950
3670
99
3751
1900
3620
1363
1800
776
1132
2983
3420
2933
1569
726
676
2883
545
2396
982
2783
2165
751
264
2552
214
2015
164
114
3685
1834
1915
3635
3585
1734
1684
1634
1097
2817
966
2461
3254
1403
2636
866
2230
2667
2180
329
766
1999
2080
1593
229
129
3213
1493
1849
3650
1312
3600
3113
1262
1568
1081
1031
3238
2832
2345
494
981
2782
2651
2245
3088
2064
2145
294
2501
2014
1427
3584
369
3453
3534
1196
2997
1633
2816
1046
2847
946
2566
359
3393
2029
534
47
3699
2335
1848
484
1798
3162
1311
3599
3112
1748
3418
3368
674
2881
3318
1111
1061
2781
37
393
474
2681
2194
343
2013
2450
549
62
3714
3583
12
1813
1326
1682
3614
1145
1226
1582
3383
1532
1045
2846
508
2665
814
2615
764
277
2128
714
227
2515
1978
1491
1928
3648
1797
1878
1391
1747
3598
3548
3061
1697
1291
3011
1160
2961
3317
2830
979
1466
2780
929
3217
2599
2680
829
192
2349
1862
1943
3663
3613
1762
267
1094
2895
2845
994
1481
2795
457
2258
894
2614
407
3101
3051
2564
2158
2027
176
3778
2414
76
2233
382
332
1696
3497
1646
3447
3803
3316
3397
1546
2910
2860
3216
2729
2679
909
2629
291
2579
728
241
3762
3712
2298
1811
3662
1274
3512
1661
3331
637
2844
3281
587
943
1074
1024
2744
893
487
2513
662
2463
612
3777
1926
2363
512
1745
1695
1726
1595
1545
1058
702
2909
1139
1008
3165
3115
1264
2528
2041
190
2478
627
2347
1941
1891
3611
1841
3561
1304
3024
1173
1966
1479
115
3280
2793
1429
942
892
2693
2643
2512
2593
2106
255
2462
2412
2362
105
1906
3626
55
280
2081
3445
1594
1544
3264
3345
2808
3164
2627
2708
2221
2577
3064
370
2658
807
270
1990
139
2477
220
2427
526
3610
1759
1709
3510
3460
1609
2973
3766
2923
3279
3360
1022
2742
2773
3129
435
2592
385
254
610
741
2848
2311
2261
3575
3394
1187
3475
3425
1574
1087
2807
956
1037
550
2757
725
2526
675
1112
3790
2376
525
1889
2326
1839
1789
1302
1658
3509
1739
3459
1689
2922
1558
3228
1864
1277
2641
2591
740
3028
2541
640
2004
2360
1954
103
2310
1904
53
3624
2260
1854
2210
1367
1723
1804
1542
3343
128
1492
1979
78
1392
3193
3143
2656
3012
2606
2962
268
2912
1888
3689
118
1838
2144
2094
1994
1507
3358
3227
3308
1457
970
3208
2721
3077
2590
2671
2540
2977
720
589
458
2746
2259
539
489
1722
2159
308
1672
2109
3473
3423
2936
3292
3779
3373
2886
1035
3242
1522
3323
3729
985
1472
448
804
3092
398
1110
2911
2424
573
960
2324
1787
2224
373
1737
3407
3488
1637
3357
3438
1587
3307
1537
3257
2770
919
3563
1225
3026
2539
1125
2389
1902
1852
1
3472
3728
1827
1340
3628
3141
1290
3091
753
2554
703
2504
2373
2404
2273
2354
1867
16
1736
3587
2173
322
1505
3793
1942
1455
1892
1355
868
3075
3156
1255
768
2488
2975
2569
718
668
181
2388
2469
1982
1851