43674
31172
37164
52492
8064
39982
50692
48032
54909
5070
55740
53690
54884
20661
7462
26198
10297
30673
14489
52394
19537
39120
13119
50623
51817
15687
14743
53592
40259
9957
26555
48731
6963
25699
44881
28697
47449
17051
19189
15251
52325
17389
34003
51469
36571
56517
25263
5671
38963
8239
28261
40165
26461
28599
45213
49831
47781
48975
14752
50177
55225
56169
32648
30598
20146
35646
24000
50974
5602
187
40522
41466
47708
4746
49057
48906
16028
45912
36404
52676
33410
38972
5254
45222
46416
36746
9446
44366
25100
47614
44620
52240
50190
51384
37680
13733
50807
40105
20497
5160
40080
40873
43
13043
14237
29737
53086
49320
26743
12187
17235
51315
37949
55507
53707
43005
4661
34529
7229
42149
8853
25451
27589
49765
50023
13742
56015
36661
38799
44281
7561
45049
49667
21528
42848
48047
15018
49671
44902
12024
31970
38363
4244
8862
22036
26654
44212
45406
52864
6636
40362
26996
34102
56616
37100
30252
1152
2096
51572
52766
7144
8338
47112
6288
56958
45312
28698
29128
44456
52076
41462
976
46510
23933
31553
14425
38739
11431
23243
3651
4845
50647
14767
22387
1851
2795
3989
20587
25635
24779
30261
32399
13133
19125
16895
35647
10932
16469
37701
38645
31797
35651
36845
192
6551
24343
985
4751
6889
41838
47037
8693
9887
39153
54481
30960
38297
19031
52681
1860
36497
7397
25644
15974
123
9451
5626
28187
30862
38199
13484
14678
36854
55606
11684
30436
16732
36428
51756
15876
34628
41054
19730
27350
46102
4334
24719
21725
51066
15186
40452
25917
27692
45500
28886
18184
13415
16384
53458
50464
17607
36760
6036
6829
28196
12813
20433
51662
6040
42154
56710
3409
24625
25819
41298
67
12123
15092
19309
50821
15885
34637
51339
38829
19313
36779
26327
6735
40461
28895
3741
5879
28469
380
48052
26669
32489
14167
37537
12822
19215
2195
52865
15791
34543
40363
22041
1618
39679
21185
37879
43699
25377
47553
38045
50404
54571
31994
55001
38387
57139
33618
41238
19914
2894
20686
42862
6293
48061
25734
21116
21909
48399
13232
22314
11182
26932
46628
14430
34126
54502
6650
52702
39942
5030
6224
1969
22392
27440
9986
40288
26584
14107
45336
11113
46960
51156
56204
51949
57148
11881
54154
14449
53298
39594
25317
27092
6919
47038
25292
29509
29484
23521
25659
14013
17775
51062
18205
50661
56903
24025
21031
2383
4007
7431
36869
8625
42351
44489
34731
49537
27791
18283
49879
14712
56129
2285
1091
53899
7333
3508
26069
6477
24724
41397
44395
27267
7675
17358
32686
39079
17612
25232
2216
7778
42698
21382
41328
23006
26430
8976
24630
25574
45950
14266
51770
52200
17264
30817
50400
14270
33786
37640
38834
30792
36784
40036
27276
6740
47652
29330
5913
498
46032
24649
30469
11203
47994
35517
13771
6417
22159
53388
38490
9390
25407
24213
5815
49696
12049
34225
33369
14103
35423
1275
56743
757
40387
22858
29681
6665
46633
47577
30732
38069
53397
34131
12748
56645
42089
5824
37467
663
40293
9991
25758
12312
13256
32008
51954
32776
50334
15398
7530
26266
45018
24466
27890
9922
1880
56918
26520
28658
7872
44416
49978
52036
16156
30290
16949
37476
53998
3607
672
20205
7006
3582
246
26172
5749
49542
26965
47492
36209
37040
11039
15657
36184
30985
12663
46915
14037
33190
49884
34413
35607
50935
56927
24049
4457
9505
26867
44425
20904
25247
48617
40575
48592
33121
5215
1791
56829
19755
27375
21412
22606
36457
9157
44077
41083
56833
42277
597
40932
8981
24748
49893
22948
30568
50151
51095
10446
32622
12500
13444
53487
39783
50493
29081
55541
5914
2920
7263
48175
10098
25848
13801
15939
36466
17200
7366
23020
39714
47334
5566
51368
37664
9758
25162
26356
45108
6764
46732
45876
53496
18046
15052
10797
14901
3080
15845
37566
52894
2503
25064
5472
45440
47582
34249
6005
10728
19601
35080
13697
3011
54625
40069
45117
1299
40323
41267
47509
49284
25763
37149
32781
52477
16597
4111
5055
3710
26271
4904
1910
48021
687
12336
51185
18328
37481
56233
32712
19952
4556
13534
21154
1562
26202
251
7099
25346
24402
5754
6948
41868
48691
51542
15662
33220
46920
57108
36556
9256
39980
7456
56932
24054
696
47424
29102
23903
950
29870
47766
31865
38258
53586
39882
2339
598
51815
50166
54784
9162
12941
20561
27747
47330
14051
16189
13195
14389
31771
32201
15587
10818
8663
54715
44013
45207
27399
46831
48205
41357
45211
47349
48973
15151
10896
50175
14295
52993
25163
13718
15493
6001
1746
38863
56421
32900
40520
7738
4744
46057
25960
47681
31780
10034
38173
10827
23734
31354
17650
30498
51730
34602
50081
1398
14994
27662
45558
7644
41620
42564
24242
6010
34254
11927
17919
6098
25539
56768
50805
2160
15869
13731
53774
35452
43072
6352
41272
21943
11241
12435
34611
24941
15433
54282
37154
32899
38098
33329
1661
8054
34953
56674
40773
24589
5427
3627
692
36655
54213
18333
7555
50363
51557
37853
7129
42049
8753
25351
44103
21526
35363
51121
52065
10986
11416
16978
56257
7461
26197
43604
27850
29988
4834
34100
37862
10917
19540
3200
5338
54814
13915
5342
28696
47448
29126
43510
45648
34002
12619
37000
46846
36144
13817
2789
56520
33943
47012
6188
40957
46949
13127
21779
22209
25633
47354
14325
30597
56172
38188
50547
14667
33419
22287
41039
2695
3125
20487
7743
6094
25535
47711
24679
29727
13826
22908
18169
30528
50111
15175
15968
54303
26043
6451
22218
2626
9019
25187
5595
48557
9787
45137
48561
48899
30860
32998
13732
53011
55149
39395
34626
37595
23318
46438
14240
10415
11609
32136
35560
14607
55510
56704
38896
9796
45146
21625
22819
28018
12117
20769
51998
49338
41296
29216
25792
13315
44544
15090
16284
52164
35036
11515
12459
50364
17507
39228
15707
23327
36234
31979
40029
8078
41653
25469
45052
49670
44901
18015
51665
15785
15021
46250
17159
41995
13221
51239
16983
34541
56262
7579
40361
24177
3641
5779
29225
40699
44553
25375
29993
6977
31195
37187
12722
2095
8087
383
3318
37441
38385
39579
33616
8341
20684
25732
2716
48397
30696
37089
13568
10574
15622
38287
50646
13572
19814
6193
27008
46161
48299
22640
3992
24014
46528
49952
50210
10505
56202
34819
36594
55346
34794
6550
7494
35224
50552
41044
558
28284
23515
40188
9886
44042
46860
51056
27682
13405
12549
35919
37694
4769
1775
25221
6823
7767
48929
30185
45935
36427
18105
19049
51755
52699
6133
56803
5277
37625
19303
20075
34631
42251
25123
26067
5531
1706
27691
22922
9723
13414
44643
25891
36079
44217
47641
49779
30091
34308
53461
36083
30884
32508
5208
40128
18804
24624
25568
47289
23768
27622
4606
49343
25822
45518
19312
34640
56361
32840
34214
30790
37183
31984
13662
21282
28468
3314
4258
26668
44226
20705
48844
23674
31294
45424
53044
10771
14170
36709
34909
9384
55436
7584
25831
1621
3759
310
56634
28374
22411
8782
24549
35417
38386
19913
54144
11871
3323
4517
52094
53288
4521
5465
6659
40385
24906
41579
26681
42009
45433
46627
11548
54589
50651
51595
37891
56643
28383
4173
54843
46279
9559
43285
661
26157
29581
40291
41485
27781
46533
47477
23956
39593
11454
33175
31830
6668
54495
4104
55718
19838
27458
2304
6922
7866
23520
47834
29512
40986
44840
17010
10162
33106
36530
18546
26166
1012
23172
40124
40892
43915
30190
34407
37376
12661
56128
19054
19847
12999
16853
56132
15997
146
6505
8280
9474
5649
40569
6480
22247
45617
48586
43817
46815
49784
12137
15561
34313
18129
37282
49094
9405
20099
25147
28571
23802
33021
33814
36783
55535
56479
32958
52541
39781
9057
7257
497
5912
9311
44231
49793
11202
24902
40381
25846
7599
47567
38059
50418
14538
36714
8558
25156
6758
41678
22162
45532
55808
45106
7956
41682
24554
4962
47924
29602
15046
35422
50750
56742
39614
51268
38758
52892
35764
43384
2839
27880
47576
42782
24460
32080
38072
51625
15745
50769
7172
42092
2403
24563
25757
43315
44509
5401
24137
3601
5739
49282
26955
44513
27899
35005
42713
50333
34149
19501
13597
4105
35773
36967
5049
55719
51531
51869
57068
33547
5303
55723
41167
46215
7871
49977
21838
17099
34506
36281
15328
49981
18297
16952
10534
32710
39103
30910
21402
26964
1810
45716
3948
6946
41866
46914
14036
39181
15660
18228
57077
32612
52308
38604
18996
51882
56930
6598
27300
38256
14735
45964
13086
54014
18134
6162
29002
44330
45274
8554
26096
20897
4729
2929
46472
10019
56509
4039
19009
38162
52659
53490
10816
40157
23029
3437
24653
25597
42211
48967
29701
45180
23797
45973
12151
50169
14289
40499
49372
25851
51367
32101
34239
54615
19679
25161
27299
45107
5143
48873
11226
14650
33402
50075
36371
56067
32546
34600
51273
14992
32800
7638
4644
5838
22436
25860
28428
47581
42812
43756
34248
14919
30398
51630
16694
11925
33646
19942
7970
7544
25086
47512
46656
12433
35098
10633
17819
38346
13631
15769
54104
7196
22019
47164
21417
24841
30661
13533
55405
20297
24151
25345
22351
24489
45721
5327
8751
44101
47070
42301
14041
16179
14834
50259
37499
33561
35699
17377
11414
37753
38697
36897
55649
25251
26195
46571
29443
41802
37063
46145
40946
11492
16540
57013
52758
15684
34436
16878
23128
25696
50962
33834
41454
49471
44702
34000
43846
51466
14392
34338
10817
19440
56514
12592
3100
16809
31344
19014
15590
13790
5242
6436
46154
40955
22633
29026
44354
33501
29794
48546
25969
19092
14323
12523
51372
36837
56420
46056
23479
36386
49054
22109
25533
2517
23733
30497
13369
18417
14993
16367
10404
53871
2595
7643
883
45561
43761
45899
51381
27577
22808
48897
10306
54203
12874
55147
6351
2526
37593
38787
55401
23316
8493
3724
48461
46661
48799
14576
52510
53704
35896
12805
50710
39295
52848
34526
37950
56702
4232
54902
55846
22024
19966
27586
2432
42400
10315
12090
28784
47536
10290
25790
12707
51556
37852
38796
56604
19530
4927
1140
45046
21525
22719
7132
39994
25717
4931
46244
22723
13215
14159
17407
56256
37078
31879
1585
3209
33933
24425
21431
23569
43945
11067
26567
45319
46150
24767
32387
13914
36579
6285
7479
29125
40628
4059
7483
2714
44027
48645
23930
47789
32318
51471
54039
11766
14764
15958
36485
9185
55237
4416
6191
29031
11330
26830
25181
3814
31794
50546
13472
36842
37786
56538
3124
35986
54738
25284
26478
5692
24707
26482
6890
24682
48996
29730
37350
35550
36494
54302
31725
38118
16372
35124
12547
37692
28184
40088
26384
48560
22559
23390
27607
35227
42935
44309
48927
47278
55
28805
36425
12904
11255
51753
39394
50897
33769
41389
25121
56350
24265
25459
5867
29313
11612
50461
14581
10756
31283
50035
15099
53797
7231
11954
3406
1606
46343
23766
21966
24964
15456
46685
34208
30784
13656
31214
35832
19648
8077
2114
39231
53728
5083
5876
19902
9275
3312
4506
7930
21104
22048
26666
45418
41994
48387
24866
29914
19212
12364
31116
36678
30715
51242
39676
19554
56628
27174
25374
44126
47888
40276
46268
11101
13239
51144
11439
57136
4515
22307
56960
3659
4490
7058
4064
23505
25280
9112
4857
9905
43631
52019
56637
38315
39509
46967
36515
37459
57042
52787
33521
6221
26581
24781
10504
28973
47725
4763
9811
44731
52351
16471
19039
50551
51495
52689
7067
53119
4073
23514
26483
52693
1872
8265
43185
2302
24712
40984
18202
11354
34724
16402
56195
19400
4004
17600
25220
2204
7766
24364
4772
22564
9820
13056
27612
22138
44314
5970
40890
16054
23762
31382
15198
33006
19302
11260
8274
20103
41394
1705
3480
9472
26070
27264
2903
43022
48584
21639
30090
34307
36082
37276
12561
31313
32507
18803
30457
12135
13329
47982
14953
54232
3411
22147
1611
45517
43717
45492
33015
49709
41667
47659
43721
45859
51341
53479
34213
18029
36781
52109
55533
19653
4257
2912
43031
6399
54931
26671
46367
22846
49615
38483
32065
55435
37881
40306
10701
25746
29600
22752
30372
17436
25056
56285
32764
40384
54940
37812
45432
7856
42012
20629
29502
44830
19138
33272
52024
37890
56642
31472
51168
15288
36270
31501
33639
4539
5370
49276
25755
47476
29154
42707
48674
43905
44849
14451
36172
31403
32347
36965
55717
2303
3247
52723
55692
1447
51867
44413
25999
29853
37473
13952
56225
35673
17351
13526
51431
1099
17718
6147
56567
4802
3153
8201
43914
6489
12234
10434
34748
56469
32948
5648
22246
35946
18818
1798
41766
22250
24388
3852
46814
34312
12929
32262
84
35510
23801
1729
23096
45522
46466
27200
22945
4698
28144
41672
23350
42102
47664
48858
35162
36356
12835
18827
38410
6855
46030
20029
42205
55112
49366
24651
43403
14287
19335
53415
14541
50759
54613
18733
26353
3337
9329
44249
12051
29689
24895
14986
52891
53321
55459
25061
27199
38761
5043
56657
5836
45804
36271
55023
31502
49971
13268
32700
34838
3600
4544
5742
6686
49648
46654
13625
44854
52474
10631
38770
50674
32352
5052
54866
8300
37488
57071
35688
6588
24835
1819
23186
23979
11731
12675
19068
17723
25343
56572
2327
3951
47857
29535
9943
41439
11041
28679
48262
16177
23885
14377
28933
36553
18231
55305
57080
53505
30928
55280
1035
10806
56503
39889
35951
55647
6851
25587
9419
13085
50159
29779
37399
18133
55207
12934
11740
16876
17306
38597
33828
43502
49039
44700
2932
19008
14640
18406
16092
33044
55220
39036
46744
12521
13715
17907
1317
45110
44254
20733
49302
10031
2515
25076
47252
24925
51272
19609
56320
11567
3019
34937
16615
4643
21241
22435
3023
9779
48098
705
44953
12075
35445
35019
37587
18321
56339
25085
26279
5493
23285
3693
46655
29277
8741
49653
13630
46997
36295
54103
55047
19167
34950
18766
7195
56671
51902
13972
32724
21592
5424
40344
54900
48361
24840
44536
13282
30234
45734
28606
36226
12705
43934
51554
15674
16104
56602
31432
2332
3276
53946
25686
42300
44438
47862
20917
10215
23122
28684
3530
29114
44442
29907
20921
52062
16182
30679
11413
12357
31109
35727
55310
2009
33927
54454
39919
26194
3207
29192
6176
55652
4831
6969
23567
3975
43150
29809
10914
16113
15257
12263
13457
32209
3109
34777
53529
4733
5677
21331
44451
20930
26467
20504
5681
41795
28521
36141
38279
10820
54037
18157
12958
33485
55661
56855
3191
36483
12962
56429
5608
22206
3808
20406
49489
25968
45551
47689
32218
11666
32193
48887
38185
50089
35984
54736
6091
18856
26476
45228
5940
24676
8508
46852
804
55934
44626
53444
54638
3817
2168
5592
51644
33322
5166
35890
26382
3366
6790
28006
4990
49326
36394
18072
39392
37592
55150
5523
8492
38815
24259
25090
22459
9715
26313
7915
8859
4921
23657
12011
28705
34525
16203
17147
55052
18771
36667
2005
4573
9621
46679
31208
56353
44908
14510
37175
3306
16902
55751
47187
3648
47441
43616
17410
18604
19548
2014
56597
50634
15698
41894
14064
28620
29564
19112
33609
34440
35384
36578
54136
15262
11437
55334
19454
31813
22305
53534
24080
25274
5682
21449
1857
41032
45650
46594
45224
46168
13139
44368
34459
10938
2365
53979
35657
18529
26149
5613
23155
27773
3563
4757
49494
43531
45669
32223
48917
56537
35221
34365
53117
50887
18861
55935
37613
23057
26481
45233
9457
43433
25199
46431
47375
48569
42606
14346
28902
12546
33866
52618
38914
56017
34271
8165
5171
40091
46083
40884
41314
27610
44283
17246
30774
12452
36766
2104
1703
21270
43809
9720
44640
46014
42590
44214
45158
49776
12129
50034
13753
56026
35474
12897
6374
55424
31903
23339
8002
21539
24963
44909
42859
14599
34182
12035
13229
12828
33355
34549
56725
53731
17851
54925
19989
25471
9303
2455
7503
48390
8701
36681
37111
31912
8011
9205
52777
34455
10934
6299
29139
11100
32420
34558
24888
52091
53285
56283
6656
3662
21454
22398
9904
45768
3236
53906
49167
24452
43204
40974
27700
29838
35320
10150
10943
17336
39512
54840
18960
10517
32238
18534
26154
2737
996
20529
23953
13589
21727
49866
46872
36170
33539
2301
4439
1445
47376
24799
41413
9462
927
26060
32937
28198
40557
22235
45605
20435
44749
36072
12551
13495
36865
55617
18543
19737
6571
52623
1802
7001
11724
50573
33445
41065
55621
3151
5289
49082
44313
27699
21736
833
19051
13852
18900
47649
16395
33802
17618
37201
39339
43021
42165
4251
6389
45163
49781
21642
45956
13078
18126
33454
55175
53830
17950
17524
25144
39700
32852
5552
40472
22150
3752
20350
8800
43720
45858
27536
49712
35156
18028
48856
11209
18032
56730
30729
54930
1629
4598
27100
25843
44570
15479
52190
31237
35855
32861
39254
34999
15733
23353
17107
50757
14877
32435
7160
3335
48072
46639
44839
14441
32337
5037
55457
38329
2836
42099
5379
49201
12318
46971
55021
31500
55359
18285
4538
34043
19508
17708
43904
11026
40910
12650
40998
13168
17022
14792
19840
3588
28228
8636
24040
26178
46554
47748
34052
10531
11725
12669
33901
50574
32252
33196
51004
37300
12923
52202
56820
30819
4350
1719
22685
12233
56130
57074
43829
13431
51449
52280
30897
35945
36889
17623
7789
43139
515
4795
9843
490
4369
29009
8987
42537
50157
34653
16331
54349
33797
37651
10706
39789
55547
4726
21324
7695
8125
41700
10016
14
12584
11214
12158
13782
32534
33728
15406
18830
55904
23026
30734
21226
43402
1634
27218
23794
7626
2832
45089
21568
24992
26616
15484
34236
16707
55556
2142
3086
35434
36378
17112
32440
40060
55810
39626
47246
54954
9332
26694
20731
22869
27917
18409
17190
14559
15390
35086
34935
33286
2841
9234
44154
1985
41160
47152
47945
44951
13267
33643
15321
53339
17459
54170
25079
32787
5487
33217
34841
21508
7879
24477
605
28331
29525
44853
10630
24481
44427
20906
46995
13173
37487
54439
3618
26208
21840
22784
23214
9585
3622
26183
1822
48697
30232
53602
18666
1132
33994
33568
5324
19864
3524
24740
44436
27308
22690
23884
28932
23458
45634
8914
10555
38694
39124
15603
54452
30931
21423
22617
1831
24392
43144
28609
20567
41094
1405
46142
22621
29014
24759
25590
9422
44342
22959
11313
31009
17305
55210
56154
39819
30407
6076
6869
43050
28515
43843
12159
46841
29713
12956
7377
9431
45545
2583
35875
54627
3806
9005
45119
6775
42125
10720
52137
1316
39377
30391
12862
17910
2514
48195
23730
22874
13366
28866
32118
17220
44624
13370
33316
11570
30322
6784
52836
48097
7214
8408
29624
55834
22012
38706
3364
46326
22805
47950
13272
48718
18320
56338
32817
53344
51294
32821
39214
35790
8490
3721
45034
40779
21513
41209
1921
2865
9258
42833
36294
42407
15771
13971
33667
14401
52419
22021
53250
39909
3623
4567
9615
5765
22363
629
34175
17047
4131
37423
57119
36567
11852
18245
51895
33573
6273
41193
1504
4473
9521
29906
21864
21438
40591
44808
46583
47777
12610
32306
18602
35275
34081
54027
16802
17746
6175
56595
4830
39467
51826
47087
28614
4404
45316
43516
46940
29812
55328
37006
56952
38630
10829
56526
3112
4056
34780
53532
44024
41030
47786
45986
49840
23839
24670
8502
48984
18160
55234
56428
31713
19354
38106
21011
7382
8605
29821
38903
3811
21353
22547
25971
45917
33415
16037
30421
35983
37607
11243
15861
38805
3463
25873
40007
45569
41631
8849
43769
28871
40775
46767
12544
33071
10744
40085
56779
27604
44277
41283
797
24948
28802
40706
12446
30004
51295
18438
38021
52518
16638
37165
12450
2102
5864
23656
42408
728
43782
34274
22829
15096
19200
52424
29212
43709
4146
8000
44114
5770
1945
43258
46682
29554
10229
13653
12797
16901
54919
5080
11427
14851
50276
54130
55324
18250
32747
40367
22045
23239
19987
20245
43615
45390
12361
44813
37080
15697
33255
51831
53969
23571
43267
1499
6547
56967
23145
24089
45321
3553
4497
21800
43521
44465
20944
49513
11436
33157
39149
15628
37804
23248
18626
56531
295
4061
4854
46167
40204
44822
26500
46171
40972
22650
29043
41402
13142
916
29836
50191
10486
50984
15534
37710
54383
23154
38904
3562
28202
21354
22298
40106
9099
3136
24352
43104
1336
4760
29400
6898
23496
42248
19036
48920
56540
54740
13841
53120
44380
22997
11351
42580
13489
49002
27619
14687
33439
11693
18086
2201
4339
17935
24699
42257
46449
47280
9729
15195
29751
10426
13395
19387
34201
11624
51667
14593
33345
34289
55521
56715
44213
45157
42163
43357
29653
10328
45499
49603
35047
55173
32846
5546
36700
3746
20344
9738
1696
56371
45063
1950
27534
33354
4254
53730
34552
53304
39600
22050
19992
39938
3652
20250
22388
9644
25386
47562
5794
11109
45762
35060
11877
39252
54580
22745
19923
55348
2727
24094
8719
24887
43639
13241
11441
13579
14009
17433
10585
32761
50657
55705
30535
4429
16831
24451
20626
27019
46965
29587
19135
43971
26593
44401
27787
24793
921
37799
54413
31836
56981
26495
45247
11024
57059
53121
55259
56912
12990
25996
504
47746
5978
22576
44752
30196
13068
32250
18909
10867
39436
32588
53820
55958
1350
21309
46454
4686
22933
9734
40829
55272
33889
14623
37288
13767
17621
6050
19759
10773
34294
2225
3419
15821
23441
54670
21641
23779
45955
27633
18125
10083
48498
23783
8809
81
43729
24977
33027
18467
37219
32851
34989
3751
18721
390
9317
43043
44237
47661
45861
39351
50061
51255
54253
18373
2826
24193
321
20368
25416
45087
57149
3334
17874
9326
25494
2478
27118
6332
34576
40396
26692
28316
8724
29940
10615
32086
16607
18382
44842
30286
34140
35334
36278
17012
11813
31509
50662
10957
19580
56654
54854
55798
21825
27024
49200
7432
20969
29592
1807
29959
32017
34835
16513
1117
31841
23277
2741
28325
56560
1121
8307
43227
4883
603
40997
27723
57064
14791
34487
15221
17359
42625
50245
14365
19413
11371
30123
34741
36879
18557
37309
6585
1816
24377
38933
3591
505
40135
45697
20982
34051
10104
11048
54001
37387
56139
32618
19858
15920
5293
26108
20909
23114
54343
4716
20120
27306
23882
14374
12574
53502
12148
10803
56045
33468
2230
53844
20815
10113
26807
42540
50160
33032
15503
32176
54352
55546
18472
32969
8124
2925
24292
28509
33374
37992
56744
22521
24659
44242
45186
22859
40417
26713
17205
48434
10357
56054
15405
53060
38525
18403
10361
35869
17547
25167
4631
5575
27221
20373
43743
25421
33041
48086
24565
46741
48879
29613
49309
44941
45885
17111
55129
19249
33383
34577
53329
14910
31583
54953
36631
44251
2483
45019
2057
6675
39967
47587
29265
42818
32116
18412
10370
30316
32091
17556
38083
4214
18754
1220
2414
1558
22774
40332
41526
12072
27822
28766
47518
9604
25772
45718
42724
43668
29964
32022
10639
35784
2066
23282
43228
31420
4120
17829
54540
18660
56678
26280
4913
3264
7882
8312
44176
21849
10203
46994
55044
31523
15339
19957
13539
37490
10545
35690
55386
39907
3621
30921
7020
3959
44078
7813
23981
49126
47076
3963
28603
45276
40507
51096
10902
18239
52319
55743
19863
38615
13900
53943
57092
56941
39813
1047
4471
40585
529
28255
29449
48631
49825
54451
45975
55219
30504
16800
52225
22620
20820
21764
21338
40491
46483
22962
12260
13454
28954
10460
33830
1056
32974
5674
51726
23466
38966
56069
13796
30410
2254
45216
42222
20839
47608
55228
31707
16354
53428
12529
48806
10729
56426
38104
34680
17552
36304
25172
5580
51632
20403
444
28170
41723
48116
10039
44266
47690
49314
14661
31613
15429
23049
54278
20055
56332
38010
52507
25871
2855
3799
47592
8847
48022
43767
26639
34259
30321
50017
17561
54635
11143
5163
55833
28003
23748
44275
20754
21948
6699
45473
46667
11588
56679
14836
57109
22456
41208
12786
55059
22710
20660
27053
40606
33666
51224
13294
22362
1939
43682
2344
47081
10227
6
17050
30603
19188
51130
53268
20239
34770
7470
4046
54466
53522
4839
44014
5670
21437
24861
43613
1845
34080
19545
53625
10926
32647
5347
54823
53967
7401
9539
20938
5601
49507
28529
8937
33155
48905
32299
17651
54725
55669
37347
9103
21446
54049
6197
117
22644
29037
44365
49413
10142
26836
50185
17328
56177
32656
39049
36055
11340
12534
33854
6099
55575
46067
21352
22546
40104
2954
3898
42922
10044
2528
5952
44271
11242
17234
55932
23054
39748
28102
19376
24252
43004
6798
28444
43772
48820
30439
31270
47964
56014
44970
52590
54214
55158
50790
14509
22129
53358
56782
45474
21953
2541
43703
44647
42847
50467
33339
15017
3045
52521
17585
43013
1245
12791
55857
19977
38729
44211
46349
28027
9629
29989
14518
16293
11524
47801
55421
55759
20342
21536
43712
1944
2888
4942
45061
47199
22734
44910
45399
11176
13994
32746
14424
22044
19986
38738
3646
20244
35744
2026
39143
34888
23242
54471
3650
27434
20586
42762
43956
52006
30260
46954
906
29826
14869
34452
54148
30627
39500
16923
5352
21119
6296
55772
216
22743
26142
10241
39842
47462
20517
29140
23941
45662
27340
41837
18625
11777
15631
16825
6198
54480
50905
15969
36496
31727
21025
22219
20169
29042
41401
43539
11091
56182
15283
10514
11708
54411
56549
19475
14706
35997
52611
54749
53555
3928
44047
42247
55947
44301
45245
28117
24693
821
18183
52263
53457
9029
32141
17606
34279
10758
39327
55599
3834
20432
9826
44746
26424
41752
32244
11692
12122
13066
18114
11266
30018
33442
31642
38828
2542
9728
830
29750
3740
4684
404
22476
2884
7932
11623
42852
33344
34288
8186
39340
5192
21209
55862
1617
7609
42529
45498
17517
41927
37188
12473
32419
17521
21541
2893
27533
28727
7941
21115
26677
1523
21908
43629
47997
28731
29675
17173
54247
30726
37119
21218
52447
19991
1626
33269
36693
19565
31924
34893
22416
41143
29577
48329
9985
17075
33626
19922
54153
56971
1532
24093
24886
43638
25316
29934
21892
2730
9916
40218
31140
32334
18630
19574
9226
1184
2378
14780
10955
17348
56197
32676
40296
21030
21823
7430
24792
43544
25222
14090
49536
44742
28558
36178
12657
48934
34378
19480
56554
33977
55698
3933
50929
44052
44845
27717
25667
56896
40995
22673
29066
42619
939
11365
30117
17357
36109
51437
2641
12563
17611
55629
19749
1021
3159
5977
41327
44751
2983
43895
19059
35585
30816
32591
6485
36808
55961
39777
47397
23876
7708
42628
28924
27275
21312
8113
3858
2914
48595
49025
28473
36093
53045
51700
5193
32522
33716
55187
22158
37908
13080
28830
48526
10449
11280
30032
43732
49724
32174
54600
55544
37222
2130
4268
53744
54688
9316
43042
1274
21659
41242
5466
8890
55886
46378
41609
7520
11211
42440
14180
29680
55446
30731
52452
37917
8024
11553
12747
30305
16601
2149
52819
23365
28413
21565
12057
33377
52129
11910
19247
10261
33631
34575
35769
17447
39623
54951
339
27121
29259
21922
8723
44587
1111
33973
41593
49209
9921
47409
55029
19149
17804
18748
55797
37475
55033
32706
22004
5381
20204
42718
44493
32016
49541
17456
48685
7802
43916
31414
17710
55728
16854
24474
40232
8281
23104
36804
22248
44424
54436
39112
17729
36882
21411
54778
3957
9156
49124
19064
15239
29770
37390
11389
35590
39807
30821
14637
22257
53486
20912
28249
160
29080
23881
953
32963
40583
45631
28503
8911
43831
44775
45969
32273
55643
37321
54787
35521
18143
12944
51793
33471
16343
55192
39713
29011
38857
46477
29349
41708
41683
39023
15502
47675
30404
17644
56493
54693
3872
28512
8920
40416
26712
48183
21238
24662
43414
1646
46383
40420
41614
27910
10360
30056
35104
31680
50432
51626
30310
3010
13696
19688
1210
6772
52824
4972
20739
5402
49308
41266
27562
46314
35182
18054
14229
55132
14997
31611
15427
54276
18396
1655
2849
38772
46392
6703
22871
41623
48016
28070
23301
25439
1229
45022
4198
9246
55034
39280
52833
16953
34849
38703
31855
5499
21153
8747
43667
48715
49913
39211
50685
51115
56677
38355
51908
54877
25702
41181
56931
6599
23197
45373
26900
32720
17734
39910
1144
51814
24498
28602
22698
18238
40510
11419
13194
28944
11394
57091
52322
39812
4470
50522
7038
1839
2670
29448
41807
19778
44012
2244
47774
26028
9860
54024
11751
30503
14319
17743
51030
10469
56166
50967
55222
39038
13893
20143
21337
28160
7737
31011
47705
2943
43062
28527
47680
19019
48903
13795
31353
35971
14225
36401
3447
39370
9439
26037
5501
40421
29035
20842
33055
10478
19351
39047
32199
18495
13726
21346
35197
10732
11676
18069
30428
33397
6097
50804
8151
20744
49313
10042
17228
48457
56077
45463
29279
11240
18426
15432
23052
54281
39746
22196
1234
5852
6796
24588
42146
46764
28442
21594
26642
34262
17134
39310
50020
14140
37510
38454
3362
13284
54212
55406
38028
20327
1929
7128
42048
45472
27150
40703
29288
8752
48720
1933
24494
43246
42845
33337
30343
56682
1243
51913
41211
25027
22033
23227
38727
3635
25795
43603
2779
41553
31101
29987
32045
48739
31189
18679
34437
17059
31443
54813
38629
8335
48303
25726
19187
29918
20932
21876
12368
26924
17416
55321
56265
19191
10568
14422
2788
7836
17758
55663
3193
23578
8241
43161
26826
10925
19093
50204
14324
18942
2352
18516
32650
51402
34788
39836
53970
21092
22286
44462
42662
34098
42236
28532
29476
45998
34352
16030
39400
21019
55672
38544
116
29036
8250
43170
20843
21787
5619
34694
22217
56870
3819
9018
20417
22192
45562
458
29378
35198
39052
32997
50555
33427
55603
11681
3133
35995
18867
1333
2277
46070
7325
28541
21693
40445
10840
53113
40019
44637
32135
33079
48829
18431
56449
3035
6033
467
5177
55847
52853
15114
12884
37628
15882
17506
55499
3734
21276
42846
18440
23668
27522
44195
28716
42850
49243
15020
11959
32486
15358
37534
3386
28026
16982
35734
8434
9378
43354
44298
29650
8008
3390
304
24969
21182
26230
21975
29992
56364
38042
54564
52000
35386
54138
30617
39240
3317
6286
55762
1517
51937
24107
43260
5709
26925
1859
29923
6907
31125
56270
34887
39935
22385
6217
46699
27433
28377
44135
2367
5791
27007
41141
42335
3991
655
28631
48327
17073
11874
30626
37019
12304
55771
11448
31031
36593
18271
55345
38217
4069
24091
41043
26508
28283
29477
21464
22658
26512
41840
17004
32332
15204
16148
11780
3232
17772
54846
37718
1432
42344
24022
25216
22222
21366
9816
44736
28982
47734
30184
4078
52610
16480
35232
42940
19048
50560
15903
32576
51328
54752
55946
37624
21723
41419
7330
48242
24721
26859
27690
23865
42617
49440
12557
17605
9032
40127
26423
27617
53827
1357
22573
23767
6405
49342
16313
36009
55162
51337
18881
39007
19399
37207
3059
33783
6483
52535
8107
43027
4683
9731
40033
44651
5906
27273
47219
43795
46793
47987
29665
34291
35485
30716
17956
51243
5191
28031
32858
52441
37906
54579
2814
3758
24974
43726
25404
21980
28373
47125
33792
34986
15470
12839
13670
33366
14100
3322
4266
50318
9314
1272
42434
10349
46626
28304
49624
11547
42776
50396
33268
47824
55444
37122
38316
52450
53644
16937
43309
9220
4965
44140
29605
22757
41509
26611
12055
660
55096
39617
32769
50327
11453
56294
51525
37821
54494
39959
30973
3673
40217
6921
43979
29511
42359
929
28655
10161
10954
39523
32675
55795
2381
239
29159
53995
27814
20202
53569
56993
7003
39865
47485
29163
23964
27363
16510
49877
1114
33976
52728
19846
2312
35604
1456
22672
938
44393
20872
40568
49441
25920
26864
26438
34058
49808
10537
48614
35682
54434
18554
19498
36112
1020
33882
17698
38930
39874
20549
40132
38504
39448
15927
43130
44324
5980
26002
43468
25939
19062
53142
18460
56478
37212
21311
52540
20455
21649
25503
42176
49817
46823
45174
21653
12145
18137
10095
11289
19761
55186
9413
26011
28149
8557
42533
39711
32863
2139
5563
22161
37911
23355
42107
29347
9755
49723
18039
42875
32173
52119
15838
19237
53317
16243
52916
22856
28055
41608
27904
48431
25854
8037
46381
29253
24998
48005
17544
39265
15744
21564
8820
40316
55816
30646
21138
40320
7538
42458
12060
27810
28754
45706
16252
17446
53326
15396
29952
32803
54524
31947
2054
1903
39964
29262
4901
11135
19152
33649
53232
52376
244
22771
29164
56568
19494
38246
36901
39870
3947
47490
7801
41865
17029
51109
36211
38349
17033
11834
55731
39547
30561
32699
4455
18995
28239
29863
48615
41003
21395
9845
43571
44765
26443
34063
37311
3163
54777
20554
10884
53157
39453
15932
47073
23552
3960
169
22696
40504
29089
41448
13188
49465
11388
57085
16440
18578
1044
22260
41012
44774
45204
43404
26026
23796
42548
45972
49371
27988
17286
54364
18484
30843
4737
3088
21335
43849
10027
25527
28496
47248
12595
30403
14219
17643
32971
26725
55122
31601
32545
18841
2589
27229
22861
7637
42557
24235
47605
5837
49380
8042
3787
28427
43755
44699
38101
18493
38439
3097
52573
9339
43065
441
7289
55821
39637
21936
28079
49311
7543
47511
54275
37147
34153
11576
39289
43764
40770
41200
4994
11140
12084
28778
18326
32460
54974
21152
36652
37846
1560
18668
6696
21519
23294
39988
29536
21494
44864
49912
10641
32362
52058
16178
38354
11409
26909
27740
35360
18232
13977
54905
17831
19969
51911
42403
1579
27050
22795
29188
41547
40603
268
22369
1833
23993
17733
37429
13908
38260
52757
41111
8329
625
44080
2341
21077
9527
2679
174
29094
14416
54459
36137
30938
34087
32287
55657
37335
52663
1842
7041
43155
531
20578
48203
40161
22632
20832
28169
873
39037
53171
54365
36836
19708
27328
33842
39041
16714
6087
55563
1318
32986
3093
28526
8934
43854
25532
33152
11769
31352
32296
13030
19022
53102
12967
31719
56071
51302
52246
39736
53870
17990
22186
9442
20841
7642
882
47610
7216
23384
456
8840
27576
35196
10731
16723
33396
47952
52148
55572
50010
19692
1327
50803
14923
15867
40101
7319
23487
8150
3895
9094
4325
55939
1669
813
21691
6717
28877
17231
48460
56080
30079
17569
54280
31277
53703
36325
1233
39294
52847
56701
42145
715
4995
28779
21167
8423
18081
31634
38027
13312
54299
35826
52499
1678
32832
2108
1932
2876
42051
29291
7924
48043
42844
11590
40618
26914
55061
13982
33678
53261
31878
9626
2778
26224
29222
9630
45744
27422
28366
41919
47118
10665
18682
36240
38378
13913
52762
42060
21107
52336
55760
19880
44452
1490
26130
27074
26923
31119
34088
10567
19190
14421
53270
9874
13565
44794
32317
49842
17757
51044
36509
5785
51837
4415
27769
43527
25205
29823
49519
31025
17321
37017
34787
53539
35217
6117
9541
1073
2267
8259
3891
28531
9883
27675
46427
49851
54047
51053
11348
54051
12972
56189
32668
18964
37716
54389
30868
3568
20166
35916
43536
21790
22558
1772
27606
6820
29381
41740
42934
16048
39418
12110
54746
17672
53097
7324
10398
55151
2530
52950
28114
20072
35822
8522
9716
43442
21266
6722
11357
30109
16405
13411
52260
16380
48832
34276
56452
39324
55596
53796
7230
43094
44288
48142
49336
28020
54994
20771
49340
18449
19280
33777
14511
52529
16649
37176
13655
21275
18703
19647
10661
7249
42169
27521
39333
32485
51237
48415
44991
32059
17161
19299
17499
1614
28367
40726
47119
22404
8775
43695
45069
41131
8349
42075
645
29565
41924
44893
54137
56279
30620
51940
27104
7512
25304
49618
40632
18364
37116
51500
6910
42774
32322
47822
10939
17762
37458
2366
5790
51842
27006
6220
24012
654
48326
9982
3564
21811
29148
8612
9556
21899
32767
30967
39590
34821
56542
1103
52717
4072
54492
9120
22657
1871
26511
43184
29480
10155
11099
24711
26849
25655
16147
50227
14347
29847
20861
22999
11353
1005
32673
52619
4003
20171
26163
27357
29411
42259
28555
40914
29499
34375
16053
39423
16846
50133
38567
2281
139
53131
54325
55269
36003
19389
56893
1704
49009
9471
4702
40816
46015
33083
28461
47213
36081
19746
3156
17696
1356
5210
22572
2980
27620
28564
5548
9402
39006
30020
27962
18454
37206
33782
51340
53478
12829
20449
21280
10779
37210
38404
54676
18796
8110
744
29664
40374
13337
28837
21989
34657
17529
32857
38056
34911
42531
5811
49717
42869
21553
22497
1961
45867
28739
42873
25745
47921
33365
17861
36613
19999
56309
51941
17435
18379
54509
56284
51515
52459
22061
38755
327
9655
41581
15400
13600
18736
52023
17087
11888
16936
54591
56215
48331
24810
22760
29153
42706
25328
29946
40656
45704
17444
51524
15644
16588
37820
20270
18642
53666
17786
1901
39962
5300
42358
45782
27460
28654
24829
49974
17096
11897
30649
43556
46980
20979
48604
49548
10527
55368
31847
13525
14719
56992
39864
9570
27362
6939
41859
7770
43120
2296
20543
45258
42264
47312
14033
18651
49880
30555
16851
17795
2399
51875
34747
52305
1029
31753
21051
21389
8645
42621
43565
9839
25243
941
29861
7701
48613
6845
46813
51009
19497
2995
27635
42963
51013
52207
30461
32599
1361
20097
8547
42273
25145
5553
23800
52549
48515
1728
23095
45271
22944
8551
28936
16434
32956
15578
14208
51712
16776
54681
42204
5998
6428
40404
41348
28838
26788
52216
16336
55185
42546
21994
30044
39710
56383
2138
51614
37910
11909
8560
5929
2935
43054
430
20727
23
24919
30401
32539
52122
30739
52915
51266
54690
55884
56314
33737
55458
30743
37136
38760
48004
44580
45010
17543
26625
12069
41953
48346
13693
32445
38437
4289
53765
1295
2489
41263
24135
47505
48449
51539
2493
21934
7541
9679
42461
25333
48703
49647
40661
32097
18393
37145
38339
30297
52473
16593
8045
32351
34489
52047
16167
39537
3251
5389
20642
51871
26179
54175
27832
49553
33652
52404
32796
13530
21150
48712
5750
16866
41100
24486
3950
614
29534
6518
41438
49910
17032
48261
23909
10184
32360
16176
11407
36552
31078
30927
7819
23987
8650
40939
11485
30237
47762
55382
43937
11059
26809
13113
17731
30579
51811
1479
40503
27743
20895
20131
36825
2677
39794
27317
29092
41701
43839
49038
46837
13015
18577
13808
1043
33479
37333
3185
53855
9427
1385
41353
26793
14316
53165
16091
7631
9769
43495
44689
10466
39035
32187
13714
14658
1742
8135
48103
40061
9333
1291
21676
28069
10030
31350
14222
19784
30494
52920
53864
20042
51300
39734
51638
6016
2592
28426
44698
49746
40760
47946
21582
17122
18066
35018
39636
31594
36642
2494
8486
26307
356
22883
29276
28082
42829
10381
16623
17567
55472
51647
34519
40001
7219
8050
55046
52052
37517
1231
30669
51901
8417
1569
21591
5423
6617
47529
45729
51211
53349
262
13281
29975
41879
39219
30233
12704
20324
38793
48037
24516
41189
4924
45043
2081
43243
44187
49235
13212
10982
16181
39125
14410
31083
55397
38269
14748
20230
36924
22368
39893
27416
23992
42744
24422
41095
22622
30242
21766
43942
49141
49934
16112
17056
57099
51136
55754
37432
54898
21076
26124
7476
4482
6106
26466
29890
34086
48642
18582
13813
3186
33509
54036
18156
31709
32290
55660
15955
34707
37676
45296
11073
49488
6805
30167
39040
34785
53537
36409
38184
51737
41035
19711
3885
27331
29469
4315
55929
23481
43427
803
5513
27673
46425
47619
18165
33493
15171
38541
51389
48817
38908
54387
37259
52587
28181
48127
40878
48
20756
48131
42932
25804
31624
32568
13302
52151
54289
39391
15870
20066
35816
37591
25114
5522
24258
20320
2866
29281
7914
11580
31276
50028
17572
13747
2176
6030
10753
53026
32474
18770
37522
14945
54988
43342
25020
7566
18080
41909
8764
43684
49676
11599
38030
36230
37174
38368
9268
42050
3305
20667
24521
55750
56694
20671
4503
49240
41991
51235
34107
39669
3383
19547
30257
52433
53627
301
50633
22373
37873
7149
639
29559
44887
48741
6973
41893
31191
29563
48315
10238
27763
51141
17399
38631
40626
3656
1856
46593
41824
47816
35314
50642
57035
10937
56179
54834
51840
53978
34712
42332
25204
20949
21780
5612
40532
197
28966
46524
25972
45668
6810
42674
25546
33166
48916
37020
33959
13837
21457
52686
40209
8258
554
28280
41833
48226
5264
24705
9882
40184
55684
38556
50915
46176
128
29048
8262
25903
41382
18170
33072
18537
49766
11689
33865
38913
30871
37264
9020
56809
2965
29380
25555
46875
47305
10852
17245
15900
14251
37621
137
50469
29057
20071
36765
9465
44385
5101
37963
40021
42159
45583
479
28455
29399
40814
48831
11698
37273
38467
32504
18095
19289
53369
56793
39665
14950
22570
6402
23000
44291
29756
48508
40466
17254
24962
41664
48057
46712
16652
17596
35404
31980
5110
6304
5448
55868
36602
19988
1260
24100
29662
6646
44990
47558
53378
17527
10679
15727
53382
8010
1955
25401
47915
15037
49690
21889
11187
26937
32757
14435
15379
36611
37805
19997
2463
21199
5711
52707
39947
21453
6229
1861
26501
28639
42773
43967
32071
48765
30271
54585
37457
13936
56209
52021
10942
17085
11886
30638
16934
52359
39599
227
41506
48667
46103
9897
10594
12218
52716
51067
55685
30970
56115
40214
43183
16840
18978
1444
2388
21829
41412
5636
40556
26852
12296
17344
14350
51424
18542
36100
38238
33870
1096
49106
49081
8536
25134
47310
48504
49448
40462
45510
28896
53130
18194
12995
36002
19388
13425
30098
16394
142
25237
5645
6839
22243
4789
21387
5219
27629
42957
37303
31399
16751
17695
52205
32597
13331
51349
15469
36701
23089
3497
28137
7601
1697
6745
40471
27961
41239
2895
26341
28479
49711
32161
34299
11208
51706
39347
53481
55105
49021
2998
42173
3428
493
52904
40402
11286
16334
38055
36710
48761
56381
52806
6328
40304
19924
1960
9297
27544
20696
4528
17
42872
26688
43302
47920
10787
23694
45870
24917
11192
15409
17184
18378
12415
50320
55882
37560
38754
34929
28052
37898
21997
2042
52462
39952
6234
1979
26619
26594
49964
39262
51166
37462
15315
31837
14459
54957
17883
22079
36635
19507
27127
20279
42455
24133
28751
40655
45703
46647
29519
20283
5309
9927
43653
1885
14816
4189
52721
35343
9237
39961
1195
7437
32687
54863
21041
3587
27033
42361
44499
931
26177
25233
5641
49547
46553
47747
36101
38239
36189
30226
17716
19491
33988
4095
2750
9143
20542
40238
9936
1894
48255
49199
23540
15226
29077
49453
11376
16424
55273
32696
18992
20194
4026
8644
940
32950
2226
16766
8218
514
40937
23809
13107
10877
14731
16869
54010
19074
36026
39450
30827
166
7719
42639
43470
26092
5919
22517
25941
30137
13009
420
29340
42188
17631
10783
30479
51711
17969
55110
26019
33727
41347
23025
1383
26023
20824
6431
8569
43489
6769
41689
15508
46737
18477
37229
51363
34235
32185
15057
19675
37233
2141
52561
50761
48101
7277
41253
42197
26718
46301
22
23724
26693
7531
44589
29691
46643
54263
30742
50438
36734
7634
32884
51636
2840
45097
21576
43752
1984
48800
41952
23630
31250
38436
30394
35442
17120
16264
53338
31592
50344
20284
8734
4909
21507
6684
42798
27474
35094
33294
49988
16959
37486
25009
13965
56238
21585
22015
23209
30667
20215
21159
22783
29176
8390
20983
26182
4815
40679
49552
45727
36219
50603
14473
49894
1131
57000
49229
6267
27483
46235
47429
20914
26113
26906
47433
48627
19173
14404
31077
36125
37069
13548
35269
29185
36893
18571
13802
53595
8223
39891
3968
43143
26808
40942
29806
54099
16874
35626
29781
10456
15254
34006
38624
30582
21074
41450
29884
44018
48636
40594
31086
29458
43842
25520
49834
33478
13811
30484
15949
38530
22174
9430
6006
44688
870
41694
35209
14657
33409
30415
36407
55560
2259
32983
7307
3883
5507
40427
46419
6705
28865
38109
17557
38084
50443
14563
2591
3021
20383
18755
51641
52835
42926
41277
46325
12102
15071
38441
50800
34616
47523
55143
34591
54287
30766
48027
24506
3720
26281
4914
27504
44177
20656
24510
15002
24848
30330
32468
13202
14146
18764
12346
15770
52844
51988
6366
54193
39658
30672
54986
21164
21957
40709
6620
38024
26980
31176
45732
53352
17472
12703
48730
41882
32374
17839
46930
54550
56688
52750
53694
9266
27058
49234
23913
40615
8664
42390
29880
44807
52427
38723
37074
5005
18601
26221
3205
4149
270
1155
57024
48309
9965
49140
40267
41891
48284
16199
979
28955
27761
18253
53527
34011
36149
1057
50533
41025
56525
3111
35973
8673
40169
43593
25271
1854
8247
49159
25638
40966
13136
17754
36506
38281
39475
51834
57033
36481
24004
3556
20154
35904
1756
6804
5948
30166
50542
16036
42
14236
8256
41376
47368
22903
20853
49422
25901
28870
48566
30072
53442
35120
36064
13737
51392
1765
56440
55584
2170
15879
53784
41307
9356
44276
20755
48130
25803
796
13301
51319
15439
53094
30767
27945
28889
10395
56092
51323
54292
3471
1671
46007
7663
25455
49769
22461
29647
26653
27597
18089
16289
14944
27157
51993
33671
52423
34101
379
21962
24960
12028
34204
31974
55069
30354
35402
50730
14850
52868
44191
4502
5446
40366
46608
21188
285
24436
32056
46612
37104
33680
1156
31880
51576
15696
5010
34448
37872
7148
42068
37446
7152
42072
43266
642
41921
47120
44890
47458
23937
31557
14429
51140
41470
12379
10579
56276
53282
36154
7054
2799
294
6903
28270
7847
24445
25639
4853
47815
40203
23589
9196
3997
11087
52783
56975
35229
29145
22297
9553
8697
42673
47721
37357
43871
49070
18179
52259
56113
13840
39499
37699
9455
26053
8599
25197
29051
35928
6035
38897
27251
41748
23426
12294
31046
17342
10494
39063
39856
30870
55614
1770
30444
31388
52620
16740
17684
2288
52958
7336
28552
40456
45504
46448
33002
19386
30096
52522
16392
34200
50472
7238
56714
478
2987
42162
20779
47210
10077
15125
75
14269
19317
1353
6401
25137
32845
50403
14523
40039
9737
2889
384
3319
41663
42857
4943
48849
49680
12033
36347
44999
52105
16225
17169
15031
51249
54673
18793
36351
37545
12830
36689
20788
7589
27185
28379
49611
49699
37197
2898
15730
38395
43271
27087
47463
13240
51258
15378
37554
40644
11190
53312
18376
16576
50656
37896
26250
26588
43202
47820
6232
7426
23594
56902
29586
46200
48338
27786
51164
34036
10515
56212
37798
52362
53556
56980
230
1879
26519
45701
47839
43901
51521
35337
41851
10167
14021
16159
50239
14359
54857
18977
37729
2387
56911
25227
47403
40555
22233
26851
45603
20183
5209
21377
9827
1785
25231
27369
28993
46801
38237
2289
51765
1888
38241
54763
38579
12920
20540
7341
9479
44399
581
24732
10176
15224
54073
13424
49451
49789
19391
31750
38143
15566
9043
2988
24634
50844
6416
41336
2992
9385
24208
45528
53148
17268
16074
10875
54772
18892
33026
37644
36450
55202
33819
52972
20094
53402
12503
33794
51352
8118
56400
5124
40044
26340
40837
47660
49798
11207
45860
53480
47234
48428
11
26682
14205
13349
17967
50060
56302
34919
7619
36694
8450
24217
20793
5819
3769
39692
20367
23791
24221
25415
49729
40743
41687
5133
6327
55803
55098
4277
9325
41251
43389
25067
765
4531
6669
41589
31141
33279
48779
35333
11812
1185
25424
56653
42097
23624
9231
45095
40326
43295
3606
49287
30642
50338
36634
19506
2486
51962
7534
32784
39177
51536
34408
42028
30984
3684
4114
36976
1884
25330
41852
23530
46900
14022
13166
43994
49986
52044
31492
4192
56236
6609
23207
8384
680
3590
254
28230
7807
7782
33194
48694
10103
52739
15665
53570
54000
50939
32617
40237
34392
16070
13439
53937
21059
1467
26107
33815
6515
156
41435
8290
9484
949
23113
24307
20883
21313
10181
25681
26449
32269
54445
36123
30924
39092
51451
53589
39885
51789
21391
56837
28577
40936
22614
29007
43141
26013
21758
6421
8559
43479
47333
48527
23812
14304
45533
53153
36818
38593
165
18471
30830
52551
9067
6073
46041
24658
46834
30478
16010
15154
55197
32106
35530
1382
864
5574
41688
3774
27558
48085
24564
32184
46740
13711
31607
4307
18847
39374
55896
56326
770
49386
24921
25865
16357
42817
13363
50437
4903
48809
40767
32090
2159
32883
15755
37931
50779
42895
6605
42469
28765
22802
49292
25771
33391
31591
50343
51287
56335
2491
28075
53341
13636
2065
53679
7113
2858
8057
29273
9681
27473
46225
23648
49987
11146
28671
47423
13200
10970
13538
36908
52387
255
3620
26210
7812
25354
44106
29972
6956
17470
36222
14839
15670
7122
33566
52318
15244
21064
36564
6520
56940
25256
47432
5664
40584
37068
44776
26454
27398
49824
48968
38266
50625
51819
53594
2773
6172
41092
40941
45284
6539
42290
26811
49476
24761
11399
26899
31775
56519
32973
51725
52669
4303
5247
48209
23039
45215
24663
48977
29711
45983
29799
14328
17297
51377
32904
40524
9003
4748
48541
49485
52575
6802
41722
49059
45914
13036
48883
38181
39375
11236
51734
33412
16798
55133
50878
31612
53083
37604
54277
52932
35804
36748
1656
56331
34948
6704
42568
888
25870
43766
40772
38112
17560
11935
48124
6356
24603
9780
27572
45130
54976
8410
20753
24152
28770
47522
15437
30765
13637
35813
34164
56340
30339
38811
31963
1239
37162
48030
26647
7999
47174
42405
50025
15089
26651
45403
28789
10295
24851
32471
51223
16287
54192
11518
14487
36663
37857
1571
2001
39911
26299
47531
51565
37861
41113
39999
42057
28353
47105
26553
44111
46249
6961
31972
10226
13650
50724
15788
35371
8071
54123
11850
14418
53267
54891
27061
27854
47011
47804
13126
35302
13919
16888
34446
5346
21000
23138
26562
45314
20144
7400
1496
26136
48312
40270
41464
26929
29898
47456
19196
34010
50282
38202
16819
18594
36152
14769
3198
38970
47020
40965
46164
47358
13135
29829
41370
26835
48556
10479
14333
53182
36054
12533
51382
35903
56430
3129
194
21351
6127
36851
41047
43865
26487
48913
5951
13041
19033
13834
52683
32561
52257
50457
6029
9453
36753
26051
42573
3828
43003
47621
49759
48139
8851
24618
43771
46339
22818
18079
30438
16734
12909
37261
56013
15878
52956
8528
25126
27944
43702
51322
11617
50466
14586
37956
11592
31288
16640
54658
17584
36336
12815
19208
2188
34536
7236
42156
25028
5436
8860
28819
7578
25825
16317
47546
19286
31645
39662
54990
1689
2119
27160
378
46705
12721
20341
382
20679
21109
4941
35401
52074
10231
12369
52867
57122
34545
33689
30695
31889
21187
41563
47555
47129
8785
42761
45329
49947
46953
54573
18693
36251
12730
13924
19123
19916
53203
20688
6295
24087
215
37787
21886
48655
45661
53281
37097
10582
30278
51510
34896
15630
17768
57047
36950
7850
45338
17078
51158
40544
27784
25984
51412
15282
52356
35228
10513
54410
35996
24350
13849
52698
42246
566
46100
48238
40196
9894
24717
27686
45244
40989
10591
13159
56112
51857
39498
4009
20177
25225
28987
3833
25993
6831
41751
48144
40895
31387
14259
37629
2287
20079
56811
25127
4341
3485
149
29069
9477
20876
42597
28893
52271
11622
50471
35936
10766
53039
31293
50045
54663
37285
38479
2193
18812
2986
42161
481
20778
6385
24632
22832
23776
13324
45497
4614
27175
48495
50402
34218
1694
6742
23340
2917
4692
21290
6316
41236
26676
21907
15030
50054
38488
52872
17172
54246
33694
52446
19990
10603
34917
21192
7592
44136
20615
44929
28382
47927
14105
30377
13249
36619
1277
38394
57146
6325
3331
4525
40389
53296
2475
39592
25315
21891
6667
47829
29507
37127
13606
44835
52455
15381
10612
17005
51599
40985
50229
11810
13948
51853
665
50997
4431
5375
40295
9993
26591
26165
48341
24820
48679
18281
30640
14456
30978
40652
9131
13854
50928
21474
5306
18902
1882
8275
29491
24722
25666
40994
12220
28914
17782
36534
51862
57061
33540
32684
14362
33114
18980
37732
7008
20182
55628
26174
49544
7776
24374
46550
47744
43919
46124
22603
7780
43894
48942
38240
16857
51088
32615
39008
35584
7340
3515
48252
36807
29074
9482
26080
40827
7682
46819
48594
10003
33123
36092
18563
49792
33891
16763
37290
1367
2991
3421
16073
11304
26349
6757
40483
30031
45531
46725
11646
50495
51689
37985
4267
35421
1273
28481
40840
48177
23712
30476
11210
16772
35524
52197
56051
15402
31674
32868
17970
36722
39691
35866
22420
23364
4966
28412
7171
26612
42091
55097
31576
50328
32006
35430
51952
52896
25066
54950
37572
338
8472
9666
26264
47584
52460
38330
52827
16947
34505
51178
55796
56226
14897
32705
40325
1981
7180
2411
670
24821
44517
23201
20971
46909
32783
14461
51535
20281
5057
55727
4906
3257
53677
7111
36549
9249
28665
47417
22702
20902
49985
16163
12338
37483
13962
56235
52385
53579
38681
253
36881
9581
41077
21410
3956
41874
48267
15238
37414
12244
50942
51886
7458
56934
23112
39806
3520
4464
36812
56508
952
26448
44006
5662
23454
45630
31074
46824
53588
18138
10096
24652
32272
51024
50168
14288
51792
6170
48276
29803
8562
28947
48530
22529
25953
30149
44705
15589
6072
5921
51723
15843
55915
27655
46407
42983
25855
30481
56419
19345
30055
45805
46749
16351
54369
35103
36047
12526
51375
15495
6003
32902
28163
46059
20400
41691
6345
29699
47257
39373
55131
5504
13626
45021
45814
38081
33312
17128
15078
14927
52832
54206
5410
6354
40330
788
22801
49291
45466
21945
43666
25344
26288
48714
47858
37156
52484
53678
38780
50684
51907
57106
50258
54876
9254
21597
22027
41180
25701
24845
25789
13287
36657
55409
19529
10293
52415
16535
31863
13541
36911
54807
25353
44105
2337
23553
23127
48272
10195
16187
54092
55315
13986
51891
1500
7037
37761
39899
22628
44804
10126
50624
14744
15688
32302
53593
13124
16886
35638
31700
179
48281
49475
42656
24334
47704
46848
16450
36146
30947
12625
51474
52668
15594
37770
7046
38964
40166
54722
3196
52672
540
6444
41364
23042
46412
47356
14327
45556
53176
36048
51376
10477
30060
15525
35901
38870
39300
17917
49058
25537
56766
5945
22543
45913
5519
8943
40439
49062
48911
47262
25879
33499
38547
10408
36747
54305
18425
26045
3029
6453
24245
38096
51649
34951
4227
42571
25443
46763
29635
37255
13734
56007
12085
35455
22816
25785
51213
53781
54211
3728
24944
367
6726
28093
4926
45838
56706
8061
55057
34960
17832
54906
25452
1242
19206
16976
34534
8428
28788
13292
53364
17484
35042
39660
2088
14490
18707
37860
29296
8760
44110
21533
44198
630
4509
40260
25725
28694
24869
13223
29917
52072
16192
12367
35737
55320
13991
32743
36142
51470
19807
7042
44129
20608
6979
41899
46947
28625
36245
12724
46951
51147
14073
37443
35643
56963
2718
25279
29133
27333
9879
44799
45229
11006
46853
36151
12630
38289
14768
35295
10830
9189
38293
51846
14772
7418
40200
19820
20592
7393
22216
49499
12282
13476
30178
51410
16474
35226
50554
14674
6126
55602
19722
38988
20494
35994
21717
41300
24686
43438
40444
22915
15182
37696
56448
1009
23419
39750
11611
2207
29386
24617
5969
40889
13059
56012
14683
18082
37627
19305
31209
35827
2109
22131
24269
45501
3733
47639
48470
22469
43701
1683
8076
26323
25467
5875
40795
45843
53463
35141
18013
35479
8179
5185
14956
2191
33708
52861
36677
9377
44297
24968
44551
52171
38041
47887
37185
14858
32416
7141
11864
41998
29668
5458
49251
44996
26674
21905
48395
24874
32494
12372
36686
31917
2024
6642
1168
31892
50644
37884
2792
28376
25382
47896
28630
36250
26580
27774
12303
36617
11447
36592
55344
5717
9909
1867
40641
47034
7859
8690
46178
30277
13149
16573
38294
32331
33525
34469
55701
3231
53196
39492
51851
20167
24359
29407
9815
30179
45679
53299
34033
37031
54497
35231
36175
37369
52697
6131
28291
47043
40195
46187
21722
22666
41418
9467
20866
46441
48579
19404
35926
5632
32506
40126
18802
1782
27366
8968
28990
29420
30192
13064
29758
35240
37378
12913
18112
19056
25570
26764
45516
48940
32584
14262
37632
35582
36776
9476
55528
26074
6482
1713
2907
43026
4682
40032
37974
56726
5905
46024
22503
2911
10001
12139
47986
37284
32515
18811
35484
23007
480
18899
38482
14961
6413
25149
4613
40477
14271
34217
46723
49692
37215
44923
52543
16663
36359
10700
37983
25481
44233
20712
35757
43377
25055
51251
38491
55443
51618
15738
54587
36265
12744
55017
20364
34920
25412
56641
5820
7958
23612
24556
43308
47926
15048
17102
10254
25754
26948
23954
31574
50326
13252
36622
53295
18300
11452
51950
16500
24120
1104
22320
23264
4866
29506
48008
36964
44584
26262
49632
7864
42784
29510
10699
37130
11129
36274
12753
13947
31505
17801
7174
16945
51176
38666
56224
32703
53994
35672
8372
43292
22339
26957
1803
45709
23170
47484
23963
45684
33207
14029
48682
46882
31411
7080
3255
46217
7873
4449
24471
40993
56923
42367
5647
43991
26863
18299
44759
50241
52379
10536
39105
33906
50579
54433
55627
18553
26173
17697
35255
36449
11734
50583
6155
4355
8973
25571
12238
29763
37383
40473
15236
30564
13436
18998
53508
17628
25248
39804
4712
40576
5910
495
40830
88
30466
45966
36458
39706
31664
36712
37656
8556
24210
45530
49722
48866
10789
37220
15837
56740
3439
48176
23711
25060
48430
44605
46380
47574
24997
13351
15489
13689
54617
18737
32871
33301
16687
4201
40065
41259
55815
56759
11228
27897
17195
30748
52469
56323
8471
3702
45808
341
55721
29599
47157
41958
46213
45357
17097
11134
31510
33648
12332
35702
36646
51974
25338
5746
22344
9600
46658
7888
10209
11040
53676
17796
18226
50682
5310
6254
22701
49191
25670
9502
20989
5652
10287
34062
39903
14733
57006
34429
37398
54012
32629
41080
594
48266
20127
24745
25689
45272
23889
12243
13187
28937
51092
43501
15241
54090
50515
51459
15579
19433
56507
12585
4037
36899
54707
56482
44005
5661
21428
7799
41011
24397
43149
41099
56849
26451
28589
14742
45971
53591
13886
51791
11322
39461
51365
8561
27297
21334
23726
24
45902
14218
48871
52666
33400
50866
13792
4300
18840
26460
45212
9436
876
17294
36046
15494
34246
11669
5146
37244
35444
8144
11923
12867
17915
3350
47256
24929
44262
21935
49310
50449
14569
36745
18423
34945
24243
1227
5845
42139
1995
7987
31599
13277
50781
52405
32797
14475
36651
20295
7551
53603
9689
45039
21518
6695
38099
22716
30336
38353
57105
14832
53681
37497
13976
54904
693
23650
24844
267
29187
9595
24418
20994
4826
45738
43938
39199
51558
10909
4136
36998
29808
37428
51562
56610
6278
56948
10223
45644
53264
16190
39898
56512
55656
4835
44010
21433
44803
36478
9178
44098
49146
7378
56854
42298
2609
47346
23825
13916
15691
10922
18259
53170
13465
53963
21085
37779
1493
182
33841
35979
41461
43599
44029
4741
46847
12624
45227
48196
46851
51047
15167
53101
17221
55239
12966
56070
53439
56863
23041
2618
6017
56437
23408
26832
25183
3816
9808
18522
11674
30426
33850
32994
51746
33424
19720
36393
53800
43436
22884
12182
28876
13380
33326
6026
10749
38888
25192
26386
45138
48562
8168
29384
4230
40094
26390
45142
49760
22815
28807
47960
15082
56010
30009
34627
54210
37596
11511
12455
13649
50360
17503
1677
3731
5869
21523
45837
25715
26659
47979
14157
17581
12812
54229
18349
51999
33677
41297
19973
27593
22824
29217
28023
27167
6631
7575
2806
5775
40695
26991
45743
37179
39233
14856
35383
36577
6283
42397
1514
2708
46251
26922
48393
49587
50300
37085
12370
37878
1592
34884
4840
6978
6214
2790
3220
20582
9976
6982
48295
902
36586
44724
33592
52344
32222
56536
23507
25282
4859
9114
5690
9907
44827
11005
25649
26480
45232
38292
33523
24015
7392
3567
28207
51394
5621
6815
7759
3821
5959
40879
9813
41309
38194
15103
10848
55601
38223
39417
50127
56119
1081
35567
8267
54319
24714
55943
45241
46435
21720
15181
10412
48577
29311
13410
36075
35924
52597
17602
53027
56451
2206
40095
26391
40888
46087
53795
3404
20002
41293
26758
46341
47285
62
42516
50136
14256
28812
33008
36432
19304
51760
16310
32582
33012
11629
12460
14598
20080
36774
6730
24272
25466
43024
4680
41224
29658
37278
43792
44222
19210
33707
11961
55428
4607
1613
24174
38730
2807
46350
5805
6749
23347
27965
48492
49686
24971
37184
18711
19655
44921
30365
13237
47890
52086
19229
57134
33613
6313
53309
9282
40377
21111
22055
45425
48394
14171
7849
49592
34121
35315
10600
36259
50393
51587
22412
53641
44133
45077
20612
51591
52785
24804
9981
24099
45331
12302
13246
27802
33622
36591
55343
56287
34820
7065
46177
22656
44832
11010
26598
50226
1180
19144
13945
51850
52794
34472
10951
5372
56986
23164
39858
3572
236
4002
9564
26162
46108
41490
29410
11029
35230
19046
52696
34374
7074
11797
12227
10427
56124
23863
42615
29855
41759
28999
35249
50577
33449
6149
36873
55625
56819
24371
44317
52969
15895
23001
40467
49090
44321
9739
50479
32157
35581
36775
36011
14628
45857
53477
34211
36099
55531
45167
10088
46365
22844
30464
19328
14960
33712
17528
23010
25148
21210
8099
6754
42104
27970
4954
5898
45073
45866
26600
34220
35164
50492
33364
18829
6064
55540
55114
52884
22060
45430
46374
326
27901
41580
47572
38064
51592
33270
55809
11887
3339
48076
55784
56214
7961
25753
44505
15051
41511
32003
56317
19243
53323
35001
37139
13618
35339
38763
11818
36963
56659
28399
11128
42357
27797
21834
15295
34047
55367
30902
56991
33900
6600
25336
40664
29528
33210
16596
14796
51106
50930
57073
51874
34746
56922
24044
4452
9500
40570
24386
10109
12677
31429
17725
6154
3160
9152
55204
23119
26088
20889
47320
48264
6496
13435
51090
10441
11385
33811
15577
35160
6853
24645
25589
40403
8995
10093
26787
13091
14285
56407
52983
53413
54357
26097
40481
55981
1736
39797
37997
40055
56749
5928
45103
8897
9327
44247
42902
10024
12842
13786
56059
21924
10792
14191
18408
3442
25852
43410
43748
4640
5834
47602
13717
12068
15492
11917
13692
48081
1294
50770
6342
24134
28326
34146
10625
11569
32801
31152
13623
33319
5050
17815
25435
2419
24579
707
48780
20641
44955
12077
48354
49298
25777
16269
23977
31597
13275
51180
19517
35789
55372
33989
37843
30995
55739
6943
7887
47855
9941
17031
55049
49997
38351
10212
16968
36551
56247
13974
35695
48363
1826
26191
27385
46137
21422
43936
10114
34428
16106
18924
38595
6526
56946
45300
25692
26886
43500
45638
42644
50264
14384
10559
19432
15607
46836
17382
51462
33140
10813
16805
4040
41098
56848
1409
2240
10123
2607
866
46400
29022
23823
40496
11659
39034
54362
19705
6084
22531
24669
17215
13791
35541
8579
25177
6779
22183
55829
26375
21606
47695
48889
14666
53001
55139
18858
2518
5942
46061
5516
7291
23308
2522
25083
3716
5491
9708
22882
13374
27930
32126
14568
19616
36318
14572
55045
31524
19958
2424
22809
8416
20759
29632
49328
41286
9614
11505
36650
10649
55402
32825
35794
8494
25092
20323
33230
8068
11847
38792
6268
24515
41188
55744
27484
54110
31533
16180
30677
11411
13549
31107
56252
5431
7569
23223
4575
40689
22367
41119
2775
45737
28359
23991
11514
54819
44117
41887
23565
31185
47879
19105
15681
57098
33577
52329
41197
56947
14399
36575
37769
1483
25267
44019
45643
29459
37079
18606
10564
47785
10138
13562
18610
3214
4408
6183
6976
47095
41896
46944
29816
45295
21010
7381
27766
46518
43524
15264
32216
35640
36408
44028
51736
14662
6114
19710
3120
4314
48650
20849
14765
19813
53100
36486
11771
30523
15170
34715
36490
19362
38114
22213
2621
4759
21357
40109
2959
23411
40084
26380
45132
21611
13047
42931
56000
11247
33423
50096
36392
18863
23059
38809
3467
35565
36759
18437
26057
43009
25881
40808
10410
43777
51397
33075
19371
30081
50027
37267
18001
56019
13746
34273
55843
56787
6371
41291
29211
24956
43708
41908
12454
30012
17502
56351
33774
4674
14596
5104
19644
22470
23664
28712
29656
54228
18348
43614
14160
51234
11529
37868
18352
53626
25366
39922
4580
22372
45742
638
28364
3210
8772
40268
45066
44915
32413
15799
55078
3313
54927
22049
2457
39574
51933
16997
34805
6649
22303
48392
43623
44817
46592
34115
32315
33259
19555
9901
44821
46959
13137
38282
50641
14761
54040
39505
4413
54833
9211
20610
7411
9549
46523
12300
11444
50293
34814
37783
55341
4065
55679
9113
51491
34363
7063
25648
21710
29047
41406
10152
23852
14344
28900
36520
34720
52616
3570
21362
40114
45676
2200
24360
44306
21729
49868
24698
46874
56118
53124
10851
50468
55516
30801
6470
43014
17601
18545
49774
43811
45949
13751
19743
49084
8539
42515
6739
40465
22143
3745
43713
50477
14597
36773
2111
19219
52869
38401
46021
9301
45165
20700
49783
46359
28037
47983
29661
37281
10336
47557
35848
2810
7946
48065
1528
46265
44920
28736
52085
17428
55083
39604
5456
54932
36610
19232
5460
24196
42004
2829
3660
47566
5798
33264
6996
11117
30270
19134
53214
1537
45330
29146
27801
5729
6560
44048
23951
15387
34139
10618
12393
30201
32339
5039
17441
19579
52715
18209
1189
51859
33537
55713
56907
21035
26597
45349
21828
13151
28651
34471
13518
44747
52367
33101
16487
35239
32245
54421
18541
3938
9137
49105
46111
46199
12226
37371
14794
4446
21044
10430
36089
15992
35938
56465
45612
20442
9836
44756
10078
31310
32254
48948
5986
47299
13076
18124
19318
51774
15894
52204
55966
44320
45264
3496
20887
21317
43038
47656
22941
35154
50482
32953
3060
18030
56048
13775
55104
18823
7252
54248
11975
48164
55872
22843
85
40401
42539
23787
12141
14279
12479
33035
10708
12483
19669
2135
3079
51611
34997
42103
29343
45101
8895
22069
26687
27117
23693
11191
37129
10614
56311
34928
37897
31934
45003
25395
39951
47571
48001
42802
26618
15486
34238
10717
31244
12066
16684
50764
33636
39628
3342
21134
43310
1542
27126
1116
22332
2740
43652
48700
31150
32344
5044
54520
56658
38336
14815
3244
16590
11821
18214
1194
50670
6242
22009
56662
5386
27825
13269
14893
34050
11473
31419
17715
18659
5743
4887
29527
18913
7092
23109
2323
45260
14369
18223
19417
52303
10974
35689
5395
14373
34069
55301
25241
3169
21416
8217
43137
49129
36197
20814
49897
51099
12930
13874
19073
56147
39019
3526
26087
6069
36793
20892
5918
7693
25940
28508
23890
19430
12582
32278
36896
18574
19768
1040
52654
34332
10811
4376
43400
7624
11315
28840
33036
55212
10459
27984
46736
35178
10713
33378
54610
38426
46046
3877
28517
56752
42196
28492
48188
23723
24667
13021
29715
22867
30487
11221
13359
27915
35535
18407
50863
14983
32541
33735
32879
33309
18749
26369
23375
24569
46745
45096
29617
45889
24573
25767
44519
47943
15065
13265
36385
37579
11920
17912
34585
56761
23732
54961
349
6708
29269
35783
8483
54535
21506
42033
46651
14566
45795
35093
12766
52045
56663
15764
46993
36291
55043
56237
5416
19956
8385
2422
3616
21158
25776
9608
44528
23976
19266
22356
25780
26974
45726
27404
35024
11503
49918
39216
32368
52744
23290
8316
46660
6266
41186
7890
9514
21857
10211
12349
26905
10549
17372
13547
52396
34074
39122
55644
56588
21421
23559
44086
9959
44879
17049
13111
34431
57096
51897
34769
3531
5669
2675
20922
27315
4049
35967
8667
39821
6867
40593
23465
45641
19005
44785
45979
34333
11756
32283
6177
37331
19802
13898
6181
1412
2606
41718
26820
12264
28958
44716
2948
47685
18510
19704
17654
18848
1314
22530
7306
28522
55926
7281
43424
44618
22872
50188
33490
56860
30859
31690
51386
19360
35882
23405
9012
26374
25180
20411
21605
7212
46750
35192
48892
15070
21947
51288
36390
37584
55142
38014
7290
38807
31959
21257
2859
39212
23311
25449
40777
46769
27503
44969
34267
15001
53019
17139
5167
51219
18763
14938
11151
13289
53787
18337
51987
33665
6365
41285
29205
45477
29973
48725
49669
40683
45731
41906
13646
44875
52495
34173
35367
39221
50695
51918
21520
2872
3302
54916
22038
26656
42414
40614
56251
2006
31110
2010
4148
56593
44116
6966
40692
3972
636
29556
9964
44884
11062
46508
11429
19901
36574
37004
33580
6280
1511
2705
4480
24865
43617
4054
24439
25270
22639
46590
29462
41821
48214
37082
10137
32313
35282
54034
13899
19098
18947
53178
33511
50184
56176
31711
50977
22203
7380
2611
4749
20153
43523
25201
42667
50287
33159
47715
48659
23489
45665
28537
36157
51485
56533
4063
5257
55677
2263
46169
42231
50883
7399
40181
55931
23053
22902
5599
44373
20852
11344
50193
55241
31720
51391
3138
24354
4762
23498
2962
42930
10052
48922
23752
42504
14244
15188
10419
12194
35564
18436
52516
39756
2100
34962
7662
24260
44206
21629
41212
24598
28452
11945
39320
37270
56022
15887
34639
35470
55166
5539
56790
47282
24955
42513
45482
21961
45056
21535
44905
12027
41911
18019
16219
55068
4247
53723
17843
5871
6301
23663
42415
309
47981
49605
10334
18351
30710
35053
50381
33253
52005
22400
55767
3297
21544
12036
32412
49511
11434
55331
56275
32754
39147
2710
9646
43622
3228
6652
23250
25388
20619
23588
40202
43964
51584
34456
50214
10509
13933
56206
56181
2729
5698
9552
45666
20951
3927
992
48664
6896
46864
28542
36162
43870
19034
51490
15209
55707
54058
3237
33961
52713
43205
1437
40211
41405
4435
5629
22227
44403
27789
25989
42603
923
10518
12293
13487
3139
15541
16485
35237
13491
14685
45249
24697
27695
49871
15986
34738
33089
12992
32938
14616
22236
39761
47381
25998
6836
46099
42954
49347
10076
14694
19742
30452
52173
10330
33700
34644
22935
48510
41662
39002
25478
10007
44660
18024
13769
44998
33352
34296
55866
21217
22841
29234
24979
21985
35054
12477
50382
17525
18719
10677
32853
5127
34995
44239
40301
42439
28735
3669
21916
15377
49629
10608
19231
31135
36697
17431
55449
54505
2035
51511
7597
23251
39945
4177
43201
6995
27017
11116
13684
30636
52812
56299
22326
44502
28318
43646
47838
29516
22668
9924
30288
11022
10166
13590
14784
32342
10959
55712
30542
21034
43210
34734
56910
55261
1016
31740
4440
1809
45352
8632
34044
10523
16515
33188
17709
55364
19484
1119
44750
30194
52370
35242
31417
17713
7086
53138
56562
2317
54762
22677
11031
42260
24731
26869
36088
18559
56464
1025
2219
38142
14621
52639
32943
22241
7017
36885
19757
2223
3167
7785
53837
24383
9409
44329
20808
29431
10106
54003
19067
33451
52203
17267
36019
50153
49719
38587
55201
33818
32169
54345
33793
21316
8117
43037
28477
36097
43041
5891
10805
16004
37295
13774
31332
32526
18822
53053
2232
3426
9418
26016
33724
23022
4624
5568
40488
3768
28408
43736
30040
36796
45878
34232
17104
50754
51698
56746
53752
54946
9324
2476
27909
764
48436
25859
32109
49634
35078
33733
55454
37132
37925
7176
56652
2407
23623
24567
43319
9230
4975
44150
41519
29590
32441
15313
13263
33209
54529
18649
2059
22081
7107
42027
8731
27467
35087
7875
24473
44169
48787
49217
30293
45793
36285
11820
55037
53237
56999
2391
33908
8383
54435
30914
20212
6583
21406
23181
29173
23974
40926
11472
31418
43924
11046
17038
36191
12670
31422
4122
55736
9508
44428
20907
41434
29868
47426
44432
20911
23880
34068
55300
39116
53500
54444
1030
3168
21415
33466
6166
5222
41086
56836
55642
3172
22613
44334
10111
16103
10199
19072
15247
53152
41707
35623
17301
56150
53519
17639
1049
5667
41017
2673
28507
8915
49034
48178
23463
43409
99
18147
51797
33475
34669
39717
55196
31675
29015
9423
1381
2575
3005
34673
7373
53425
39721
437
41716
13456
44685
32208
18504
10462
30408
39031
32183
49307
38175
11660
18846
52133
56751
2506
55895
22866
12164
43393
28858
21246
41622
42816
13362
32114
48808
3014
53434
5582
51634
37930
42126
45550
35880
54632
55826
37504
45124
48093
24572
9348
25002
48886
20747
34584
53336
16262
51286
56334
35782
17460
55478
19598
25080
54534
21505
6682
7112
2857
7905
48024
46224
4999
29639
44967
33321
32465
16961
35713
24581
43333
1565
51985
33663
24155
21161
22355
9611
44531
46669
28347
9949
43675
44869
29971
10646
17039
31173
49921
17043
6265
4465
21856
26199
24854
43606
1838
45381
29902
21860
17400
10552
30248
39121
53618
56587
31872
38265
51818
22364
30502
13888
54816
6171
41091
42314
3970
28610
40514
26810
56151
57095
34004
41712
31010
31803
15619
53524
54468
24070
5672
22270
1847
41022
46584
28262
47014
9864
44784
6870
22637
42220
29460
10135
45982
54032
12953
18152
33480
56850
15951
55230
16719
22201
24339
9002
4747
22539
2947
46490
6801
41721
42915
48907
30163
53533
29729
19027
10834
5255
37603
23047
2261
119
20053
24671
44367
2599
49415
25189
21251
9701
23389
44621
33063
48813
53009
56433
32912
38111
35881
19697
38449
53777
36399
11934
32461
17926
40081
7299
55831
56775
3361
818
49321
31620
32564
12442
55508
11586
33762
43006
4662
50714
22454
8854
43774
24596
29644
11150
52416
54191
3370
42507
36662
18340
55414
24160
3737
42056
45480
40711
42849
12451
43680
14589
15019
10651
11595
13219
4
26919
32401
34539
3301
32739
56690
51921
25799
278
27060
29198
24429
48380
44805
27427
49148
36671
19543
30253
4147
34871
54567
18687
6201
35389
4151
33589
43263
44457
48311
29897
48649
18251
56269
45655
33153
54473
55667
44021
3197
22638
1852
8245
41820
48213
908
16132
10933
54830
18950
53181
2360
31798
218
29138
193
4752
22294
44720
27342
49856
53108
11779
13040
814
10409
53112
56081
51312
7398
22651
24789
41403
29837
892
3827
47370
20425
44739
45570
42939
12541
32237
11685
35999
16733
53807
34629
55156
31635
18875
55949
2535
3479
8527
25889
43447
24695
6727
12193
30001
27943
17241
10393
56090
30089
13391
50465
33087
32936
39329
3043
54657
43099
40810
47203
55855
3385
46347
8433
11268
56359
14516
22136
2544
17514
34187
2118
32842
5087
21534
22478
2886
44199
18018
43798
33346
15024
28724
19216
51672
34544
30719
31550
22042
19984
38736
21979
23240
25378
312
22384
44898
39244
16917
13923
33619
34450
35394
18266
4519
16921
6294
24541
2469
7517
29927
11183
26933
12377
34553
18369
10606
37096
32327
14005
3227
34895
33951
5795
51847
41145
45763
28635
6993
29833
21791
49529
19131
28977
47729
36597
55349
37027
56180
31828
38651
51499
56547
4077
2732
44045
20524
42700
48237
24716
32336
11784
27714
13158
10164
15212
54061
56199
18974
54399
2634
42602
43546
29842
28193
3832
9824
26422
34042
12659
31386
3142
9134
34384
53136
3509
4340
5284
18880
23076
45252
28124
43452
44396
27268
49444
44650
45594
35142
13759
50470
17613
34286
18807
53038
39334
16757
20009
21633
6409
26431
28569
53835
20013
20806
47296
22581
73
29767
48519
16321
30818
50401
1718
3493
50489
2916
24283
8115
9309
46797
29669
30724
52900
6393
39685
7616
5816
21220
22414
23358
28406
45079
8814
41934
13674
31232
10680
2132
16672
17866
14872
32430
34568
15302
19920
30630
32768
40388
37816
21915
27114
28308
23690
24884
8716
21890
40642
12382
31134
47828
11981
17180
15380
34132
10611
56646
53652
25392
21567
40319
1975
26615
56988
46286
27020
23959
49534
10263
33633
55354
31833
13511
21131
30977
31407
36969
17703
2307
52727
55696
9923
10620
32341
34479
49979
10958
22671
41423
30291
937
29857
48609
18211
13956
56229
57060
34483
10962
7007
3583
20181
9575
45689
44069
12664
19057
31416
33191
53137
10864
39433
15912
35608
13862
19061
56135
56928
19854
55279
2320
3514
53934
21056
25674
26104
153
29073
24304
13172
9481
29866
48618
18220
11372
16420
49023
49816
12570
55636
18562
3166
52642
8214
43134
26006
3420
9412
44332
2564
852
33024
53150
39809
14639
22259
23090
38590
56486
32965
3072
23457
9064
3865
28505
21657
49032
27649
28480
16003
31331
14203
21661
23799
27903
17201
56050
55194
32867
5567
39690
7621
8815
26357
24557
48107
44683
18047
33375
15053
19671
3081
15846
2930
55125
17900
7273
11996
22071
1648
337
22864
48009
44585
48777
29261
33306
36275
52033
16946
45093
21572
41268
1980
45886
2410
3354
48091
54968
21146
43322
44516
21939
22770
6602
48708
16260
32782
51534
39204
35780
52732
39972
43224
4880
49216
42368
28664
33290
20901
21845
12337
43566
46990
942
51186
56234
33657
38705
54184
9605
252
9580
56576
5755
51807
40675
47068
22353
23547
41105
2761
619
9947
49122
25601
33221
31421
32365
33559
18661
54086
30565
53935
16861
35613
18999
36557
18235
55309
19429
34757
16435
56933
24055
39805
55284
23199
41007
44769
26447
48623
34067
29445
13544
34071
10550
32271
51023
55641
39457
15936
23556
49131
7363
25610
1400
48275
24754
55983
1738
21760
22954
28153
41706
31004
19438
10452
31772
32966
14644
51718
22264
31346
6071
56491
41020
42214
29454
48206
44782
20835
49404
11327
14296
19344
34672
53424
18488
30847
13719
21339
38864
46484
28162
29356
48108
8570
55566
19686
38438
46058
7200
43064
42913
45882
13797
32549
51731
53869
17225
55923
54274
3453
48190
21245
22189
46390
42565
28861
709
28435
29629
32455
51207
54631
19695
38447
14926
52831
54969
20746
7547
22095
9601
44521
21944
38011
33756
15434
55477
37155
13634
21254
15008
36299
12778
16632
56675
22452
27500
44173
718
21596
25700
41972
13286
32038
51191
10292
34856
52414
16534
53608
31862
4562
37854
4929
45048
5760
7898
41110
24496
46672
29544
47102
9952
25719
44872
10219
49920
17042
54116
12787
17835
51122
38362
14841
3270
57114
18240
13985
52320
30937
24060
1837
29196
31103
40949
49572
3979
530
13887
31445
32639
18935
2345
3289
53959
6537
9961
7
19883
39829
29127
20141
11426
14395
28951
33147
37001
54467
13818
1053
34345
11768
16816
48211
10134
26828
48549
18151
22978
31028
33846
39838
35900
43520
41720
8938
6095
4750
7318
3894
808
28534
54730
37602
118
32128
50880
52504
51648
21250
3796
11341
42570
9788
10485
11679
2969
27609
28440
36060
14677
36398
11683
18076
30435
12877
52156
55580
52949
25119
44272
53354
20325
21269
44639
13385
18433
52513
17577
55482
14583
33335
15013
19631
12783
15806
4235
3041
43347
12093
28787
47539
17141
55159
19279
9625
13291
38035
32836
31187
53363
1936
28351
5085
6279
1940
44197
20676
25724
55065
13222
53720
55858
52071
2444
12366
31118
34542
32742
16558
24178
29226
9634
3984
29568
43952
44896
10923
17066
16122
30619
33588
50202
54820
55764
19884
13921
3294
16890
1494
20935
21879
56962
29925
28276
40635
31127
48652
34096
56272
2027
39144
15623
35319
54472
39937
32325
54839
6987
27009
22641
7417
907
5617
11083
18269
22983
10506
41735
12281
19467
39050
34795
16473
39843
9119
1077
32995
5695
559
6918
35993
54745
6893
43187
48235
54055
18175
18968
38551
9025
26416
24616
32236
45936
2974
28808
44287
18106
10064
25814
33434
10857
55948
2284
8526
43446
20869
52528
22130
1707
4676
9724
13390
28890
33086
10759
32935
14613
13757
30709
32484
4240
51236
9376
25030
27168
43719
11271
32841
33785
2117
35409
43029
41229
1691
2885
26331
34983
36607
44227
20706
41233
24105
49250
11173
33687
12371
16563
24183
39933
29231
25406
42079
21982
28375
40734
41928
23606
12474
31226
48751
21556
49695
43277
29573
41932
37193
32424
14102
18720
35393
52800
51151
53289
2468
51944
51518
37814
3666
28306
8714
9908
26506
28281
41834
12380
30276
17766
43976
51596
16146
5368
53650
54844
36522
44142
8366
29582
49528
41486
27782
46534
47478
28212
29156
45678
55352
19472
37030
33969
30975
9124
40219
6130
38992
15901
4080
138
29058
41417
27713
44386
26857
34477
17349
31483
50235
14355
51429
18973
11361
13499
35675
32681
52627
21373
41069
49086
46885
48509
43891
18199
15910
32583
147
19397
3057
33781
21304
1712
20448
23872
7704
49017
46816
33091
49785
1022
33884
34314
13762
56035
18810
2220
4358
17954
22580
7606
41332
11272
26772
30024
3756
48493
8804
25402
33022
47916
15038
55536
19656
1721
49026
40040
42178
38412
1270
20711
22849
40407
752
49368
10347
16339
53050
14539
50394
35859
32072
55442
15737
23357
37913
42109
2821
3765
45078
1965
7164
26605
7957
41933
47132
25749
45082
44931
27803
17101
19239
33373
52125
16245
38421
31573
55887
2473
42441
5471
39957
48007
41159
44583
46207
42783
47831
33275
55451
14097
31504
19938
53225
2404
16944
52369
44485
49283
29161
41520
42714
32012
48706
41858
13598
18646
39173
52726
7104
28320
21472
5304
37402
4448
52730
16850
54868
24470
1454
21839
22670
41422
42366
25238
29856
47414
26862
34482
17354
36106
14360
18552
50607
14727
22347
53576
7010
1811
39872
9148
3949
23971
42723
1899
41074
45692
49909
21745
49458
57078
52309
16429
19853
38605
31757
50509
21055
36805
38580
7705
41431
17627
8649
39803
56476
32955
5655
33899
49022
44767
25501
49815
41773
10089
32265
15137
14736
52641
11742
18135
33463
9411
23099
43475
851
25946
24297
425
29345
28489
18
17636
10788
32964
3071
20462
21656
8912
18834
52121
54259
1300
1638
46375
28053
40412
23798
45974
28846
42980
33472
15150
16344
34670
17542
2939
434
4200
6338
9762
44682
27128
11227
45880
18050
19244
15419
53324
55892
1647
336
28062
41615
21243
3789
340
43757
26629
30311
32449
19689
17125
18319
50775
33647
15325
55823
54174
21145
27137
20289
41521
8739
47513
3695
46657
29529
9937
44857
48711
39203
55475
19595
31954
2061
44171
20650
22788
7451
9589
15334
30662
10540
16532
17726
53606
39902
14732
22352
25600
26544
6952
29542
13186
18234
51120
52314
53258
17378
39554
54882
23198
56506
27052
28246
54456
1835
24396
38952
46572
524
9852
40154
26450
34070
23819
31439
51022
38262
39456
26817
13092
17309
54020
13885
14315
18933
55982
37660
45280
40511
24327
27751
49472
22277
41029
45647
27325
47701
19441
30151
45901
32289
53521
19779
30489
51721
35537
43157
26029
16359
39729
22179
42555
39039
15518
18487
12524
34245
48801
49745
33844
55565
52571
2944
9087
48111
49055
9341
21684
22878
26732
12176
17224
48453
56073
51304
39738
38089
22188
37938
27236
3026
33750
34944
16622
32894
37942
3794
28434
43762
1994
26634
27578
30429
15076
37252
25807
53010
12875
38450
7550
23317
790
26286
6694
7124
46662
48036
42837
25709
31529
52056
38352
52849
16969
53680
25019
44172
53254
10981
38719
21169
721
29641
12091
16283
53357
36229
42743
29983
39227
30241
32379
13906
7133
8327
5333
25718
47439
8331
44445
45389
1
8669
26916
17408
48637
39129
53263
54457
10990
36135
30936
12614
20234
51463
26226
54461
39926
3640
2784
20576
37436
10921
56163
50200
56956
39828
22278
36834
44454
1492
2686
181
6540
49502
3909
22282
548
28524
27330
20482
49051
44796
25530
33150
11767
18590
13821
21441
21015
52244
37709
56862
1423
29032
22977
48552
10475
16467
42927
30425
35987
54739
55570
15865
52939
5517
40437
46429
6891
28107
9459
44379
49427
40441
47627
55247
16373
56871
50453
29041
32924
38123
14602
3031
3824
6793
53789
23391
27608
41287
11682
16730
15081
30008
28781
31632
13310
38818
2532
20074
25122
6724
7668
27940
9722
2874
48041
15012
31284
54654
36332
37526
1240
53798
33676
52428
22030
54996
45488
26222
21967
29984
47542
32042
41917
43692
32409
10663
39232
34977
5084
35407
54560
17849
51929
2090
9276
42851
44989
45419
47194
7505
23673
42425
43619
26921
27865
32741
52437
15363
19981
16557
31885
6209
36933
37877
56629
1591
31459
4159
53635
17755
1165
2359
6213
22381
23575
42327
9182
647
29567
48319
30618
15720
17858
14071
48323
10246
54143
31816
33591
39583
21882
41828
40208
44826
1864
10148
9881
35293
54045
36516
53189
39485
7416
36491
39059
51418
2372
28206
20164
42340
25212
20957
5620
49526
7758
28974
47726
38218
40907
8956
10847
36422
2274
51750
53888
23490
20859
26058
48234
20070
42609
38124
18971
21367
8623
11697
30449
53819
4773
50825
21371
22565
9821
48140
43885
10856
17249
50135
51329
15199
11261
13399
18447
30806
51333
55951
30781
3481
21273
5105
1681
28459
8867
6303
22471
28463
12562
31314
10762
18099
39331
16754
17948
14954
22574
11960
55177
38049
36704
2556
7604
45493
5804
27964
41922
15036
34982
36606
2458
50740
57133
51934
16998
52878
9281
25048
28472
746
47224
8880
44230
8454
9648
26246
29670
27870
46622
35490
54242
38058
33690
52442
34120
34913
5020
18729
52016
55440
15735
16929
4164
37456
9212
45076
40307
9980
44474
12389
50294
10589
31571
32765
14443
22063
37813
27111
29249
36957
8713
44577
45007
4863
21461
41157
43975
14800
38659
13944
2373
53987
35665
53223
17343
54417
32671
39857
3571
29155
6139
41059
26161
28299
49531
49869
41856
46904
18644
54069
1110
3248
5302
49183
141
29061
43558
934
28910
48606
11360
30112
30905
32680
15552
34304
55624
52630
18888
50830
40921
8970
43890
15229
28929
48512
11379
54332
55276
31755
32949
38148
14627
150
6054
1799
9052
3853
21645
45959
42172
46790
47220
25837
33457
52209
55178
30463
53833
38480
52977
16333
55182
4361
33799
2561
27201
27289
6753
48859
27543
35163
18035
18828
10786
17179
15834
51259
25053
55881
1636
29245
28389
10350
17536
55191
56385
50422
14542
37912
3000
14116
54614
1200
14909
3338
6336
41256
49273
15050
52124
11989
43648
47502
19242
18386
2046
39956
36962
9662
44582
28398
17784
20635
46210
14125
17094
16943
16517
55366
52372
8737
25335
26529
47056
43911
49110
26533
17025
37401
54074
30553
3253
54867
21045
27037
49213
7445
28661
47413
6589
18991
7019
37743
45363
21842
28235
259
20986
27379
11478
31061
47755
55375
38247
13532
53575
35253
17724
51804
3952
20550
20888
49457
24742
42638
33560
53506
36128
55281
15576
23196
2660
9846
27388
8226
9850
51020
15140
15933
36460
37654
38598
15507
17282
18476
54356
13707
21327
38852
39796
9752
5927
46839
18579
10023
17209
31343
32537
39360
17977
20035
9429
26027
7629
41355
42549
24227
17981
3779
24995
43747
27993
45801
32189
53421
17541
37237
15491
13691
33387
52139
44255
45199
49303
48447
24926
54267
9677
11568
33744
15422
54271
18391
37936
1650
20386
1988
26628
14820
4193
22440
9241
22778
15324
37500
54173
31596
54966
10280
32819
38018
34594
52402
53346
17466
39642
1919
358
9686
27478
22709
11577
30329
31160
16625
49228
40242
9940
28676
36296
23907
19168
31527
17823
16174
39544
51903
54872
33919
22787
41539
7450
27835
6594
7024
29184
7817
41088
31179
16531
39196
50611
34427
7127
42047
15249
55747
8325
9519
1477
621
26117
50953
7469
42389
23123
959
29879
40589
26885
10984
29090
43587
963
30141
31085
32279
18575
15581
53599
38951
5233
49139
4832
3183
3976
26816
28591
16114
12690
14314
15258
10890
13458
21078
56161
32640
54361
56499
36832
27324
4308
26468
47700
48189
30150
13022
5506
43850
45988
14220
52238
15164
38534
30492
1392
26032
21777
5609
874
3809
25176
20407
35907
29030
6014
448
28174
41727
39042
45919
17659
48888
54370
15859
19713
55138
33392
17913
37609
1323
5515
22877
23307
8484
354
6713
33069
38117
52501
16371
35123
36317
52589
37941
3793
457
26383
21614
52843
7221
711
5421
49327
47527
53347
35818
22093
56345
38023
39217
32824
53351
36223
7123
8067
39985
363
48828
40786
20664
55053
12780
52852
21168
36668
8424
1576
6624
7568
39916
4574
50626
29214
5004
24420
29982
32040
30240
14056
17480
37426
13905
14849
16110
54128
11855
5082
17847
3282
44194
49242
27859
14413
15357
46586
21871
48640
10563
56260
30259
36931
4407
6182
21005
51833
20149
9180
28959
46517
49486
44717
51143
15263
52337
53961
55335
18261
34783
35213
6113
7057
44795
15620
551
26047
20848
48223
10146
24702
30522
12200
33491
39483
4391
51387
199
6808
8583
1764
28972
47724
48918
31368
17664
50550
6122
53118
16044
39414
31372
50124
18862
53093
38558
36758
9458
44378
26056
20857
25905
28874
29304
18172
30076
45576
46006
42582
32130
38122
16739
14939
53788
38890
26413
6821
41741
48134
43879
9790
46084
2971
43090
27611
29749
20763
49332
26755
30007
10399
32575
19301
30775
52951
17501
52525
53719
16645
31973
4673
50725
3303
7921
8865
42841
48040
25463
41985
9270
6639
18097
32481
51233
14952
54995
36673
44293
27165
40718
54569
1610
8003
7147
21970
41916
48059
47908
35406
13660
57127
11860
19197
14428
2456
16996
5704
27864
49614
33258
30264
53634
35312
52778
37880
42076
54832
36510
38648
44130
2362
53976
7410
8354
49516
41474
30621
53286
30959
52709
54484
1070
8711
41831
47823
40975
919
28645
29839
43180
56186
18961
2371
229
27011
53985
7757
23161
6137
23499
45675
40906
7761
43875
49074
49867
14700
13051
15189
13844
26751
34371
53123
18187
12988
13418
21038
52267
50922
53891
41414
40558
48575
29397
13496
12126
15550
16744
34302
50824
13750
5202
21370
8171
3402
20000
18886
35500
37638
2546
41320
834
4600
32580
51332
11627
33803
144
33098
18450
37202
52530
49014
56722
486
28462
47214
42959
43790
44220
46358
49782
22837
79
18098
43364
28829
11279
19296
38048
14527
2555
7603
26339
388
54574
31997
417
29337
22489
2897
41671
48064
24543
32163
47913
30363
50059
54677
35411
36355
52113
11978
55082
31561
4261
55875
38747
56305
28045
8453
9647
25051
26245
47565
48763
52015
17079
39255
51159
20698
1536
41504
27095
21896
15386
2470
30200
17440
39954
21460
36960
9998
42780
49173
25652
44404
24796
42354
43548
25226
28650
24825
17092
30645
52366
53990
25329
4088
1094
6142
41062
6935
29496
41855
48248
46110
24727
14025
54068
39170
17787
37370
10175
15223
53921
18985
37737
3589
140
1789
5643
48605
40563
28997
8641
1793
27377
6841
10532
48947
37301
14724
50149
12924
20544
6151
41071
56821
585
18891
20093
8543
9487
25141
4718
11378
31754
10008
14626
35153
13006
48853
34297
10776
56473
39345
14630
16768
50848
20450
21394
40146
23018
26442
24642
48956
7618
24216
29778
20792
49361
10090
25840
30036
33460
36028
30829
12507
31660
33798
51356
15476
55974
37652
38846
5128
35852
43472
2134
422
29342
41246
27542
28486
8894
14209
48862
12409
16777
35529
56056
18831
30735
2579
7627
27194
11293
27987
43745
7969
42889
31243
19677
53757
36629
50763
14883
17881
2485
20277
26269
41597
12422
52465
30318
32093
33287
38335
4187
2842
13958
21578
26626
29595
249
41528
27824
48689
52371
8736
32792
50600
51544
7116
606
20290
43998
47852
52048
38344
31496
50248
17792
52302
3594
8642
49554
7786
9840
40142
23807
31427
48952
37419
1133
38250
33995
39194
8319
53945
20123
26115
27309
22691
29084
9492
25259
29877
49460
17375
36127
40841
51029
3177
8225
50853
55901
42289
47337
45537
20822
27215
8567
42293
863
47341
49479
39027
36033
30834
3108
6077
3083
54697
21668
49043
42195
40850
47243
14214
15158
30486
11220
16782
34678
16356
39726
56399
38077
50436
17980
3807
26368
872
47600
3782
8830
44694
7974
39
32192
53762
1292
32809
40429
6340
22107
56760
39632
4290
35807
6707
44596
48450
45819
15421
32094
32887
13621
51639
38086
33317
11571
17563
32891
2167
39284
3791
41279
1991
22806
7983
27149
22781
25349
28773
29967
48719
17465
2069
14471
52489
22091
36985
24508
9685
12700
38359
2073
53687
4891
5321
25706
699
28675
47427
37518
53251
30674
35722
36916
26214
33922
22790
263
41542
29976
4822
20990
26982
3966
20564
42740
40940
54097
13903
52752
34430
51896
6524
55295
31774
36822
40617
7472
25264
962
49578
36132
50629
14749
40959
39130
32282
51034
14753
15947
20573
40519
7374
25621
5603
28164
8572
28957
30159
45909
54360
50535
36831
56527
37349
6111
8249
38973
545
29465
45223
32291
15163
30491
28863
33059
48559
31714
38107
52241
16361
1758
447
48119
46069
6781
9349
43075
451
48123
24602
46323
30422
12100
13044
17662
37608
2266
52936
50886
5514
18860
37612
20062
21256
8512
5856
30074
31268
36316
15000
14144
18762
52842
34520
9358
42140
20757
51986
5420
40340
28774
9362
44282
40707
7562
30005
27947
47530
49668
16639
53350
50719
37959
2103
362
6721
1247
51917
729
44184
20663
5439
40359
44977
45407
41983
10299
24855
43607
32475
51227
54196
12353
13297
32049
33673
52425
34103
38721
55394
27163
42491
25363
48733
5771
40691
49677
7145
41121
46683
29555
41914
9
13228
32381
17846
52077
11428
51926
39567
33604
55325
31099
53275
36147
7047
37771
56523
45391
40622
47015
43591
47808
30258
16554
35306
16128
40964
13134
35310
1162
2356
51832
16896
7404
8348
9972
26570
27764
46516
17062
21096
36846
44466
49514
47714
52340
16460
13829
6112
38974
4062
51058
54732
19796
9110
38548
13833
2262
26046
26839
47366
23845
31465
13143
14337
50217
48990
36513
39482
31039
17335
14341
52609
51415
15535
53190
54384
37711
36062
30863
16479
50559
20161
35911
55607
49068
24353
43105
28971
40875
46074
42249
27601
5529
8953
26745
16043
53092
38557
52941
53885
35563
50891
51321
17579
39755
29053
20860
22998
46005
43804
39065
15544
46773
54393
53023
13318
38463
50822
53791
9363
20762
5538
26754
1600
45481
377
41656
48049
11596
44904
52524
51668
5102
55522
34970
53722
17592
36344
8100
37538
2196
42164
25036
734
47212
5444
48406
25829
46356
19294
38046
32847
15719
31198
54568
17494
12725
20345
42066
56622
5801
40721
24537
21543
42070
28729
26679
47911
55076
13233
52082
37547
3399
51505
38745
50649
22389
292
6651
41571
35311
36255
37449
9987
49162
52013
49955
11878
17077
37453
2361
24800
25744
26938
46271
29143
41502
25318
44471
28287
40646
23518
31138
48663
51514
14440
37810
11809
36161
12640
50658
38299
20260
55706
9199
33960
16832
55681
1436
50912
7428
56904
25650
16142
50222
14342
41746
28986
17340
10492
51420
11715
9560
28296
7760
42680
43110
14019
45248
20533
51762
7334
27719
28550
48246
25919
27694
15217
49870
11793
51072
56120
34737
13421
14615
52270
2643
21379
6042
26427
40811
40899
34301
36439
8977
48152
42953
10075
26769
34389
15123
10868
32589
12922
3489
47311
6487
45511
47653
53473
37289
5195
37543
2994
23016
4618
20786
49355
25834
15132
48499
24978
32598
14276
11282
30034
18468
14530
21294
5126
35850
391
41670
25486
4950
22492
6324
40300
27540
11184
26684
16232
17176
34128
52880
55448
30733
37126
31927
53398
21993
23617
14109
29609
12059
16677
9992
24815
49960
17082
31579
36627
40647
44501
21469
25323
5731
7869
41845
23523
31143
47837
50663
5041
55711
19581
31485
50237
53661
17781
37477
9233
7433
8377
3608
47401
49539
17091
12322
28991
16514
30193
37379
1093
18906
26526
2316
6934
47053
23532
50936
21482
5314
9932
23106
8283
18558
36116
1024
33886
39085
52638
38934
28232
20190
35940
8640
43560
1792
26432
40929
41760
43898
25576
47752
20807
10105
31396
47326
40478
45526
10873
17266
53146
36018
32594
14272
51346
158
33817
41437
8292
23115
3523
4717
20885
49454
2667
162
20459
28931
22513
30133
49796
37319
10011
35519
50847
6419
54701
19765
53052
38517
31669
53845
35523
1375
7617
9392
4623
40487
49360
17275
49727
7959
40741
32177
37225
13704
34231
39793
51697
49037
5924
27291
47237
8893
9323
763
29683
49379
24914
25858
45441
47579
53061
55199
34926
56397
37131
32876
14554
28391
47143
48087
24566
32186
46742
47936
29614
37234
28758
47940
52136
16256
19680
35008
30390
14911
31584
56328
2484
32807
28068
24130
3707
6676
41596
1907
9674
27466
46218
7874
30292
36284
8040
12763
34484
30659
39532
4190
47519
45719
16265
47494
6949
41869
26971
30223
31167
14039
17463
52737
7115
40235
41179
1891
2321
7883
8313
43233
27049
42377
23111
947
29867
47425
5657
23904
16171
11402
50251
52389
56243
6616
54443
37065
7814
27381
47077
22612
14048
39193
47331
23810
25948
31430
14302
15246
30574
36816
1474
33822
41442
24314
9491
5666
40586
41016
2672
9065
49033
48632
41784
46832
13803
14747
7030
39892
12947
51796
33474
55650
38522
15945
54794
7372
42292
43486
2603
25164
29782
48534
49478
25957
44709
36032
12511
10461
41690
45907
17647
48876
56496
33405
50078
54696
36374
9074
12853
20473
4305
55919
49042
41793
42987
7303
1399
45192
21671
40423
42991
15161
17299
15499
37675
3013
34681
50009
18497
37249
51633
6011
8149
11928
50777
29365
40075
55825
41269
46317
21602
48092
11238
18061
49290
46659
52141
16261
54279
18399
30758
52934
25104
32812
40432
22110
23304
20310
49393
1662
26302
351
20398
41630
48023
40774
47167
45822
14138
36314
32890
11144
33320
32464
18760
54978
36656
7556
42476
23210
24154
28772
29202
45724
16270