814
306
764
743
277
256
510
481
460
206
939
918
808
554
156
431
127
360
708
425
629
325
1037
550
275
1233
327
704
94
1183
675
1133
850
575
1287
525
1237
446
650
773
519
265
723
469
513
492
696
565
392
109
465
486
711
1198
436
690
915
407
386
684
430
917
1121
257
584
330
809
382
840
353
332
680
651
274
884
580
174
297
522
755
726
705
218
451
472
676
799
545
1082
728
1228
576
822
424
293
497
447
418
541
389
572
462
441
716
645
391
35
637
362
341
333
943
516
487
589
712
539
285
641
489
379
612
1324
583
308
75
737
483
527
731
456
681
194
448
885
144
479
827
1060
1235
350
473
698
931
46
1004
517
111
467
294
244
825
338
571
775
411
623
369
107
86
717
340
667
261
617
842
211
588
1075
1046
792
996
234
459
836
692
582
613
105
228
453
55
788
534
301
280
738
484
1217
476
1167
659
376
732
478
1211
499
653
624
370
757
249
139
924
1251
620
599
345
1078
570
549
62
693
520
643
1334
237
470
797
768
189
922
668
414
639
508