134 135 161 163 196 202 204 225 233 240 243 245 246 249 250 262 265 272 277 310 315 332 363 372 379 386 399 409 423 424 432 445 447 449 450 452 454 459 460 463 465 467 470 471 474 475 480 484 486 487 488 494 497 498 502 504 505 507 512 523 533 543 544 549 563 565 570 573 583 589 605 614 616 623 635 643 647 651 659 660 668 686 690 742 756 759 781 793 819 858 862 899 906 923 935 936 948 952 954 991 1033 1044 1057 1061 1068 1084 1086 1109 1152,0 1 2 % 109,3
636 654 655 656 674 683 692 716 718 720 721 724 728 729 730 735 740 741 748 750 751 758 760 763 766 774 776 783 798 800 808 809 811 813 823 831 833 835 837 838 839 840 845 846 847 848 849 850 851 857 863 865 867 868 873 880 882 884 889 893 901 910 916 921 942 947 951 953 956 961 969 970 974 996 998 1000 1003 1004 1020 1046 1047 1052 1058 1063 1077 1085 1089 1103 1116 1119 1132 1135 1156 1158 1165 1170 1186 1187 1197 1205 1210 1219 1225 1293 1303 1307 1313 1319,0 1 2 % 108,3
4 5 6 15 37 45 48 51 54 55 61 71 74 78 82 86 87 89 90 108 109 114 117 121 124 128 131 144 146 158 164 172 181 186 191 193 194 201 212 222 230 238 239 259 268 274 284 291 306 312 313 316 319 369 382 384 408 433 481 889 901 910 956 1004 1049 1050 1051 1063 1076 1080 1093 1099 1104 1121 1133 1134 1145 1161 1178 1181 1198 1199 1211 1215 1217 1228 1229 1250 1260 1275 1286 1292 1298 1302 1312 1321 1324 1328 1333 1334 1352,1 2 3 % 101,3
3 12 25 27 29 32 33 40 41 43 56 57 70 76 79 80 98 111 116 118 122 123 129 140 143 148 153 154 155 157 168 175 176 179 183 188 190 207 217 220 223 224 227 231 232 251 252 254 258 278 285 295 301 328 330 339 341 427 438 444 501 773 786 822 841 903 930 937 968 1047 1103 1113 1149 1155 1156 1169 1187 1218 1219 1225 1236 1239 1241 1259 1288 1327,1 2 3 % 86,3
20 23 53 58 62 63 64 66 67 68 72 73 88 91 92 95 97 104 147 156 170 174 180 185 187 195 206 213 215 228 235 236 237 241 247 255 271 286 287 288 304 309 317 320 333 347 350 365 380 383 388 630 673 685 707 738 754 755 768 780 947 953 1072 1085 1089 1115 1132 1135 1158 1170 1173 1201 1216 1263 1314 1322 1326 1331 1336 1337 1339 1343,1 2 3 % 82,3
1 7 8 9 10 13 14 28 35 36 39 42 44 49 52 65 83 94 101 106 112 115 126 127 133 136 137 142 149 150 151 162 165 171 173 182 200 216 229 256 263 266 273 290 293 300 325 356 359 362 375 392 412 472 918 966 969 974 992 1003 1006 1052 1116 1139 1165 1168 1174 1183 1209 1235 1237 1256 1273 1299 1315,1 2 3 % 75,3
794 859 864 885 887 888 891 896 898 912 915 964 975 977 990 992 1006 1055 1067 1072 1074 1076 1080 1081 1083 1088 1090 1093 1099 1102 1104 1115 1121 1126 1133 1139 1145 1149 1155 1168 1169 1173 1183 1199 1201 1209 1215 1216 1218 1229 1236 1237 1239 1241 1245 1256 1273 1277 1281 1286 1299 1308 1329 1332 1335 1338 1341 1342,0 1 2 % 68,3
535 536 542 551 556 578 582 586 607 608 619 621 629 631 633 634 638 641 642 644 652 657 669 671 682 684 693 695 704 722 723 727 731 737 743 745 746 762 764 769 770 775 778 788 792 797 818 821 825 826 828 834 852 856 872 900 907 918 928 930 932 937 966 968 988 1113,0 1 2 % 66,3
349 354 377 398 436 469 479 481 546 577 592 593 637 639 640 715 740 763 797 813 872 880 904 921 940 963 981 984 987 989 993 1010 1014 1015 1016 1021 1031 1039 1042 1045 1056 1079 1110 1117 1119 1124 1138 1140 1144 1166 1202 1204 1213 1220 1222 1226 1227 1230 1238 1247 1254 1258 1262,0 2 3 % 63,3
96 103 113 125 138 141 159 167 177 178 192 198 204 245 267 270 281 282 337 342 400 405 416 576 581 588 603 658 747 756 759 787 793 819 827 853 869 892 894 902 908 911 917 919 922 924 931 943 952 971 1026 1044 1057 1075 1078 1092 1095 1122 1137 1167 1198,0 2 3 % 61,3
218 234 274 280 308 314 318 347 383 391 408 413 425 428 451 454 470 490 503 507 523 528 532 537 540 545 566 568 569 574 594 611 616 617 634 851 852 860 866 871 897 900 907 959 976 1025 1032 1034 1036 1043 1069 1071 1073 1118 1243 1253,0 2 3 % 56,3
145 152 160 169 184 197 205 226 310 331 344 348 358 363 364 366 538 558 563 605 614 647 653 676 739 753 761 781 796 834 836 842 858 862 905 939 960 982 1037 1049 1050 1051 1061 1086 1105 1109 1120 1142 1246 1249 1275 1292 1298 1312 1324,0 2 3 % 55,3
54 105 107 117 122 123 124 132 139 146 148 154 155 158 164 168 171 172 180 181 187 191 201 212 220 222 231 238 239 241 251 259 268 284 291 294 333 352 356 381 389 422 445 457 467 485 689 771 777 784 810 820 972 1001 1164,0 2 3 % 55,3
0 257 276 329 390 394 610 612 625 628 632 648 663 664 665 666 667 673 677 678 679 680 681 685 691 695 697 732 794 800 837 854 932 961 964 977 1018 1041 1054 1070 1091 1127 1150 1151 1160 1172 1180 1189 1214 1240 1279 1295 1297 1306,0 2 3 % 54,3
102 110 120 159 166 169 178 184 192 197 198 199 205 208 226 253 269 282 303 321 324 331 342 344 348 358 364 366 385 401 415 435 439 441 442 456 461 464 468 473 510 516 534 571 796 982 1023 1026 1040 1105 1128 1130 1136,0 1 2 % 53,3
28 36 39 41 42 44 46 56 75 78 82 85 87 94 99 101 112 121 137 140 142 149 157 161 162 163 165 190 196 206 233 243 265 266 332 367 374 397 431 440 441 447 449 453 460 477 478 487 497 714 734 772,0 2 3 % 52,3
367 381 393 419 482 491 492 500 538 545 558 576 588 595 603 617 653 658 675 676 693 727 729 735 747 750 764 766 770 771 772 775 776 777 778 783 798 799 802 803 804 808 809 810 811 820 838 849 927 938 997 1009,0 1 3 % 52,3
128 151 176 189 194 211 285 287 289 302 312 313 316 317 334 345 350 386 388 399 414 419 429 443 450 458 462 493 509 518 520 525 534 554 579 583 595 643 779 818 843 980 995 1005 1007 1017 1059 1157 1206 1212 1223,0 2 3 % 51,3
24 84 108 111 115 116 118 131 144 147 156 170 185 186 193 195 213 216 217 227 228 229 230 237 240 244 254 258 263 271 273 299 301 304 311 322 338 340 346 349 355 398 424 436 452 456 459 475 479,0 1 3 % 49,3
26 34 38 46 47 50 59 75 84 85 99 132 139 189 209 211 275 289 302 303 308 314 318 334 413 434 469 873 882 884 998 1046 1058 1067 1075 1077 1078 1122 1137 1167 1233 1234 1246 1249 1355 1357 1360 1368,1 2 3 % 48,3
210 214 242 260 270 281 335 362 369 373 375 384 396 403 405 406 412 416 420 427 434 437 448 472 483 508 515 524 529 536 548 580 584 591 596 597 598 602 609 610 615 620 625 626 627 632 646 650,0 1 3 % 48,3
476 519 596 609 615 670 675 703 708 709 710 711 712 743 757 769 788 792 831 840 848 864 896 928 933 951 988 999 1030 1038 1048 1053 1062 1087 1097 1111 1131 1146 1162 1179 1191 1192 1195 1248 1252 1268 1296,0 2 3 % 47,3
490 503 518 528 532 537 688 706 708 709 710 711 712 806 812 817 832 843 861 866 870 875 881 886 890 904 909 913 955 980 983 984 985 1002 1005 1007 1012 1013 1015 1024 1032 1034 1065 1117 1157 1212,0 1 3 % 46,3
374 397 404 426 428 429 443 489 496 520 522 527 550 566 569 574 581 611 618 645 656 657 669 689 692 704 714 716 722 723 728 734 737 741 746 751 814 823 839 925 926 949 957 979 1019,0 1 3 % 45,3
0 2 26 33 34 38 47 50 55 59 61 71 74 86 89 90 91 92 104 109 114 126 133 136 143 150 173 174 179 182 200 223 248 252 257 261 276 286 288 320 336 354 357 377 387,0 1 3 % 45,3
219 264 279 294 307 327 345 353 360 361 391 410 418 511 525 539 546 567 577 587 622 630 661 672 707 713 739 744 761 787 876 914 929 965 967 973 1112 1125 1129 1143 1147 1154 1185 1188,0 1 2 % 44,3
16 19 21 22 100 209 232 255 256 275 278 290 297 300 309 319 323 327 329 330 339 341 353 359 360 361 370 372 376 378 395 411 466 474 476 486 488 504 517 526 531 539 565,0 1 3 % 43,3
357 387 417 433 438 444 492 494 502 599 600 601 671 730 785 799 829 855 856 863 865 909 913 916 920 955 983 985 986 1020 1028 1035 1100 1106 1163 1171 1184 1196 1224 1231 1272 1276 1283,0 2 3 % 43,3
199 203 208 253 269 482 547 622 635 660 672 686 713 749 752 795 802 803 804 815 816 824 893 906 936 1002 1008 1013 1023 1027 1040 1066 1152 1154 1194 1232 1233 1321 1328 1333 1334,0 2 3 % 41,3
248 297 323 338 340 346 351 355 376 432 435 437 442 461 463 465 466 483 495 510 516 517 526 531 557 560 696 755 768 773 786 822 825 828 859 891 898 1267 1270 1271 1274,0 2 3 % 41,3
244 261 298 299 311 321 322 343 368 371 406 473 620 650 694 698 699 700 701 702 705 726 738 754 780 857 994 1200 1203 1207 1208 1221 1242 1257 1261 1278 1304 1311 1317 1323,0 2 3 % 40,3
409 553 562 604 661 801 805 806 812 817 832 844 875 886 899 923 935 942 948 973 1012 1024 1065 1068 1084 1094 1098 1108 1114 1123 1141 1148 1153 1159 1185 1251 1255 1269 1285 1287,0 2 3 % 40,3
370 378 385 395 411 480 511 512 515 524 548 549 550 555 559 564 571 572 575 584 589 591 597 602 624 627 646 717 767 934 950 962 1282 1289 1294 1309 1318,0 2 3 % 37,3
457 458 477 485 493 509 552 561 562 590 604 649 677 678 679 680 681 687 749 795 801 805 816 824 836 842 844 903 931 939 960 1008 1164 1193,0 1 3 % 34,3
93 221 293 296 306 325 328 343 365 368 371 379 380 382 390 392 394 410 418 455 495 505 519 533 543 544 555 557 559 560 564 612,0 1 3 % 32,3
337 400 402 446 499 501 506 513 521 530 535 541 542 556 567 572 575 582 585 594 613 624 628 648 662 694 696 705 717 726 733 767,0 1 3 % 32,3
11 17 18 21 31 60 77 81 421 496 1094 1107 1244 1264 1265 1266 1280 1284 1290 1291 1301 1344 1346 1349 1353 1358 1361 1365 1366 1367,1 2 3 % 30,3
12 63 80 95 97 102 106 129 135 175 183 202 207 246 249 250 272 277 279 283 295 307 315 326 393 401 407 430 484,0 2 3 % 29,3
16 19 22 30 69 93 489 522 527 1066 1098 1108 1114 1123 1141 1148 1153 1159 1190 1345 1347 1348 1350 1351 1354 1359 1362 1364,1 2 3 % 28,3
6 35 37 45 48 49 51 52 58 62 64 65 66 67 68 70 73 76 83 127 188 215 235 236 247 292 324,0 1 3 % 27,3
407 417 422 440 453 478 514 553 568 752 827 829 845 867 883 887 894 902 905 908 911 917 919 922 924 978 1029,0 1 3 % 27,3
283 305 326 389 414 421 451 462 540 554 578 586 606 608 619 629 631 636 641 682 683 684 731 745 762 765 807,0 1 3 % 27,3
352 430 431 547 599 600 601 639 779 784 821 826 830 833 835 846 847 850 853 868 869 885 888 892 912 915,0 1 3 % 26,3
105 107 234 280 941 958 971 975 990 1011 1022 1081 1083 1088 1090 1092 1095 1102 1120 1126 1255 1285 1287 1356 1363 1370,1 2 3 % 26,3
130 210 214 221 242 260 335 373 396 402 403 420 423 498 606 618 742 744 807 830 883 941 958 991 1310,0 2 3 % 25,3
552 561 590 633 644 649 687 688 706 861 870 874 881 890 895 914 970 1000 1033 1107 1128 1130 1136 1186 1190,0 2 3 % 25,3
579 871 874 895 897 920 933 963 972 993 999 1001 1016 1017 1021 1025 1031 1039 1042 1056 1111 1118 1166 1235,0 1 3 % 24,3
621 642 652 718 720 721 724 782 789 790 791 877 878 879 944 945 946 1245 1293 1300 1356 1357 1363 1368,0 2 3 % 24,3
296 415 439 455 464 468 471 530 573 580 585 587 598 613 626 659 662 668 733 765 841 1320 1325,0 2 3 % 23,3
654 655 674 719 748 758 760 774 876 929 954 965 967 1055 1074 1125 1188 1205 1210 1244 1264 1266 1352,0 2 3 % 23,3
986 987 1028 1030 1048 1110 1124 1138 1140 1144 1171 1202 1220 1222 1227 1230 1238 1262 1263 1314 1322 1326 1330,0 1 3 % 23,3
663 664 665 666 667 698 699 700 701 702 789 790 791 877 878 879 944 945 946 1175 1176 1177,0 1 2 % 22,3
551 607 638 725 736 1064 1101 1112 1129 1143 1147 1182 1197 1265 1280 1284 1290 1291 1301 1355 1360,0 2 3 % 21,3
934 950 962 1011 1022 1060 1082 1096 1134 1161 1178 1181 1211 1217 1228 1234 1250 1260 1302 1305 1316,0 1 2 % 21,3
785 981 989 1010 1038 1053 1059 1062 1073 1106 1131 1146 1162 1163 1174 1184 1191 1192 1206,0 1 3 % 19,3
60 69 77 81 96 103 113 125 138 141 145 152 160 167 177 203 267 298 351,0 1 2 % 19,3
2 24 100 218 943 1027 1037 1060 1082 1096 1142 1194 1232 1251 1269 1340 1369 1371,1 2 3 % 18,3
854 959 976 1014 1045 1069 1071 1100 1150 1151 1160 1172 1196 1224 1258 1272 1276 1283,0 1 3 % 18,3
4 5 7 8 10 13 14 15 20 25 27 29 32 40 43 53 119,0 1 3 % 17,3
446 448 506 508 513 521 529 645 670 703 715 732 757 855 860 940,0 1 2 % 16,3
1305 1308 1316 1319 1329 1332 1347 1349 1350 1353 1358 1361 1365 1366 1367,0 2 3 % 15,3
640 994 995 1035 1036 1041 1043 1054 1070 1087 1091 1097 1223 1243 1253,0 1 3 % 15,3
57 79 88 98 134 153 166 219 224 225 262 264 305,0 2 3 % 13,3
1018 1079 1195 1204 1213 1226 1231 1254 1259 1288 1331 1336 1337,0 1 3 % 13,3
1335 1338 1341 1342 1344 1345 1346 1348 1351 1354 1359 1362 1364,0 2 3 % 13,3
1175 1176 1177 1277 1281 1303 1307 1313 1340 1369 1370 1371,0 2 3 % 12,3
1179 1189 1203 1207 1214 1279 1295 1296 1297 1304 1311 1315,0 1 3 % 12,3
119 292 336 593 691 697 814 978 996 1330,1 2 3 % 10,3
