233
0
102
183
133
256
83
156
127
331
48
27
171
281
121
304
21
348
327
298
44
23
248
117
342
198
321
88
38
17
271
221
142
265
346
236
92
13
259
5
238
138
28
109
232
313
9
103
307
53
176
24
3
126
207
330
76
178
149
332
70
303
274
20
203
93
347
297
247
226
14
197
147
291
241
89
293
264
120
243
10
143
114
318
208
64
35
158
341
333
312
58
29
8
335
154
329
54
279
25
4
250
179
302
129
19
252
273
50
152
144
246
319
146
15
350
96
219
46
119
344
90
11
244
84
317
63
157
136
115
340
86
107
290
36
240
7
334
305
284
255
1
205
328
155
278
105
228
199
301
230
222
151
122
245
101
72
195
276
22
145
349
95
116
320
270
249
16
139
343
322
68
191
141
345
337
287
12
237
56
289
137
6
231
160
131
110