58
1294
307
1181
220
1344
212
776
635
127
350
0
1370
189
1284
593
1342
393
280
614
908
243
1337
227
857
820
478
1006
998
24
740
569
696
1100
465
59
266
915
894
888
734
59
1221
815
1077
765
100
567
1040
76
403
304
876
409
47
868
1236
1065
1117
1109
497
176
909
502
798
1271
372
291
131
551
535
706
1353
1008
327
876
1096
949
41
902
1153
1138
912
465
1074
1101
370
893
1199
1189
1313
1076
1247
107
729
910
416
1318
831
408
302
1268
867
760
1340
1239
859
194
604
97
937
42
509
797
1157
597
1215
484
1025
648
381
602
898
173
1192
231
40
1304
775
223
1050
806
540
427
1329
886
419
821
1188
161
813
936
791
1085
582
349
7
1176
1136
1234
1339
251
1086
495
724
829
487
658
609
621
250
184
299
1329
638
445
84
1370
172
230
1315
1130
1307
1004
990
82
877
790
152
872
210
19
212
669
99
431
1280
148
62
1167
311
1243
657
103
562
496
956
554
529
906
1364
1268
136
412
128
1173
1223
600
429
93
284
276
163
221
1095
956
1181
126
1316
585
1000
869
463
989
442
1186
1298
282
322
18
1254
1083
313
28
1304
106
573
611
736
882
1071
827
110
1034
102
732
99
1065
611
397
516
870
1156
807
1327
704
576
780
1259
772
687
1331
999
1010
970
988
376
434
72
263
426
820
1253
943
1140
572
105
677
801
916
895
976
1243
422
1324
138
1193
1346
673
494
1033
100
95
515
974
191
1276
573
719
653
999
473
274
423
503
394
1093
1369
1322
591
229
1314
754
116
746
1106
651
157
1365
837
225
34
311
742
1044
629
1295
459
1265
147
1079
1032
1369
464
505
973
918
135
703
674
1111
394
273
378
720
444
607
880
178
45
753
162
1121
640
374
1364
1193
1326
1305
289
25
1148
1016
618