843
356
437
793
387
743
256
206
156
106
933
1370
883
833
783
1089
958
471
552
908
421
858
371
321
271
1048
998
948
898
1123
1204
1073
1023
536
973
486
923
436
386
336
286
1113
1063
1238
1188
1138
651
601
1038
551
501
451
401
170
39
120
1303
1253
1203
716
1153
666
1103
616
566
79
516
29
335
691
204
285
641
154
235
54
1368
1318
831
1268
781
1218
731
681
194
631
500
1343
856
937
450
806
400
756
269
350
706
219
300
169
119
69
896
1333
846
1283
796
1021
971
1052
921
434
871
821
334
284
234
184
1011
961
1136
1086
1167
1036
986
499
936
449
886
399
349
299
249
68
1251
1201
1151
1101
614
1051
564
1001
514
464
414
364
233
102
183
52
133
2
1266
1216
1166
679
1116
629
1066
579
529
42
835
348
704
217
298
654
248
604
117
198
67
1331
794
1231
744
694
1000
513
869
1356
950
463
819
1306
900
413
769
282
363
719
232
313
669
182
263
132
82
32
1346
859
1296
809
1165
1034
1115
984
1065
934
1015
884
397
834
347
784
297
197
974
1280
1049
999
949
462
899
412
849
362
312
262
81
31
1214
1164
1114
1064
577
1014
527
964
477
427
377
733
246
683
196
65
146
502
96
452
46
1279
1179
1129
642
1079
592
1029
542
411
767
848
361
717
798
311
667
261
617
130
211
567
80
161
30
1344
1244
1194
707
1013
1369
882
963
1319
476
832
913
426
1269
782
863
376
732
245
682
195
145
95
1359
1128
1078
947
1028
897
978
1334
847
797
310
747
260
697
210
110
466
1062
1012
962
912
425
862
375
812
325
275
581
94
44
1127
1077
1027
977
490
927
440
746
259
615
696
209
565
646
159
515
28
465
59
415
9
1242
1192
1142
1092
605
1042
911
861
374
730
811
324
680
761
1117
630
274
224
580
93
174
530
43
124
480
1307
1257
1207
1026
976
845
926
439
795
1282
876
389
745
1232
826
695
208
645
158
595
58
8
1191
1141
1091
1041
910
991
1347
860
941
1297
810
760
273
223
660
173
479
429
1025
975
925
875
388
825
338
775
288
644
157
594
107
544
57
7
1040
990
940
453
1246
759
628
709
222
578
659
172
528
609
122
478
72
428
22
378
1205
1155
1105
924
1361
874
1230
824
337
693
1180
774
287
643
1130
724
593
187
543
56
137
493
87
443
212
989
1345
939
808
889
1245
758
839
1195
708
789
658
171
608
121
558
21
327
1154
1054
1360
873
823
773
723
236
673
492
442
988
938
888
838
351
1144
657
557
70
507
20
226
1053
1003
953
1309
822
772
1209
722
591
672
185
541
622
135
491
572
85
441
35
391
341
1168
1118
60
1293
1243
1324
837
1193
787
1143
656
737
606
687
200
556
1043
150
506
19
456
50
406
225
175
1002
1358
952
902
1258
771
852
721
802
1158
671
752
621
134
571
84
521
877
340
290
240
1323
836
1273
786
1223
686
199
555
992
505
405
355
951
901
851
1157
670
1107
620
1057
570
520
33
470
339
420
289
239
189
1016
1272
785
1222
735
1172
685
554
635
148
504
585
98
454
535
404
354
304
1131
123
73
23
1256
1337
850
1206
1287
800
1156
1237
750
1106
619
700
213
1056
569
650
163
1006
519
600
469
419
238
188
138
1371
965
1321
915
1352
865
1221
734
815
1171
684
765
634
715
97
890
840
353
303
253
203
799
1236
749
1186
1055
568
1005
518
955
468
418
368
318
914
1351
864
1220
1170
1120
633
1070
583
1020
533
402
483
352
433
302
383
202
152
1285
1235
748
1185
698
1135
648
1004
517
598
954
467
111
548
904
417
498
367
317
623
136
36
1350
1219
1300
813
1169
763
1119
1200
713
1069
582
663
1019
532
613
969
482
563
432
788
301
738
251
201
151
101
928
1365
878
1234
828
1184
778
647
1084
597
903
416
853
366
803
316
266
216
166
1349
1299
1249
762
1068
1018
531
968
481
918
431
381
331
281
1364
1233
1183
596
1033
546
983
496
365
446
315
396
265
346
215
165
1348
1298
1248
1198
1067
1148
661
1017
1098
611
967
561
917
511
867
380
24
461
817
330
636
149
586
99
49
1363
1313
1182
1263
776
1132
1213
726
1082
1163
676
1032
545
626
982
495
576
801
314
751
264
701
214
164
64
891
1328
1197
1278
1147
1097
966
916
866
379
816
329
279
229
179
129
1362
1312
1262
1081
1031
981
494
931
444
881
394
344
294
244
113
63
1196
1146
1096
1046
559
996
509
946
459
328
409
278
359
228
534
47
484
1311
1261
674
1030
1111
624
980
1061
574
930
524
880
393
474
830
343
699
649
162
599
112
549
12
1276
1226
739
1095
689
1045
1126
639
995
508
1301
814
764
277
714
227
664
127
77
27
1210
1291
1160
1241
979
929
1366
879
829
342
779
729
242
192
142
92
1275
267
1094
1044
994
944
457
894
407
844
357
307
176
126
207
76
332
1159
1109
1059
1009
522
959
472
909
422
291
372
728
241
547
497
10
447
1224
1174
1124
637
993
1074
587
943
1024
537
893
487
712
1149
662
612
125
562
75
512
25
1339
1289
1239
1108
1189
702
1058
1139
652
1008
1314
827
1264
777
727
190
627
140
40
1354
1304
1173
115
942
892
842
792
742
255
692
205
155
105
280
180
1007
957
907
857
370
807
320
757
270
139
220
932
445
526
395
345
295
1122
1072
1022
972
485
841
922
435
791
872
385
741
254
610
1047
560
997
510
460
410
360
1187
1137
1087
956
1037
550
906
987
1212
1162
675
1112
625
575
88
525
38
475
1252
1202
1071
1152
13
790
1227
740
690
640
153
590
103
540
53
3
1367
1317
178
128
78
905
855
1292
805
755
268
705
218
655
168
118
424
780
293
243
143
970
920
1357
870
820
333
770
720
589
945
458
539
895
408
489
358
308
1085
1035
985
854
935
448
804
885
398
754
1110
1060
573
1010
523
960
473
423
373
323
1150
1100
1050
919
1225
688
1125
1075
588
538
488
1
438
1265
26
1340
1290
1240
753
1190
703
1140
653
603
116
553
66
503
322
191
272
91
41
1355
868
818
1255
768
718
231
668
181
618