2207
356
45611
22818
18760
49082
5709
18660
43560
3627
20411
19924
33493
29304
13915
14271
11577
41899
10082
31411
25858
6280
18875
39717
34164
39617
25948
50848
45295
44808
25717
52824
18444
33733
29188
12304
40775
17757
13568
17139
3957
34279
1650
31841
5608
44923
6841
1775
32097
28526
22130
41121
42841
31997
25601
22030
18328
45079
43228
25501
20079
14170
9981
32187
21212
49327
47476
9881
40203
36401
41336
39485
55261
51203
16336
10914
56525
14872
29187
48178
1103
4187
20971
38111
38467
28987
21096
17038
51418
56740
47747
24567
41707
31740
3169
1318
56540
23880
48780
52351
41020
36962
32904
49913
6540
6278
17640
47831
28871
26533
56855
13351
30491
34062
21011
14615
41722
1333
35713
22044
52366
10713
34895
33044
28986
29342
25284
50184
44275
1648
36028
56870
53299
37779
26448
54919
14630
14986
9564
6870
39886
17970
11184
48779
6995
48679
55821
54457
40432
21828
55721
53870
54001
17639
40332
21241
55621
20754
15688
45167
41952
36530
24712
26432
21010
20167
39870
22143
55159
47043
47530
56523
49250
45679
30159
22530
18828
7010
30936
21943
56323
8274
2365
32687
36745
20869
34794
26191
55149
53298
20994
51316
10150
44174
43556
32712
1903
22745
13621
13134
39885
33976
37547
24496
22158
50629
45207
8976
10827
38811
36960
12547
33258
11960
13711
36760
38480
42
55751
27149
15687
14323
654
25067
16951
13249
5620
7340
18571
28082
41520
5289
43009
3207
1356
31191
19991
52033
55604
4471
3984
32455
6091
5604
35926
28784
56768
14628
41735
3297
22644
56181
3197
29330
56081
25628
14428
56306
7024
6893
4686
33644
20462
48577
52148
52048
9908
26561
39999
3768
30032
3312
21164
54701
49148
7008
1099
31421
27850
54957
29701
44990
48561
40445
21354
12361
48461
40214
24825
51576
48361
9436
40114
55047
20667
15114
41865
44428
1932
2288
24494
54816
19072
18941
27965
39196
33774
25527
14683
51791
36758
21725
52047
55649
13734
40485
4254
11427
43956
7238
1816
13047
47427
3080
22071
54600
23791
56451
12947
6551
2980
26029
24178
20120
46740
6451
1029
2749
31576
56120
55502
44171
6220
55533
55402
40500
1831
36211
37475
48706
37244
54384
14451
17566
51459
2046
32368
51846
48144
41748
5517
28697
12690
51384
54468
12459
6550
54012
40830
56896
9821
7483
37805
36441
53094
11441
43614
1961
49292
11210
7152
56334
12474
29614
54027
52663
15845
13994
9936
10292
6234
40127
31134
46167
25225
55547
53796
43729
36812
6003
1945
55672
22656
49276
9474
2201
30185
18985
14796
45605
35994
29729
55862
45018
33687
29629
31836
35407
21382
34951
2778
34820
21282
55531
21994
49978
46407
55300
8225
38547
9589
2316
28093
20820
11340
39811
5300
1729
36109
28480
3093
30200
26629
46853
41431
11109
3480
56364
52175
2893
37273
22109
13762
6133
38175
1944
32266
55315
20935
47199
13662
3695
28464
20835
52521
14926
5446
41059
3108
31579
26157
19761
17910
20473
6935
3720
6804
37126
32191
48488
4497
25826
28910
17579
48388
15628
51372
45463
40041
6017
39910
49421
14910
26628
48703
39579
22339
44901
7306
3248
29512
27174
23959
18537
54281
52561
12141
941
6232
50710
36554
13892
13405
26487
16876
9734
37718
9472
36223
479
56934
8008
43752
37843
37974
24792
47354
48718
2876
37256
48618
50338
50825
1412
29527
33098
32998
44585
19554
55685
7767
38089
33900
18867
35651
2114
30098
10651
8800
44544
35907
12371
25940
29511
44931
46651
2304
29411
21520
40998
21907
25478
13791
3693
29080
1842
25022
4080
22
5444
45146
43295
8915
25568
20146
14724
28031
27544
41113
3031
36924
1180
28808
21535
55815
21435
42277
40426
24906
20848
55228
41559
28377
56361
17402
45517
43666
47237
37270
33568
25939
40741
35319
1295
808
56161
37526
29410
17948
12526
40641
36452
53723
25121
21450
53136
47714
39954
1872
26154
7063
37872
30112
13228
30012
35334
53707
44227
40169
3938
32409
13318
26625
56947
55096
5327
7534
28863
18409
16558
45516
10649
39120
32334
18796
56260
52202
37656
52589
21780
351
55798
44111
27714
55698
45731
36251
24789
56962
5698
30242
41442
50953
43680
46764
37284
25953
50853
10564
38548
953
4880
3029
56400
50135
48284
44226
44582
40524
3060
36822
6631
14160
17762
53019
41688
36622
3606
30226
24804
55126
47366
11135
1168
26555
22497
52819
16944
10679
22622
37068
56059
6646
36481
2944
606
30928
6515
27357
51770
53490
42290
40439
39952
30959
36250
19497
9043
1770
20761
45399
37770
3746
34068
22250
14490
37183
3159
23514
14877
45199
51985
3059
29192
52372
50034
55843
19125
13216
11365
36752
1885
37985
36265
28861
55125
9901
49216
34670
32819
32332
7432
24216
1910
1423
18076
41256
13141
29438
6776
9860
42389
29338
55958
15894
44365
9985
40307
19009
43809
7578
43322
29653
20529
3289
10462
4909
31660
35231
33511
52371
19711
48182
25520
21331
44024
2240
28991
56975
43924
37884
18924
24702
13371
5742
29668
28304
18206
35702
26222
2842
25535
55857
504
55239
44395
42057
36635
14850
16601
44941
43090
10917
36304
11304
10817
22048
48799
41039
2470
21948
48081
6559
2857
6428
57105
10030
17172
47981
39734
34312
34181
37783
49014
11419
10932
7230
29923
8981
8494
36965
22063
17874
41054
2741
55138
28287
49485
37311
26467
28187
18220
51236
14518
41269
39418
21691
16269
10360
22303
21460
55740
6327
32591
2138
51451
47393
13369
55409
52715
11062
15020
10962
29691
44624
14171
10600
8880
33649
27740
14071
8649
1020
2740
29491
50202
43937
37897
36046
9813
5755
26466
52730
13284
44970
3673
33995
39773
56070
49284
56426
45095
3442
56326
13830
25061
51681
8664
26681
17201
37912
5739
49499
36317
34010
56928
50663
45110
12450
37350
31085
29234
55985
25532
21474
46374
40465
33969
24714
17441
1921
30036
51721
9581
7374
32274
3185
54349
50647
47076
3572
1234
18018
51911
50060
52298
51811
17431
43043
23465
21614
53787
52423
8076
17556
48365
36060
32845
55051
51349
43720
45440
41869
216
26349
56671
18720
15018
5538
3200
18133
52513
43389
4464
32935
26149
52638
37249
27769
29002
15951
42571
6340
10398
28902
18935
55522
44191
9811
36075
43704
30166
30522
25100
15620
13769
13282
41397
5166
40033
41297
36100
34249
11100
10513
11877
44893
56124
25315
21257
41868
215
24759
9595
11315
7257
37579
28455
22677
22546
26117
13066
44752
10728
5306
39199
33908
33777
48223
661
33677
50461
44908
6470
2281
24974
25330
44321
2668
37925
55421
23248
47661
5521
55321
57041
3701
7141
29834
16652
48338
7172
37494
52783
48238
6098
4247
31354
6485
36807
25701
21512
55436
17354
45338
1965
24040
54362
51147
47576
41180
54749
51047
44651
1634
29749
37378
14098
5105
4618
37147
40718
29874
21758
44320
40618
2667
13898
55451
1980
35386
29964
10873
33922
56353
18271
16420
37749
33560
52551
931
33460
444
36675
55666
7617
40146
56799
9237
43617
30435
43648
50790
9137
7642
52766
14328
16535
45137
14815
50559
27766
55881
22344
3253
25328
36690
55194
47921
17112
32401
49897
48046
9608
40417
28599
28468
50674
45252
9508
18888
50574
10641
14599
8690
53945
52094
48036
10441
44334
44103
9723
29070
55334
49912
47574
9492
40301
51176
14945
37020
30234
26045
40878
42954
33474
51491
51847
47789
7987
34738
4416
6136
20938
46325
7400
40416
17267
48853
49209
41580
7556
37878
31613
26060
54175
21871
52549
10540
7325
42582
29400
2193
33002
51862
44233
5664
51762
41795
10986
32671
32184
53026
56597
43546
54746
41208
13224
29877
32440
52308
5233
44904
1044
21886
18184
42597
23993
55679
4415
2564
33373
34737
29315
19704
17010
13795
44117
36001
32299
24670
26390
22819
49308
11226
36613
15315
9406
7555
3366
34175
18299
45406
33588
22257
18199
50241
8719
9952
39041
23521
51992
51505
9852
2579
25141
49910
48059
47572
38579
9390
28512
28381
56496
17050
15199
52694
39512
11818
6265
4314
26745
45867
15901
9505
35769
18529
5834
41091
3496
9405
25702
26058
14858
20149
50471
48751
14727
46900
54073
14627
48876
40760
37058
14396
44231
6149
36958
27478
51891
10238
39942
4198
20982
43544
38122
36271
37991
47015
41593
11040
10909
33471
18082
41131
21684
51875
6651
32784
54990
26288
4990
26544
26057
53295
13362
37288
30502
35924
56279
37675
37188
38908
33973
39395
18097
21668
10824
2708
25270
55948
49552
270
14064
9519
5948
26659
17179
47370
45163
24221
37303
56294
18699
56163
14510
33501
55707
48434
14410
17625
36616
29568
17881
39956
2361
17650
43427
2261
32583
39856
56509
54658
33716
31509
25600
8716
3294
36831
29683
21567
48674
10105
55847
40814
10005
30847
28996
26302
9549
9418
26202
53309
31524
48889
47038
23889
16260
17980
41160
44731
33400
52260
25053
53524
10020
41706
28524
21251
18913
49235
32126
33846
22871
26442
18682
34102
1929
18582
5044
23904
14424
44746
268
32797
32441
1888
27275
28639
21366
11886
47143
11268
36655
28408
17433
34086
52590
7366
44830
2821
10350
41159
55961
13952
32812
25183
48101
46250
10019
34301
24821
48001
22614
47514
8068
45532
34332
17092
18812
13390
39523
5143
25854
56176
14523
2836
2705
23547
44876
47960
4943
36629
36854
23316
29125
57109
6332
33960
30258
17563
45678
15125
11067
41389
26356
52620
48562
14538
46224
37587
4927
29340
25638
4340
25051
15927
40340
29140
30860
29009
28522
19529
55273
56993
43942
27058
57024
56893
51471
9462
9331
1571
26340
16373
10951
10820
38058
25753
35164
40942
38604
54024
53537
7695
26817
57139
52950
16719
2042
37786
28306
49017
47653
34115
51255
15024
49404
21710
40570
17908
8428
40957
44528
32841
20892
48130
44072
32379
31892
22412
19197
49519
9099
47081
22081
55974
50552
2634
40585
14090
40841
32594
17205
32494
25221
56907
49634
7494
7007
34245
15154
18238
16874
11452
44989
3205
18625
56576
18138
54369
48947
20345
19858
17907
55858
29138
14105
44427
45204
7609
26113
56922
13418
5171
3807
54484
49062
18253
49287
48800
39807
5427
46980
52271
16171
10618
37369
52171
46749
10518
52071
44442
45675
24377
47913
13533
37459
35608
30055
13302
37584
28591
3204
18493
49302
41542
29855
51930
10633
2517
47641
55301
51599
11797
9946
43839
47766
7252
24748
56790
11079
34128
51268
16757
5070
5913
29839
27988
23930
4839
25681
22110
14350
46392
33210
24963
44310
55541
35963
45474
47681
3821
41285
15052
52516
43523
41672
3590
56118
4854
25696
55656
18061
46176
6374
6730
2672
821
32507
17605
47927
56820
53118
15036
41300
33540
56233
25780
42564
7176
37854
2987
28374
52787
50936
48242
37398
27787
54051
52200
48498
13631
6845
40251
27200
57035
47911
5771
28951
1713
3564
53720
15282
51382
26482
43266
249
54497
24887
13200
28489
56960
56473
22580
49200
3489
33811
39233
19655
48613
17804
49977
4266
44555
34944
29035
10075
38059
8124
1728
30555
24646
54968
22795
47695
49415
13315
6042
19580
20844
51166
13215
48828
7662
37497
35646
33439
29868
38761
6588
2530
55901
52686
44570
40868
6001
40381
21290
10090
48041
9959
42357
6126
5770
36935
43621
2455
32290
30439
41801
7290
19008
14950
54752
45272
41083
6703
52314
16114
25819
21892
22248
16339
46661
9943
4521
56628
31141
28934
17472
5785
36950
24645
55454
9256
40065
1496
29967
55354
28603
15065
30354
29867
54280
41098
2660
29636
43205
42718
7330
37652
19438
51611
51511
53231
56833
9758
12842
13329
3362
147
30469
33684
26280
51180
48973
11247
7058
1636
32445
22478
56371
54520
7445
4751
21891
18320
39031
21791
51626
13544
43766
6171
47337
56848
51164
45742
5940
43891
52915
54635
49213
52428
5222
33337
26064
41353
40510
36808
10088
25377
51641
21188
44368
377
13815
5924
17286
47608
36146
33939
29750
56988
20757
48741
27930
33221
29650
52699
51856
33121
27699
20070
21790
48541
17601
10328
4906
32890
28832
17501
3832
2468
44021
41327
11005
22723
53045
18534
9541
30252
22492
10805
32880
26319
56054
20310
25245
46087
44236
5798
36607
28716
55367
15078
32218
53060
10789
8938
37896
3385
31500
48640
15103
45425
40293
25260
51524
43764
36491
13829
26424
28631
22235
49342
17169
33822
24829
43333
7458
39144
29664
18333
42515
40664
36606
27126
55110
13457
28877
32673
49326
36144
53415
22606
17184
47506
39746
3515
36175
18804
9324
33737
18348
56299
46819
8737
48052
35001
33150
40423
29448
47952
8150
23308
19737
49572
44150
34052
28630
19506
47490
5837
55150
54663
9439
5381
14374
3530
30150
20183
14761
605
30927
29563
21572
42414
1117
32803
27381
25530
51794
11505
5596
3745
530
28645
174
26307
56629
30365
47505
41596
1794
32116
29778
52958
52827
16596
14389
10818
18447
53083
10456
6754
976
31167
52496
46100
44249
12563
3083
34769
876
23307
24571
13240
11389
22751
48884
3885
1678
21025
49140
18687
12909
49009
34107
6869
56182
3198
6769
27611
44751
12091
40562
17544
17900
36404
5595
2024
21015
53413
49355
51562
30264
1662
17082
45066
15131
10586
33148
24155
23668
56197
18602
48924
388
21717
32948
32461
52164
47619
11388
36775
34437
9924
13395
3428
37321
35470
52610
2841
19981
55725
2966
32801
55981
25528
16048
47734
40461
22734
55750
14097
51692
40361
9552
17181
32114
26692
51592
33865
35585
33378
14287
46816
41394
7014
33147
1361
874
6652
29345
14443
10254
48205
22849
48105
47649
28558
52484
14889
10700
1707
37938
20567
52609
44849
6898
31798
26245
56567
25758
54360
10369
6667
13840
28773
48120
53086
15229
43831
5749
327
21038
12791
40029
56682
25873
44864
873
52524
3111
1260
6195
27037
53788
25186
9666
39988
26450
55764
52062
49368
13137
30277
21153
55046
18846
45466
40921
29590
26375
48450
52052
21243
6210
10137
44061
19061
19417
46168
30292
55192
56912
51490
18830
14772
5779
24283
20094
10614
40936
1490
37490
4830
33301
29730
21970
17912
13854
38754
49985
13623
44432
30276
55663
17094
34365
3556
28456
17125
22416
53225
37349
22672
51143
43027
39456
56465
16663
42440
6209
2994
33316
687
4258
17209
9580
15002
456
28440
47562
41653
47431
37820
54473
49051
18729
48920
20836
51158
2522
23364
13753
8331
45795
2422
32744
28555
54819
14009
13391
36571
2191
1704
36084
22902
17480
50886
5662
32413
1960
7382
53124
1860
34033
56108
12117
33446
27050
25199
46528
15719
51463
40132
4257
29288
17695
13637
1819
15744
34248
1975
30090
29959
15057
37132
50214
40734
8561
14208
46381
670
50470
52190
55661
17710
19430
8099
43843
30305
45594
11214
45107
56338
54974
56725
56238
53023
52892
9032
1272
22470
3023
23734
33114
28569
24998
17725
15387
45709
43271
22685
43527
23
3594
37487
37131
54271
10280
37031
29758
48131
36931
6478
1056
28684
21411
53097
14138
36700
3684
32642
21311
11344
13064
7511
20949
50915
17378
10982
41304
56593
48733
10295
40617
29155
3799
29055
5775
32526
29311
51386
49179
35997
1617
53137
54857
51286
43170
3724
33559
12748
6839
42939
7195
37517
6708
35310
52450
48392
48261
40632
6477
32741
17708
2675
32997
51988
5790
24781
41921
1988
37732
20979
53152
6823
37632
3021
4741
35550
6979
5128
1070
27690
44474
40772
36714
30318
47458
36483
2103
26416
56476
17161
18425
56276
51731
53351
41664
43871
11
367
27118
53382
49680
11242
39713
37862
36142
32796
29094
51300
22698
9647
39838
41589
12500
18440
10680
14251
42366
2920
48175
25382
53010
53722
44242
37846
32424
21449
18755
44142
54986
34044
24564
51315
48977
45762
3622
56637
23977
20406
54299
48390
44688
3035
23390
14266
44101
34977
43870
34746
27117
21077
12084
6175
36497
40555
24679
18770
45390
35423
30001
57108
29870
44803
40745
1299
41357
25968
54439
14637
12786
10579
42621
40770
2332
481
48043
16357
55572
15770
43885
44372
2232
17521
56836
47356
17034
3852
55372
53165
5472
34074
52091
17059
9430
11150
27803
22381
50009
33125
51429
50942
11140
41462
38247
15198
28149
9414
1785
39736
26067
22009
18438
45545
39280
7107
42851
711
12529
56420
27331
6389
33140
51644
36255
36611
24793
51544
44271
11255
45504
32322
26413
20991
13718
20860
28651
30371
56504
3520
33842
50626
7122
3420
47701
4684
33155
52015
49677
44255
25164
56850
51915
7437
9644
28635
55386
51328
18668
3635
24477
18081
18437
35221
56419
17981
54568
10708
48659
40768
31775
31288
55701
10477
43006
14048
29337
55601
41932
40081
2130
40568
49105
45403
1899
56634
19039
22254
9559
43583
37543
48905
11048
5626
25494
16857
6890
10461
25881
27601
6790
10361
3088
13476
43798
10261
32336
30129
53178
16947
34087
32236
35807
24120
25840
22138
41485
14634
6518
1096
52616
13691
996
13947
40211
47871
5731
2385
23227
21376
55269
5856
1798
36178
22640
22509
45558
9327
16500
52244
56202
53508
8640
37111
25424
21722
17664
51557
44640
6071
36393
2400
20904
11293
41615
7104
26226
56904
15251
47424
56448
46837
32681
16284
51897
34657
32806
25177
13359
21019
57119
13746
10044
3648
32250
51241
47539
41630
22539
52861
38705
37210
33152
18606
2730
33539
292
25192
49605
13374
43696
38630
2399
35936
25092
32365
14994
5514
32265
39894
29927
26712
52489
54696
22392
11192
13399
31903
24630
18234
48556
6903
19498
24820
25176
15696
8067
2027
21505
17447
51340
49489
5629
22638
17572
51109
11176
41985
5754
36076
24745
51009
7505
3447
44969
33769
56331
18736
22307
6918
44869
35389
28993
23571
21720
50191
47984
36522
24835
56000
43695
11878
8307
38142
32720
23240
21389
20902
11909
17200
447
55182
49273
43851
9827
48686
8753
3331
26024
56702
5082
48711
10142
33322
30984
21373
49488
40364
75
17702
17215
45330
30297
56430
20686
41528
7017
2959
26495
23801
54123
20230
37370
8281
40941
52528
6686
41066
32950
51941
54148
23339
47752
10288
36908
26454
13272
1810
11321
37454
54725
24272
52387
14792
45114
37710
1479
39461
52543
14461
48354
16181
12610
32965
33321
30627
6114
32865
9585
36336
32278
55196
52989
55065
53214
18834
5652
9254
3214
48956
47105
12238
44767
12725
36651
21718
29378
23956
51940
47882
10287
36551
3014
22882
21518
36189
32618
25345
23007
53329
50891
24658
25891
45369
6444
6831
8551
39360
44295
24848
55657
44551
39129
2898
33220
29031
53444
44451
51237
38055
40262
28931
18964
20684
15262
56946
22435
50550
52757
5682
56359
55872
17915
48237
3013
40021
1939
48037
17228
43979
4177
36219
52872
17128
26508
48714
18261
665
3228
41179
22219
20368
16310
42930
2641
790
56012
51954
48739
48252
38772
2410
25590
17343
51723
41656
1854
22565
49541
53112
40061
1979
128
36359
33665
54763
41094
15607
42358
38787
4763
218
13756
51869
54953
53102
47680
1969
38556
55078
56829
45498
7416
33680
34036
28614
25920
18160
14102
14489
40622
51853
46431
44580
6142
6011
32631
40291
7631
39804
358
55580
18862
43762
45482
39217
40060
3342
47333
9282
12853
5580
29506
56257
25804
14960
50217
448
53819
18300
12035
10184
40993
6482
2424
49986
27324
4631
55795
51737
21415
39919
57059
53844
14919
45241
22935
17026
15175
5695
40075
31959
25919
14719
37281
31597
28026
56010
31010
10199
33248
32761
19092
13670
40421
46199
2339
1852
49314
7530
36132
30223
3959
24801
7299
37621
47132
33463
24339
13885
7099
29661
14272
11934
2323
30438
55825
53487
48065
28974
24654
54976
17025
47834
11116
6050
11472
22347
54876
41694
3125
22247
46660
48380
44678
33478
52469
22016
51851
13900
44578
4289
35098
17858
7404
41784