43674
87062
62426
14328
53177
36220
59419
70129
73553
59678
24511
98013
93758
58993
61051
9003
46232
1754
44182
95812
26198
48374
10297
67126
83648
67635
87502
75255
14489
58127
98091
102613
105866
53083
74144
37070
109803
27670
888
63095
110320
112458
43766
60209
87154
27753
46505
64293
77299
108511
109455
92906
41276
61143
961
106970
5245
25801
28770
49831
29200
13128
83911
46666
54286
105165
58219
74662
12952
13896
14326
39471
53968
37955
99381
94612
44205
82110
30158
45658
83563
67550
27845
88699
30162
37348
51732
8248
72088
34863
79445
55924
42483
25355
94773
98456
72626
70826
111003
48558
63886
66625
74245
88801
13650
97081
18527
37680
84951
56691
75443
51922
33600
35738
99473
93510
57459
111081
6638
65079
7298
25545
62085
66018
44806
62594
49149
25628
83400
17235
51315
35302
30763
6202
79028
54822
25447
3546
58221
36838
104845
46003
114010
43773
978
44203
112039
66717
74337
34803
109203
11942
19450
88697
31638
53530
54474
96062
93602
109545
7561
40965
23837
112371
47103
81697
88261
84945
36054
51382
60225
987
77579
52864
51749
99755
22295
90598
96502
26228
9889
86138
23234
112302
68609
37864
13408
32561
31196
85795
37438
11608
59080
7144
9453
6029
56620
8597
893
23929
69092
84954
48139
49763
66206
39061
15369
12909
71341
56806
94711
109460
23243
5960
112311
50647
41139
290
26579
60659
105454
30770
52775
56708
49498
15809
85887
19893
98555
70416
105796
93252
8689
22034
46348
62791
12125
98897
48402
9887
48661
19286
39153
38038
73233
30789
378
78619
62184
14859
123
22479
7142
9451
28187
47110
48563
65006
44738
16478
29919
52074
37539
71619
36854
102552
101437
31551
50303
59005
36428
7328
74592
108627
79640
41563
49071
26494
44302
113253
87598
63822
83518
60657
51320
68958
37445
34451
42071
6829
21118
9798
99238
56965
12813
20433
51662
53971
72723
58848
64159
47202
8687
27594
36153
31898
79219
71177
31643
39151
17768
39944
74175
89925
51848
58162
97545
1687
9195
24018
98998
9988
61522
17078
14084
112998
10768
100496
71108
74077
96253
70423
6128
7752
13849
76390
106742
28033
94027
6132
21185
45244
47553
113251
83433
69558
12215
37189
59365
67503
18182
75123
35418
19405
57139
95328
97637
79315
6318
98297
3324
78968
82141
86588
69631
111637
64157
49088
62812
63472
112326
34126
36944
71175
104951
25127
57471
97798
109828
65091
52702
60322
320
59638
78791
97543
20083
1969
55700
42088
63320
91918
28893
14107
17076
46789
84978
104094
51949
48843
53039
68539
14449
101208
12820
51498
56546
64166
21893
26941
82233
113529
48662
94818
21976
68103
9892
24715
89394
61255
14013
83431
47551
84091
3494
76491
52970
14781
56903
1694
667
2124
77430
22509
85050
49170
79568
23169
92587
38669
102993
105732
76574
20175
8091
110187
26167
5631
64072
26676
45428
82932
74084
1087
106495
98398
17706
101192
37118
106069
108378
15372
72313
103609
73507
12912
56129
19990
38742
106578
97287
78021
3508
573
80016
113087
49698
44929
96685
23613
31233
13249
103432
73330
68963
76583
12564
51947
38394
20184
103941
9294
94479
108818
73163
95418
1790
2984
56828
21891
113018
112333
82231
61963
17690
50655
84907
86682
74180
75374
3492
99688
105985
24023
57845
5909
66404
63410
26165
40833
49535
84559
30469
71906
22330
104722
56127
105382
6930
27182
27975
44418
84632
15473
84891
102232
89768
64598
48585
39077
33114
90285
59737
71812
79320
93817
28992
44241
81315
48688
67611
111926
85507
22603
68638
87791
106076
88221
52453
66838
36440
35075
38578
74458
32615
51597
73773
37893
56645
59898
93185
20113
74712
103165
94408
33813
98492
73856
42093
62039
20881
25758
46819
14112
47650
81559
84983
107093
36626
101130
50760
94227
31323
14880
52898
85672
35006
89605
71904
20274
3421
78556
8983
23806
86176
29514
98932
86685
83182
25155
63060
114223
84121
60600
82605
68901
85574
62997
51351
39785
7691
97131
37730
101912
98584
71639
36874
57935
44494
26965
111415
101222
93125
16346
55195
105414
69751
106074
59128
34413
100111
96632
15999
109606
103873
47419
79763
5822
48250
22249
24558
47394
79846
6849
87466
25756
104122
14198
108314
109508
55635
63255
39622
47242
59827
95173
96367
102948
5048
73961
43392
6672
41592
113816
48778
11302
103623
13699
112705
47667
55287
15753
56226
161
78402
96190
79062
92615
58794
59988
4549
46826
85675
67353
27648
63244
77800
85420
86873
52650
33213
54788
109521
36975
53418
61038
45025
4372
51368
40231
9758
41175
28665
85072
61551
62745
46732
20902
106175
35708
86804
69142
96023
57433
36881
55633
20980
63253
82005
21410
114132
7781
85767
66589
62935
111505
113814
14553
34249
72154
13697
3011
51886
40069
56934
90221
18745
26365
105504
113124
52291
37756
102510
1470
75661
40323
27563
5662
12601
81848
13261
18138
62841
110981
113549
107465
35520
37658
74198
50677
97568
6170
4111
42284
113823
102006
92803
110658
26638
27298
24838
80301
69679
30658
103713
75670
13960
59486
33656
95082
59231
90572
97758
59569
20298
8748
94764
4810
85256
26799
62395
110305
82771
19345
83460
18489
91080
2070
59417
52569
55308
27048
7456
61128
22538
80139
9598
25252
20997
7798
85955
50617
14737
81846
52392
71144
73453
57440
5504
109263
18929
41084
91349
57778
106803
105154
15935
101329
98172
48015
45021
21500
49468
60178
61293
15245
84663
66341
105257
89711
50269
16698
10735
17387
38448
2162
103461
104655
58824
50782
70728
6354
5410
84056
63788
48969
42472
61224
62418
42981
61733
47858
105163
58217
14295
34162
52993
100903
101847
5062
17827
55732
96381
79253
51907
51373
73628
9254
5600
6260
25701
94948
114064
68233
61919
113913
69686
34348
68316
45910
83644
31863
17988
100129
102438
105862
75589
50874
60118
27662
112621
28601
113565
111256
47867
22697
79526
97848
63091
69333
50008
67817
102002
69592
30571
71328
35448
55315
58568
100745
79629
72952
5154
91704
3638
58313
104937
73641
78518
40612
4043
41272
82538
88701
60792
81853
34611
51284
24941
68408
80997
111700
13124
109099
39463
32899
71234
55221
50966
1999
56674
58983
94863
64294
23645
112713
70916
183
63183
78933
86553
36146
38455
103038
19018
76189
50530
35461
55407
5246
3901
93571
71424
37853
58914
26036
58380
6444
40170
61231
113054
68417
45556
53176
63882
30060
39046
13725
59422
101428
74750
19717
17917
49058
25537
42381
62077
5945
43604
27850
87589
68323
25879
60815
33499
112638
66807
17486
13377
105698
75596
78335
103134
104328
73032
32897
50455
73825
8336
103643
19623
632
27243
109635
79533
40262
60208
25443
94861
64292
23927
60467
43510
105262
44963
52583
35029
11508
70224
103829
19809
2789
73477
37597
33943
24435
4843
79978
25888
41646
47354
43700
83743
15269
86996
102028
18008
67559
75179
97071
6545
23143
91446
52856
59249
71608
190
109727
7743
42663
6094
45402
3634
113238
29218
24679
80142
84760
23994
80935
87328
17509
85278
84593
11521
8251
75878
78617
4935
60382
96488
41738
25725
62265
48561
113144
82641
84779
16985
73642
77325
36142
74331
105093
74840
37595
2787
7042
44129
63282
95989
41899
66021
104252
59081
70325
113334
17576
11613
19121
75177
16891
72183
94188
6543
55848
63468
977
25279
47455
22819
60474
43346
60048
81109
6885
69714
18084
44544
52164
14768
70231
17507
21018
89923
56101
40200
97088
1685
96937
108717
6733
5618
41653
374
23331
25640
5877
112228
87688
111543
110428
85888
51665
32228
10482
30178
15530
29915
37535
102118
74075
52863
14674
33426
79123
78008
41046
56262
7579
25542
5779
67130
92225
42753
46436
112134
113328
7143
94637
383
16914
24534
100508
71521
36585
24108
62013
20684
28192
40889
48397
66205
62781
13568
113518
60839
24959
85191
32579
90689
3733
6986
40962
60658
73565
26323
96935
3307
24807
28891
27776
83068
45843
65710
53463
34026
36335
11620
56202
58849
79376
85890
56799
104175
19211
90879
101715
94278
98896
5268
91818
44042
45236
81116
65103
46351
16291
35043
105188
80769
33527
27682
69804
13405
16658
105192
2093
100423
98289
71265
90017
44228
112235
4769
24791
68258
109922
81022
40887
68262
67147
34118
18105
105378
89832
100609
102384
56803
75021
77159
34122
85982
90178
70511
37884
96850
97794
70849
28885
83517
112141
80523
44643
12558
88369
64848
48835
62798
30091
100006
104624
91224
93533
94727
92418
3408
5717
95842
72981
7492
24624
94986
24090
110018
82225
25313
88192
44833
43718
89415
51338
68863
11804
36778
109040
17512
74683
93435
32840
40460
20167
97093
48051
111118
25983
45679
64602
53299
34033
86607
37286
18020
72222
32517
64861
83613
84807
113431
69738
39169
36709
12654
1083
108115
9384
104691
93625
31915
7584
68104
45243
69557
42078
95483
83006
14356
102309
101624
102568
109925
52094
38390
21912
81822
13064
10604
19056
61529
64953
110784
1175
57328
105468
107013
9476
91408
92068
96686
3058
8791
108975
113342
69649
6056
95575
97884
90806
94890
999
5880
63999
31292
64600
66738
72220
101207
38478
109224
72558
93540
2221
1106
33968
36707
76671
93114
4104
79239
6922
40477
49179
68102
62198
111223
83259
40986
14271
82574
84883
68870
24547
46723
112421
32167
82148
86766
112759
35415
13498
32421
59195
79312
40041
105990
90022
1012
70948
26675
77771
85391
21372
41068
103764
24111
111384
753
108812
82505
110014
112323
49878
17171
83165
5972
68889
56387
3507
94292
4622
77448
13429
52278
36265
96175
72654
23103
91406
94830
22247
82157
69647
27804
45592
35424
10254
110968
63488
69651
88403
110713
15561
103514
13761
50835
8182
106512
79663
20011
20804
58969
110282
5555
29001
110791
64960
89420
33814
101821
71548
10953
93724
102481
26081
14636
31480
59218
36357
58533
32703
101904
97382
98576
99691
3603
93273
45709
47484
66236
12146
82758
66745
69998
113265
66319
69743
38059
89948
57241
34664
5564
99622
49186
22162
111059
109602
43991
24554
111313
48868
18299
11901
74271
32002
50583
59285
25062
97983
108648
114130
47576
64019
49885
61960
46891
101306
66837
36268
24460
32080
11127
12242
82854
90474
19428
57333
14889
33812
53508
72661
107811
112007
79847
112516
29611
40321
92611
5910
22337
112858
35514
18136
33464
4105
36967
78300
72396
26348
79753
69051
70102
71046
65994
89001
61885
38673
58540
39103
95080
51692
92620
59993
76436
71897
90649
26964
62560
111414
82256
7097
81654
14545
104557
92013
70801
32612
34921
90213
89700
11125
51623
107271
50508
54592
106870
58275
5654
62750
26699
48875
113458
29438
37058
87210
45881
24928
17195
14735
51275
109002
58632
32802
108146
7356
56832
108655
48268
20129
9410
23098
80039
95255
108229
48013
74987
91601
7698
22951
68193
15752
57340
14896
58284
4210
101655
92364
19009
51715
17894
51181
93303
73695
59991
42211
61193
9938
60616
66608
85761
13178
104555
56415
109603
55559
45107
108747
77451
85071
44422
110120
43057
3598
27044
7452
26
113911
68569
42910
30663
33402
17218
36371
74898
23038
50613
18416
75587
94339
92539
60091
2844
63594
110139
82346
81661
28937
47155
67531
39271
51630
34502
73351
19433
108501
34761
112012
1836
56849
62331
3719
64469
48965
12433
52476
67976
19619
104470
57524
90410
74226
10207
50705
58213
89442
37152
97062
39799
76109
72685
58981
21334
112711
80300
15588
46053
69423
26979
111938
14477
71418
35538
104660
93139
58374
56858
26289
60540
77894
71931
5327
40247
61308
25178
48548
98700
80319
84937
67809
89451
51374
35361
54113
13978
92811
72009
60965
37753
11923
1296
109443
94498
44003
66008
64893
45456
47765
67632
60784
64467
65582
22624
30244
61473
38261
17308
76024
109800
24243
93661
92546
57781
76533
111002
63092
84153
99903
89201
75677
76792
95544
108518
1995
24326
63175
4734
15077
67367
111853
82695
32029
35453
10817
50781
70727
98102
19014
90398
57712
74385
13790
4127
77124
79692
86197
81428
49402
57022
14578
45552
66613
53172
36044
81941
13467
34528
71068
73377
103195
94947
60724
91953
74575
9086
20485
6626
79623
109441
49054
22109
9595
5941
26193
40861
60273
111436
39199
14993
83476
91096
104241
106379
72623
7134
54301
36743
2595
78331
79275
63883
62768
47870
66622
67282
96995
23923
62772
15868
50099
73469
56512
17922
44010
5495
90851
92989
95728
359
27141
70558
9687
93928
21516
102450
18259
92044
50965
89986
79534
16630
86992
53170
103218
2178
50710
34526
74490
94436
95551
78423
109719
40346
25277
20508
7994
98628
25786
28525
36145
87241
80393
94778
45227
42997
51047
18591
13822
71423
55410
31718
96397
109542
102694
4927
100923
51898
6276
3816
64311
68758
106196
71075
19182
59680
76123
33679
35988
16722
107419
77317
54911
105085
58398
76206
60305
107932
40697
812
112637
83650
28617
85788
10407
84168
69520
24767
81708
32387
16374
50454
55502
99228
75707
6794
113145
67314
22732
62011
108523
40628
43597
45142
28014
67656
32318
51471
102634
71167
82558
102208
14764
13649
52498
71421
74674
102183
93935
97618
67220
1931
80068
26659
47186
66902
51661
70413
34533
100231
18520
105793
104678
73382
108532
33677
41297
60049
74605
93587
109985
41042
104682
9091
4322
48228
99324
45234
28106
40695
99833
26991
70315
18706
33241
94095
12547
95034
77505
1514
20421
65003
29123
89317
80331
83584
83158
113940
28805
36425
69963
30692
12370
51753
32316
16303
55152
78522
98218
77666
85286
70847
40278
3558
113333
83231
6982
85369
88108
46950
27513
35133
68671
87423
63902
71522
33592
51229
16464
83573
91193
14948
70411
7231
471
78712
5181
79372
91731
67404
14258
64410
86415
25649
47541
12203
51052
102215
73057
71257
36492
92318
106916
83069
73570
107605
25722
45418
22557
23672
30177
89315
13220
29914
68763
64938
79122
38223
83949
34114
107683
51751
94024
36682
26059
94283
4158
40193
41387
91823
61254
113077
113586
29566
15181
37186
113331
68160
65529
73149
13748
59445
35924
109130
56451
32930
15802
23422
40095
37782
74856
298
93074
90614
80705
33008
69970
11262
58153
101808
33267
32323
59097
100159
19563
95486
31467
16398
13938
38290
5106
73848
8359
91122
4421
78362
40285
98308
400
67054
89230
48840
20701
29403
60744
30175
50042
19039
57228
101714
30713
8691
44041
71445
91312
57741
94281
79746
5805
24712
111559
113868
86505
50996
14352
102305
94208
59443
17600
25220
3148
53818
61438
105812
113432
60753
114092
46878
8964
63296
112321
68344
36259
86411
11260
94031
107005
109314
3505
26066
106320
20103
4165
53641
79471
93968
60146
23072
61261
44133
50476
9472
20871
62029
79838
70852
4703
45331
97905
85658
113167
60488
82664
66651
67845
14870
18803
92417
13500
103512
38474
71360
7858
79999
44832
11010
28648
84111
22401
83255
34213
37466
103164
18029
1180
100704
59187
105982
94382
56986
9305
236
98574
70435
114115
41490
3939
111121
71110
35230
38483
13847
31405
80956
70254
100072
35063
57318
100439
73761
18728
75899
93707
76329
20101
23863
29062
110622
25746
68019
46807
47922
84462
85656
48582
67334
69643
68278
33111
35249
36080
87539
95159
71638
36873
79146
19745
106504
32764
3155
40384
54940
111130
70527
102654
104963
55708
73496
57483
113013
7856
23260
46459
82055
22938
82848
46968
31472
46972
66918
95065
79052
58784
59978
489
91749
44507
78989
46282
65034
66228
46791
65543
6397
26953
62378
83439
43905
101210
103348
33712
101548
55717
102663
103857
77438
91572
43215
92002
75897
92511
41674
49691
110449
14353
28738
36358
102056
103171
87454
95074
100711
35673
81829
54684
56308
1099
102398
4802
107446
109755
41605
46883
90901
47572
113270
67518
33804
96174
70344
5648
48076
92858
2654
103160
101644
102838
92603
48080
60518
44505
82160
84298
24897
13251
82498
31147
78038
11309
50158
59031
34145
71728
104970
105400
3245
113020
90910
7863
23096
112164
11128
95762
6752
24828
87198
82429
46720
65731
89761
70436
52114
101198
54423
42205
57421
20288
71918
33729
109244
7260
41349
40664
49366
26960
60076
113548
60869
44856
89438
65917
84899
49904
67692
31239
36972
101555
17535
14541
83788
18224
57073
58267
4452
5646
40566
99704
66141
68279
80638
110456
113880
64625
29689
108828
95854
7788
5988
17187
60775
82951
65823
73443
58090
101745
70278
108138
31938
77635
107453
104288
101828
56657
75409
64277
83029
48264
21319
67016
47320
111502
81400
62477
48773
14550
82853
66840
87901
50768
101647
15318
66414
69667
13268
84995
70718
101651
3429
20027
75741
83361
62408
47510
48170
86188
99629
25593
91
87127
10631
19333
95256
71735
56666
75418
38853
97398
109428
6079
7444
684
95598
40848
90829
24835
1819
112254
42902
61884
110738
69392
11218
89088
66932
34054
70443
10792
82778
51265
65821
102428
73441
14191
11731
92452
56572
5751
78577
64192
47064
45548
81144
29535
66075
43748
11041
63615
78831
6778
40754
24741
61281
113638
78141
104898
2150
78650
6597
4288
5653
91498
50599
59472
79168
54703
24927
112346
66515
81843
111661
29950
80987
16083
30751
52472
59658
101835
102779
91429
56664
107827
2419
47156
45811
111338
48354
60713
67106
81240
45360
83378
66421
67365
23977
31597
14469
17208
88935
59481
108051
23028
31851
76433
2242
37843
19521
102685
94588
3440
107733
106618
114238
47855
3778
12517
13632
50172
14292
33044
35353
19340
47688
37236
13974
104387
32726
93296
108750
21418
90836
2941
23193
113739
46563
60012
5484
112628
64204
81841
10907
12682
3019
32628
75331
76525
78834
55038
13880
5332
72959
45300
60457
4985
84487
60966
110651
36389
36134
14922
13273
70214
71408
79709
95188
6178
90419
103794
56848
108842
77375
113038
112353
4916
49653
45544
84393
100218
87925
37489
11830
12774
79532
72684
22018
94689
105525
4735
101416
98088
2685
9078
103191
95628
3115
78421
35977
77306
8393
93578
68057
46845
29717
84579
43851
13282
113996
33228
67881
17215
51980
67455
104233
86207
75075
35541
108425
6441
8579
109085
94595
44438
113389
22692
10215
69583
42388
40588
42897
60455
83825
47695
106194
12866
89792
39919
74321
26194
5942
102623
109016
74659
103283
32816
79707
40436
108331
90417
41096
25083
76713
61472
110326
81168
68658
12430
101327
17307
13883
31441
82366
48795
87414
89723
88608
82875
33324
90495
73367
106208
78415
101840
23131
3368
43595
29891
48643
47528
85183
25782
47787
89375
36650
70730
72868
100915
4130
75611
77749
49489
22715
68412
112727
28707
47689
82091
86308
88617
37496
11666
31533
30418
44440
52060
16180
89815
12355
35725
100308
102367
35984
102876
95894
22367
41119
82277
112124
113318
98716
43432
60898
82790
35377
100131
105008
109626
4477
52588
95541
35890
7475
2706
94685
40595
45643
4990
48896
44278
29459
65339
37079
88709
10305
63798
13562
81865
57029
33508
34623
50636
71163
18439
15871
54035
93418
33767
108167
21265
99385
46944
82540
7915
72699
9690
25457
40785
47178
68410
60197
81258
46493
89730
111869
100223
37778
17147
87759
31531
95379
4569
14662
36667
102365
98093
94268
3120
58388
5258
79449
24165
95892
44541
46679
81081
91118
36231
88805
81957
90007
103382
90516
57889
25182
3815
20413
25975
24605
9782
5957
22555
61938
37077
34083
17239
10562
56088
76205
4323
55937
17748
107931
76464
1158
58142
54317
18437
58935
26057
50893
6465
78347
99408
25372
43009
9713
112640
14064
81173
67298
11070
32131
33075
19371
83849
89048
18001
103474
5173
91723
60298
69171
112826
47788
66711
113486
71860
95890
112909
67738
89914
14763
13398
18446
35290
11598
108708
5359
52526
105714
97083
54409
101355
6557
23155
3563
66901
48917
56537
46867
113930
111621
102113
12189
33421
18352
2012
107249
71948
97014
55935
93590
129
28105
24681
8513
2780
28364
82282
3039
113578
26848
61250
113073
22739
60928
61588
110613
45575
53195
101105
100758
93776
11435
56017
70151
103756
101447
93521
12888
58585
2202
93859
110006
78961
8703
27610
84781
18102
11254
89658
71164
114173
80246
47790
68851
30774
52779
56178
108706
97106
53718
44131
43016
27003
96421
21270
9720
46014
7499
91911
94880
21637
83063
110705
64419
29654
72039
37274
33165
109473
6374
91730
1071
52685
103848
56368
67236
1947
84873
83758
41915
88272
70062
23852
47882
10519
18027
88810
51677
32411
72738
104865
94459
59694
107604
78446
38912
46532
25980
111908
42423
96772
26498
110004
62094
85464
24698
88203
89147
53124
55433
56627
54318
108621
56886
59091
71700
107001
58940
30801
4161
109648
3839
98557
13497
18545
60484
62793
13242
113956
84798
35756
16319
108811
76229
3403
98405
99065
110013
78797
90872
41321
9904
43459
26502
5545
21028
26761
45513
111720
112664
113858
84871
10150
88554
110864
55525
93259
97113
56978
69885
103498
38401
78728
97881
46021
22500
56982
80101
47474
20529
64426
89571
21727
67424
59369
33539
19835
34199
108903
39247
102999
77945
113074
90964
43722
60395
71786
23429
26853
82145
103248
19228
15119
53308
108555
6571
79397
98149
19996
11724
79142
101452
106329
6654
5289
60326
92670
78795
67942
60668
30099
65716
38571
55014
108202
109146
79044
32946
24098
75728
97904
45159
23947
93261
2735
44048
48666
78
45956
110539
64708
86600
18126
89853
51776
78036
54515
101035
68875
76495
17524
1698
25144
39700
91138
108901
53913
44405
110103
84198
8800
110362
925
113610
67608
82936
89329
14178
102052
74088
93011
101901
58075
56730
71887
9137
44057
111120
113258
65118
110548
2318
20795
79933
76509
84129
4627
3942
81135
47564
64007
81644
89152
87636
72395
15733
23353
101127
11908
100442
76332
99702
4788
68277
63508
111648
62823
112846
10616
89851
12391
88736
59282
74209
91053
106336
78293
79487
20119
77178
99354
80200
28136
8544
110811
94560
96698
21317
25935
69832
82851
46971
36098
103161
19141
78195
34043
55104
51680
96262
70432
77618
71885
67425
101038
11285
82077
85751
40998
67258
68373
87125
44852
69567
102236
12483
51866
56914
39536
2135
109852
51611
78385
24295
92598
64108
9751
110903
24040
3333
64083
107626
90827
99700
22069
93796
20724
98844
44754
88142
11725
19233
33901
39100
15408
34561
101737
10869
5461
21228
70015
106589
54511
91051
58958
20117
28418
60590
43746
27733
66582
89952
80795
30129
45629
29616
46289
69659
100019
103443
71825
101643
94661
1033
96799
93546
79842
97400
99538
22078
90552
97738
98853
9843
62659
27894
63490
111229
83186
23785
88234
113797
13592
107028
54520
102489
30828
38336
3244
4188
33797
36536
96196
24318
58971
2417
70875
23633
90742
62482
2926
81234
111052
41529
82687
14893
25491
86879
67613
11214
13523
27908
35528
71124
72068
14976
96098
55904
105418
1125
33987
75316
24650
1634
9142
76769
84389
7626
71466
93642
5292
60613
68121
99350
67265
24992
44938
13175
82593
29869
65465
101128
73085
70625
32695
101925
36887
53501
92179
79590
60265
76959
513
10108
9841
11223
80641
85518
10367
19240
69505
46644
112342
20814
61972
13081
113795
55203
50948
30317
109335
35595
90227
18922
77717
6495
55971
2841
23093
109168
72673
103969
94928
70873
21322
22516
28508
8916
67357
33134
101141
17121
18315
106018
101479
18574
17459
25079
75231
109951
78484
93127
5741
76258
33985
82078
81393
47851
20906
66603
89009
69572
12513
65747
37487
56239
89777
78131
33378
54439
106433
8132
97935
8925
6082
7276
39908
113735
89625
14983
31426
90142
51802
104569
107308
5324
100631
16611
90225
24231
76521
79774
4977
82341
97841
22690
29876
102079
26882
47943
111332
28506
12605
112785
65839
73459
104392
38009
34585
22108
56761
18572
75513
26192
106809
3176
1831
64205
6708
20567
70548
78056
109523
42288
3714
25081
113034
24930
42033
67712
33318
55039
18758
1224
74221
102523
87921
33831
95086
109175
72680
103976
6869
98618
42219
104915
110226
112535
29709
13274
16013
69247
45726
103031
30485
88258
81581
112877
102175
93134
109532
79259
91618
77380
4383
74920
42042
2583
46660
111243
65412
29532
103882
19862
26367
27482
23373
20913
68748
86022
55561
99028
17372
38433
107918
93295
54446
19681
65837
34074
36383
37577
35268
73457
31614
93040
57444
109267
78764
40687
60270
88008
110318
83469
98969
6706
27922
69339
110322
28611
83473
86212
67798
19612
92032
91176
93485
78666
48097
99727
43328
108513
79355
5673
22271
21949
29457
28513
15072
65053
43841
64902
35277
89876
100824
107217
100290
57962
92193
14754
51294
70046
36475
70555
78063
94869
67039
2865
112978
64554
66863
101332
72174
87924
45376
26903
34523
16201
35183
91268
20221
99819
25783
24668
9615
110233
28522
70461
58895
2512
107749
5765
24672
112625
11339
112884
35369
18162
106115
4131
98018
89463
51386
53695
34258
35373
54125
93508
57628
70647
109622
79099
92823
56943
40078
78948
21605
83290
99984
81774
31108
66955
44808
83657
48892
15070
60796
12610
36390
56336
19262
3206
33930
57451
91531
76712
96408
75856
31704
94074
34957
101849
64298
78854
47091
40777
97606
67037
113832
44969
33323
17310
58297
107322
91183
75170
14938
70401
35465
58835
3112
6365
93575
64400
81073
26211
65060
81866
87065
63544
64738
84605
34169
40683
29038
112907
88004
112882
102180
38106
1248
7749
100747
9010
46068
98813
67300
25971
43608
111615
66444
69697
12354
17402
51996
52426
102875
37607
68586
69951
104249
82799
33248
50092
100311
91020
106812
3463
63098
88013
95721
29556
89466
13371
65945
33067
29301
60642
44458
112465
52078
67828
51393
86839
36574
58750
32749
107320
72963
92830
5958
106464
108773
200
29120
114084
59518
67138
111624
27070
95373
98112
93857
61150
9102
77844
28802
113482
86403
13561
30004
32313
35282
31457
78348
14329
36505
87939
95559
92565
58994
75437
83057
60989
66188
87249
63728
47715
113413
85199
80601
112557
81261
111872
19288
87762
39405
95382
92922
108865
96321
74938
42231
40181
55931
45058
114259
62695
10400
13653
88270
85639
17052
31549
91630
14851
33603
103748
91204
102099
57383
1000
32747
70936
100754
40367
2453
3647
46075
41306
43081
85203
40880
24696
11079
30002
32311
101262
104001
106310
76037
6464
90705
53631
106648
96413
94363
2100
93248
78350
100660
97102
53714
61334
3553
78688
40782
67042
41212
82370
27337
113666
11436
33157
58586
51508
70661
88729
56022
13578
109210
35470
11778
59784
295
78536
52706
108354
79196
56790
74427
77851
82047
25899
99572
26500
111714
28638
86239
26838
112403
69541
45849
81445
13651
102548
56183
31547
53723
15534
23154
39848
107855
4756
9099
56266
109738
81097
35049
87260
109048
18351
32848
53909
103060
12726
80950
15979
51575
71442
92503
76828
45065
132
90962
114266
42605
99664
114011
64585
69633
68518
60476
61591
80343
66468
50283
35748
53022
102899
108098
92664
103500
105638
52959
60579
68087
25388
82838
46958
83498
12735
86237
19128
11086
3047
16927
66908
82387
33345
53212
56181
79551
98303
56974
90261
92399
1251
3560
78695
66218
8437
48405
25828
992
81800
67925
64931
79228
55173
11785
19293
21200
71695
4861
50913
22653
41405
94639
5629
110101
4944
78885
28219
1950
66917
10518
41747
32410
71088
55075
104100
106238
77251
96003
15541
103244
88642
12376
16994
78019
71092
32752
77334
40372
39938
59805
78787
22388
44564
112571
28551
29745
63316
21732
11368
70334
33260
8098
59883
16925
6298
58513
66133
23860
56463
75724
83344
45155
20440
23943
8719
60483
9550
84797
100000
67669
89845
110961
56282
2037
14268
11808
87619
32335
54056
55171
107528
87100
64523
87188
26593
27787
113352
84194
64606
102044
10516
34296
35661
53048
10775
38229
90802
107860
7250
72568
93800
102386
7588
55870
40199
81127
46362
20532
29234
114198
111738
84889
49439
10168
25918
57059
33538
83519
86943
91139
28916
12481
32427
101378
94646
6751
109929
61083
44748
111561
759
68014
83342
12408
63504
113953
16492
108128
79141
31928
53649
2828
3488
21735
28128
56647
94552
109835
101793
8795
24278
106841
45339
21818
62212
100443
18732
17083
74024
75218
34319
71030
86609
94229
57155
100526
108827
79840
92688
110200
8726
111653
20785
42961
49354
61713
43729
84887
68874
18208
50664
91137
92252
105226
99438
105735
94899
3751
94644
2131
6578
47661
112244
97642
8632
12323
89078
108043
101195
31843
39351
102393
10865
109579
22418
97035
60073
44060
40999
46198
321
44398
64265
21992
87635
4968
82332
60949
12058
81476
81985
89493
33628
55270
3334
2219
78469
52810
17874
25494
44246
4787
35941
36885
72481
91233
2223
106516
77358
114136
97225
44329
66505
29431
45953
27631
35251
11559
37134
14273
71214
10448
19321
11813
103341
33818
7178
93194
4184
98242
74721
22769
110188
46799
29592
98325
2922
45350
5891
10012
110726
82933
65555
73175
101477
19766
1117
101986
42200
104725
112345
4879
71913
79421
33724
34668
75312
97317
105923
113543
44851
27723
68881
103179
61803
32178
51101
100185
16165
39535
11371
50754
33376
99019
18557
37309
3332
78467
24377
43300
7524
87026
44753
40928
60261
22865
67447
84291
81831
46895
85514
32618
56398
108926
51629
70782
99351
104817
75830
73521
81141
45261
101823
73780
18747
54343
48088
91676
69149
49027
33635
37318
89608
13263
29957
102331
59298
17455
90125
25075
94493
70972
98426
75849
29267
44595
85068
1912
601
4881
65401
68199
44678
52298
35341
36285
39024
70365
54352
18472
106709
77722
5385
20208
98078
99443
9068
43044
102859
73872
90315
1305
77271
55888
23181
87308
87283
84823
70267
93387
87312
82773
30992
12499
50688
72580
104306
96894
2322
96209
99633
22173
1466
28415
97833
24991
41434
43743
88325
9767
65748
22256
110130
4973
83281
66153
14372
31608
53329
18564
91518
75505
2508
94487
99026
70711
71655
108830
77363
6675
22613
29006
3172
60347
92691
43140
45278
28321
29265
111769
27749
100123
18412
87659
30316
11138
87913
32458
55828
56488
111333
21580
12072
67101
67189
64729
113984
48716
10639
62929
51797
99118
55196
103106
39183
52736
97318
90391
12497
31420
70803
34673
7373
109357
99122
56678
60189
1748
10203
88607
25703
112692
10971
33406
13798
89780
34859
101922
72764
4281
6590
22357
1821
60262
46387
22866
41618
11049
26549
20302
49385
23555
110314
113283
110823
32114
102259
89966
11562
57088
71756
52319
92283
93477
76804
107566
97331
6012
37930
45550
106881
105002
50778
107311
44009
112275
66160
49825
50597
34584
67187
10128
113982
70038
39206
78055
5058
91608
55478
17460
46479
112177
98690
63352
45030
47168
97320
68229
81248
28954
33321
14398
82872
87920
51217
70370
55835
56495
107658
109967
103720
32548
78245
108063
40168
91264
105603
4563
5757
22355
7302
91773
110058
77898
96821
66252
40422
80749
68928
12529
87146
13360
10900
102257
50693
100912
78147
52317
101572
10988
38613
70898
23372
43068
40608
10039
80572
32215
89274
114073
1838
29902
44266
49314
64642
101420
72262
55927
90158
75510
77648
32811
76028
74228
106639
98713
47083
3799
64035
7903
11060
64828
83981
102266
84411
11398
105005
32630
31265
94173
106203
4048
51215
99221
37511
39649
45131
94682
98365
9355
41022
106971
63027
21948
48208
60797
49323
25802
108854
68050
45473
112365
66534
81862
102172
78855
57109
106364
55994
104848
19179
16719
6263
71752
21345
110413
80311
27053
22798
9770
10037
81764
44690
51224
67918
29729
14488
67893
72089
97004
108070
39912
94774
31870
20053
111430
628
27239
9956
45991
93663
44112
4653
9701
25698
111263
66626
48304
6
12536
87153
43765
51385
65941
33063
102264
30603
51130
17388
98530
101153
10740
56516
12878
88860
33939
96480
101946
77043
34599
4046
70650
103462
111449
27429
112280
31111
10388
69526
57279
77146
85798
101001
43955
12442
83998
36756
56168
52514
108162
91363
92557
57792
31962
1238
106646
2862
21598
7910
68489
44968
7998
98803
88101
47966
43857
100047
11943
32299
52416
19789
92380
30670
75252
3199
70997
54984
57723
58667
70742
106552
22644
24953
23838
114172
74934
82554
86746
82896
16217
12793
106738
104938
76895
43073
112558
81262
29198
42922
111873
2528
77834
1843
45749
816
82460
65332
68585
111956
10841
12979
19543
15718
53623
13918
1153
21538
90956
35389
108444
33760
8598
25196
21087
69093
42148
66633
48311
10743
30439
14426
113662
82195
87243
16309
101160
33946
71851
4053
3197
23753
98370
1852
28801
55671
92745
99138
63291
80243
62714
55490
2360
74242
100235
31543
108536
70392
23150
93762
107851
22828
96501
22294
23488
62107
81089
89561
65869
33162
89899
106046
112560
16293
15178
10409
50373
47801
55421
88788
55759
1435
90954
46681
110070
22989
42856
99151
93952
80335
82644
21878
19218
17418
87951
13994
59006
3646
94201
58321
16307
105889
92401
53811
56780
39936
5788
21442
76985
26319
113763
63030
3988
112652
81185
81978
89486
17608
35396
18268
19383
94362
78178
3836
29136
66469
91735
41299
75722
27595
109987
28818
13577
56359
100845
2544
19823
74685
86932
58672
77424
107242
71691
21025
37719
73315
78877
99938
8619
2886
96944
63122
15024
17333
39338
30352
45852
62804
109228
37797
54411
73393
108543
2450
75276
97452
68077
110254
64423
567
78783
22384
24693
69275
60573
46698
64506
82294
66815
113761
101088
38129
71779
52263
98039
57311
34279
72468
56455
100941
21117
74522
76831
82142
29418
87019
89328
11183
111897
81795
32244
65782
26507
34127
86417
11266
54503
104017
18882
74708
39943
42001
76483
107779
98738
25132
26326
5878
29324
98742
97627
85125
76840
51499
90118
37795
57662
92427
99250
44045
7609
5809
24716
32336
15208
16323
86935
60571
110619
37188
10164
81891
18181
54570
2634
103933
2893
111553
64607
29842
7941
105816
113436
22568
87017
45688
66920
86332
43888
15907
108379
9134
104441
59804
94035
34918
33269
18905
92519
78281
18880
113088
1968
26608
83779
64513
67766
48500
16415
11112
81190
50470
100518
53038
105032
15813
16757
20009
75723
74358
46098
21633
79406
60482
80178
28740
49801
41588
91569
94993
44327
78980
29508
44836
84115
78031
18630
106333
33787
90194
37641
76490
107786
50489
36785
102483
38409
94386
106416
108725
34985
99434
43035
67065
43544
110186
113689
64071
49536
40550
11459
63749
31042
34295
61699
9822
89324
87808
101191
57498
38232
78730
52729
6393
105917
3933
77874
4877
107692
23784
25408
28832
27183
80015
21558
111741
13165
81468
27721
80274
80783
36109
2132
76323
39078
77267
7009
9318
74807
42100
77012
36877
56460
106508
2215
70957
79659
58598
3330
92678
111134
21915
21381
6407
44751
80969
10073
62647
69211
102394
88222
45778
86706
87366
89675
51598
16603
101283
90217
97040
98234
40319
1975
9483
62211
25759
1549
8113
112518
238
29158
23959
49025
88383
15311
86867
106517
13511
21131
5193
90378
54498
74365
104976
52727
101982
55696
68364
1881
112850
83692
100177
10958
86005
87458
95078
32174
79065
92084
93278
106423
109676
104907
7007
2923
1808
90284
21830
22490
6322
9575
113696
28482
1812
111132
111925
10355
62645
70265
48941
10864
56561
102392
75313
58699
38068
59300
52452
99343
74457
11553
80971
93468
74202
26104
77964
20905
96716
45086
41432
42626
43741
80281
946
48618
87467
16420
12061
87721
58096
32775
78472
79666
16762
52642
24382
38767
43134
105659
113279
44587
3249
5558
98422
2564
4873
29513
81381
33024
87373
17804
85857
18748
74211
12501
39275
20121
92107
101657
90307
55542
92082
92875
59734
46293
29165
98583
67354
23966
44493
113978
42977
61900
30216
70180
41607
42722
112867
49908
67696
10353
100365
15401
109067
54079
30558
22165
90468
38859
1458
40232
41426
42541
2147
107805
52817
60437
80304
112431
29355
60696
111575
48616
63944
71564
108059
52127
101382
104121
20213
10543
55125
39112
100805
34573
7273
75501
79948
90658
99531
113277
29257
93906
110283
64452
63337
30308
47583
28939
11389
30312
55027
107814
38158
50517
93984
1471
99183
97667
1980
97412
28503
60788
86104
44775
27647
100021
35267
18139
99369
88755
79247
55192
93381
21503
93890
59918
112175
7448
85605
81755
18838
10796
78748
50609
59741
67361
86113
43840
58885
107910
99813
2761
62396
89449
27739
65928
87820
88764
18661
109074
37413
104305
107558
100881
95014
36557
55309
30310
32448
90049
75151
98521
91673
42122
7711
10546
85701
49821
33920
50593
109264
34580
56585
98173
97058
60096
103810
73537
81157
112090
65144
6703
7363
91070
5847
45022
66851
55034
53518
103203
39280
36820
21149
102347
10819
100038
78237
35964
2246
107904
22097
90571
105854
43158
534
113474
81063
21946
9862
49659
85255
4897
63108
85000
49913
101055
35357
19344
35102
58986
75429
106362
105247
22170
82080
94949
77287
6599
7200
45373
20737
42913
48112
8653
29698
16536
53076
55385
94004
96313
101245
72087
55130
55923
102698
94772
51814
100898
2597
68395
64286
83038
38105
106112
110146
65509
83297
11419
44957
13194
88854
11394
105001
107310
32455
109448
56769
92365
50522
4299
111159
55658
5497
79688
110048
81061
8745
65841
100139
11751
109271
53168
37155
108949
51823
71235
94071
102961
5061
74233
107838
1745
29638
85610
2943
63693
23988
68741
13286
15595
83898
67885
10826
16025
32547
54723
18843
85952
108062
93572
74135
98449
9439
45190
7810
8754
54806
23043
45557
110399
65933
19351
31710
33848
107054
17835
70388
53431
16186
30854
58308
36562
10732
13985
51890
108761
59506
20744
64132
785
45463
83652
66524
29450
43947
32301
108947
21252
73826
1489
26300
24250
42146
716
21594
86043
18078
106202
15618
100298
53523
99049
1053
108770
113998
50103
98447
28344
97762
68416
9441
24494
20840
113562
49238
63906
14585
80579
101344
86742
11591
1243
76378
97610
41211
106989
65241
103995
19975
24342
4750
107928
22542
7318
29728
87329
110754
13293
111698
29987
48739
89897
54730
91270
36237
107747
17059
57273
3028
4143
15430
77140
55757
23050
101588
107751
3287
631
48303
5
87152
89461
16218
10485
81527
67823
86041
65773
17925
54465
1335
98362
1844
817
283
22889
28088
79184
22125
1418
58402
109795
21269
66022
9719
43161
48038
10132
13385
10925
49662
57282
104336
88878
96498
75716
107843
24595
57903
46771
26140
112298
65523
47539
55159
46854
110243
80934
88442
109036
53104
19283
106042
21019
116
98454
108434
75622
97343
99652
98796
81951
51411
52605
100495
39845
102119
1079
14675
100240
56263
33686
78268
59002
3642
77583
97700
68075
8778
86142
64759
29994
22382
23576
7408
24691
111450
29568
88793
14606
82909
71777
76032
90529
98037
18690
36327
39751
76291
108952
79794
95043
96237
6033
78708
102793
75714
24084
212
97435
27616
18083
75024
15623
107151
37628
72030
30951
15882
89384
33519
101526
55161
78531
18959
50901
3993
6732
49160
11083
81695
67991
86743
69365
112736
66905
22983
10506
42850
61602
11166
33342
54403
85632
108535
35989
37534
38728
52862
96329
109733
101691
3390
21182
23491
9632
42243
111728
65613
28368
31219
10667
31728
100850
71692
54564
44894
33077
31732
3317
72205
1517
21368
97350
6031
45398
22992
48137
85641
23931
8707
110519
81532
28808
82476
44287
95917
11258
47819
66972
15112
55439
107433
77331
18874
105633
2284
77590
78784
28118
99845
20869
93686
111027
96425
61772
8868
89485
111795
17073
68703
106141
33595
72214
56539
37023
31824
70673
71867
72982
91734
104708
20516
8432
28817
67666
11267
82994
63557
48488
71
87107
21973
65361
17004
66555
43978
62901
13580
32332
15204
39518
3232
33785
53902
106669
77682
51852
94125
5115
75882
59698
31559
22222
91469
9307
3574
24790
67063
47989
113687
41742
88633
110693
63747
62803
32234
11173
89577
68002
86583
30718
61947
101694
98136
68770
108116
18363
31916
70765
5276
37624
39933
105631
1167
2816
75813
93709
46697
40734
8783
87091
86940
80522
87708
13672
100431
16411
102569
17071
32933
74521
75465
49000
26423
95841
108815
39330
21120
54487
104706
107959
46094
6405
9374
26506
114209
110785
30021
34468
101281
100166
107523
3059
79480
17770
25390
43027
8620
80614
89066
111376
47987
66739
110691
86581
30716
70680
90626
91741
74613
105909
21467
97278
92509
56379
94284
59118
21212
75811
110109
45242
108882
90968
41417
60399
25404
68871
37216
104108
31483
51600
18973
84203
89765
33366
54427
102567
18547
103682
93276
77263
9314
2466
24112
113694
66748
27365
114124
60501
64948
112324
28304
25310
110274
113777
112583
111468
48509
67946
63328
19055
88473
89667
101275
54588
92493
105467
71970
108465
104811
74538
9220
82158
23872
40315
90981
112940
80358
67598
17103
86859
54152
39617
97218
17871
59288
91059
2220
51525
104713
105657
30973
59542
67162
9915
41332
24204
111477
63053
6921
84114
85058
63846
29511
97814
98758
112675
65729
47407
66560
10954
107530
70864
96009
109413
8373
9567
43293
93808
92080
95583
106248
109672
79399
2748
76939
44232
243
22849
110723
43376
16339
17170
30723
14710
106067
101983
100868
51079
14798
34381
53133
75138
39258
100872
59125
5281
1456
76762
8020
28405
96708
95514
113085
41424
103949
111569
63145
45082
68452
110458
82665
86348
30120
52125
85663
38421
55094
93283
36621
75044
54776
98673
110815
41159
112590
27455
51342
47405
55025
34473
10952
54340
37212
30648
59217
56987
9056
97381
101903
49283
28501
65041
43658
111665
42973
108658
74902
102411
1371
106858
110031
75562
37402
106603
105238
78560
95003
109856
22161
18988
21839
29347
46191
9755
43731
47414
61627
18298
13529
89511
32682
35680
16243
103002
53576
91765
72328
61196
7803
97473
41608
8463
28848
62135
85505
62928
2838
44072
333
64018
29253
24998
98671
47575
27737
30304
70097
109072
90214
56393
2148
32872
107272
16688
90473
37749
74460
71829
90047
105501
74034
75228
107639
108470
90556
27301
112774
64350
61719
16252
105320
52641
70028
48704
56324
87553
19079
35772
52215
20301
49208
26802
67789
46473
108998
21837
49212
82862
28489
12588
88570
34480
84745
105055
58109
71128
74552
59733
98582
18834
52121
78744
92957
28053
97471
37405
103103
82597
86451
88589
32361
33555
32699
108748
53931
77452
90471
75936
6338
67088
89264
49559
86270
2488
20735
4797
99799
67092
62323
49813
10542
17728
18388
37570
76953
106771
71479
78043
93655
2336
100896
37937
60092
1651
28600
97847
113280
22696
67278
29089
62509
26629
64284
18236
32449
102001
38612
28942
18578
19943
74041
2238
22089
103537
111157
96555
41521
84053
91761
9428
42039
58904
4889
111670
67693
89698
78052
55475
36038
104045
20137
51366
102700
104838
178
97572
53249
56673
18484
90753
20650
111063
29352
9589
30403
45903
14219
54183
55377
12169
82952
40938
12678
70279
73018
33998
57005
106260
77636
103629
111249
28060
40248
62140
84145
86454
25688
99361
2843
75840
97845
60883
10217
44699
66591
31253
98011
17378
14918
109699
96211
72519
75943
57621
59930
94499
3351
43148
2495
21936
64209
7543
111948
80652
44772
63524
65833
64468
49820
23819
31439
13117
32270
17735
48964
83729
67716
56584
18395
75336
83988
53164
53673
39798
95545
20394
8844
42649
73907
49046
49839
100037
12593
37337
92199
1051
91255
32798
78495
96303
54974
93138
77125
34852
1134
6696
90937
2587
111247
63107
26542
88761
52058
37410
39548
43753
44697
13184
80293
111589
11668
109188
79086
91445
104419
32988
16975
92898
3888
20486
26728
64383
87753
1833
82279
21684
87327
80650
67890
84333
48453
56073
13115
16368
38089
76278
20050
104751
105945
2596
78332
55471
74223
96228
98537
20133
9527
76791
77985
28434
43762
86035
63708
15076
82978
18608
55148
15614
2527
109960
78493
97245
44270
9688
80488
82797
87052
90935
29818
112189
29793
30335
87394
104050
100734
71576
103987
72691
55563
20225
9619
43345
28526
81079
98888
49053
63721
110496
113999
111861
64381
27841
83133
61921
13030
86895
63804
18166
106119
32550
53611
105434
107743
106378
3450
9951
87144
26378
85628
110143
47698
41451
60203
45898
111596
10731
102088
18068
14414
108251
53263
54457
19692
109278
3640
5778
79969
95218
41128
3978
7832
12183
81709
109097
90160
54280
42835
81684
105017
76030
32642
78168
100478
76368
52847
36834
44454
63206
63181
48646
100991
73912
22282
1575
95633
81077
65064
87069
62604
44796
65857
113997
18081
86384
88693
16815
52161
54299
106293
90688
98196
38795
43162
39225
73990
91093
106376
74758
44360
82378
29825
21783
95819
26831
83317
41988
15523
86315
32225
48919
84515
92135
11673
85968
19974
93588
105618
2269
51745
7317
91788
99296
28533
25368
95216
98640
84084
22374
20858
112895
39234
62955
70575
73314
78592
52762
1941
6025
74767
43254
14602
107324
17571
54645
25191
2968
42143
58837
20931
111094
66457
24614
49588
69705
17390
98884
86407
13565
30008
32292
36509
55662
75358
5785
106291
97534
22383
103831
111451
29569
62705
27769
95308
72902
7413
8607
49519
12273
17321
86568
78175
39835
1069
108786
52854
105792
88881
3123
52428
55852
91277
2267
5691
79882
7315
41041
97778
65071
41550
62611
63555
49851
10659
110868
12463
88274
50197
30359
94094
15711
78081
35407
90778
103923
5622
98824
22558
43085
66455
41740
43878
48926
113509
65770
105116
78267
100577
15363
101007
72020
105091
78012
104940
53635
18699
37622
38816
104514
2530
76471
39931
98192
1674
61338
69810
84967
68954
12555
50289
48832
56452
89990
39324
33591
109469
37808
1522
2182
7059
9368
58844
66464
8683
80677
60046
24704
111977
10148
32324
16311
82305
35293
91378
37176
2368
94117
58237
59352
107492
97086
18703
50988
39059
98309
96430
6305
40031
111541
739
112485
46787
20957
66370
40369
86066
45417
53037
50043
14163
34368
18355
93084
108367
74611
36422
12901
38731
4583
94023
21181
92507
562
64247
25907
94791
44125
1163
73838
9464
81458
67754
98983
48317
63645
16403
31731
13238
36608
104615
38383
79311
8623
90785
86848
87963
55085
94468
1011
36612
97716
114093
43885
61952
15199
48507
84103
110781
13399
46707
52018
71171
19562
54327
105206
92491
104521
105465
30781
5790
21273
72903
6558
92574
21811
22471
8612
41223
110174
8871
43791
83604
85913
72046
97191
108365
94305
73753
28820
81373
21972
48232
43977
61251
85565
11353
110873
31049
54419
71801
73939
29666
23703
4771
96349
21198
47992
86156
85471
93091
108374
59119
4081
34120
36258
55440
38312
76501
77161
53469
56893
73336
61089
77954
93712
94906
46015
9980
89482
61343
83348
47468
16239
55088
31567
62796
44474
110172
46783
10251
12389
64679
72299
56286
107620
77347
108280
3665
94220
9657
111469
40468
10070
39955
4863
47291
23599
49708
84110
61533
52025
53219
30813
19398
106157
16938
14629
50225
39774
51678
18287
86761
94381
39348
109664
77253
105555
21647
113175
43368
89065
42683
85920
39167
13337
88747
31404
109057
55184
33972
32857
39171
17788
90458
1448
96621
98759
20355
75898
40731
49183
42869
104801
113081
48606
6838
7953
49266
26860
64594
52117
106758
33448
55624
96356
68096
61018
69319
65895
15229
48767
69828
32611
54332
39263
50507
14627
54591
2655
74537
13942
59468
21562
5903
233
21645
9561
85238
49358
113711
55178
75045
52184
36171
1363
107965
17277
93371
38338
77187
98757
99872
64534
95763
6753
24829
27798
32165
82601
18461
17096
37213
44671
11642
42871
89762
50491
36102
52374
2747
39864
103253
58616
97465
6146
42181
20798
49367
105929
68094
27900
62131
112580
21996
66578
49621
14542
17795
72143
103439
93204
19678
3338
77279
101898
9501
2653
9839
41765
49273
87462
47757
36111
25326
80188
54007
42963
110799
52207
17442
106510
54775
39956
4100
41158
843
94563
23800
52549
98246
17784
60169
44156
96901
29087
44949
112956
20894
29596
9055
32701
17632
75233
59220
21143
20028
42204
3689
22596
8737
60609
25844
64693
14027
49110
64267
37401
2138
52558
21045
58721
28152
8560
26352
63426
18991
107888
64115
61121
87460
89598
14217
83635
68816
12417
20037
55884
74636
105398
59567
50581
54264
59312
92962
99355
22688
79517
48004
98499
20888
85337
63591
10695
30136
101396
36128
55281
106444
5228
60015
98601
97745
43655
67969
80988
31946
12509
70795
72419
39963
36798
30835
87894
104041
108488
90745
1735
24296
41703
97397
9752
27828
62059
49720
114053
84744
49044
17209
42989
33652
90138
1128
37051
13530
96301
21150
74918
77887
79432
43664
111671
97837
9942
24995
41438
63614
47601
84141
10184
12493
47939
18485
86788
30389
14376
35437
19424
63956
50001
52310
100450
36126
91952
2942
89096
27386
15418
85951
10115
87041
89179
100127
67967
83216
86719
40943
75332
52471
37936
102519
1479
168
79524
90998
74985
14820
106177
4193
22440
2677
39794
25008
23893
23208
41789
68220
61906
46837
51204
37329
105336
75234
106025
53346
103795
54711
75067
4379
96128
60790
110838
89697
26793
14316
66606
49228
17030
113919
17823
100194
56672
13714
7450
72768
9588
80388
62066
72513
80133
27409
45197
63005
5508
23985
27918
29977
20991
67882
18669
91089
2079
52920
20042
35542
7127
12681
76015
17558
39734
73021
109879
100893
36740
59939
27232
43754
27741
959
85342
86286
83826
15068
110479
81492
36133
51461
72522
102340
51799
97496
79708
56847
77658
90677
102707
8231
110327
76973
44095
10381
68404
16623
55472
35634
102526
74483
88868
10464
73368
105524
90750
92888
77990
23215
27833
83125
32288
15331
29182
29975
30233
58401
26032
100916
95279
7384
92819
2081
109877
29030
52751
71503
60371
1930
54889
63110
59937
65248
67557
26908
63448
64563
83315
65757
17659
35726
12865
97519
20230
36924
103816
7031
72349
9169
271
6709
40944
84332
113828
15423
20572
49141
42577
89468
86474
30609
18680
2169
109886
52589
96227
99651
102808
38885
108516
24608
21614
41026
2682
106975
41819
25806
42479
65849
48642
16273
38278
59510
72358
10648
11763
38023
39217
31175
105708
109792
9432
1390
112188
22205
84424
105018
113841
42669
63901
112985
28965
66870
87931
39040
51228
17657
35215
84766
102107
92386
74064
1067
96319
98094
25022
3885
79621
65065
49052
110495
77571
3459
29214
97517
43427
21681
63803
27673
88777
60638
16365
106377
101608
71506
103383
98025
75448
109884
103921
26406
44194
4505
41734
80583
63455
81013
68503
26748
86658
10563
109277
37616
19803
75780
27423
55487
76548
20149
96924
7914
8858
42834
15004
69353
105275
71348
6030
102281
36583
55335
109208
101166
105020
101959
109467
107158
34783
73402
30958
37522
105358
59527
106473
107667
47025
63547
21704
67401
69539
13311
14505
45484
81873
63551
82303
18163
39483
59600
98278
99393
72448
3305
48042
106913
39566
3280
1764
111368
44985
88882
61937
52429
109192
11701
38191
32992
33422
37614
53093
2272
3466
74154
301
107759
9458
96668
85815
29304
114268
86475
26310
112468
64328
48315
89473
17061
100759
101590
12801
72711
75964
26413
6821
43879
105811
75538
108780
1856
7055
43090
94720
40630
23502
31122
100582
37623
30775
38283
52951
14762
71703
34458
58150
10937
87863
32658
105713
74246
21271
20156
73561
110168
81181
7921
113416
25972
20498
41559
69727
106221
105365
90875
94808
111185
41833
98892
91814
57993
8003
3748
2099
41407
8262
9456
44376
65437
41916
60134
17339
84448
68435
105722
75449
39490
65950
49766
87955
57386
1003
30612
76138
71599
98030
55586
102302
58325
6648
82212
25129
66287
85210
10852
18360
86663
104004
30264
32573
78270
53634
54578
90174
75639
105457
109311
79038
74954
94366
97105
74528
105461
108964
49007
7239
24801
87171
82402
48831
63988
80602
39582
13752
56025
12896
53369
104703
90080
99066
75545
56108
103847
1863
72551
111467
80171
20599
23338
25647
113521
86672
87866
30273
44658
28645
96948
85302
88555
46712
65694
10944
15028
32665
74253
108973
40030
37972
55609
63229
96767
8872
55868
22046
23161
3398
94203
42422
62118
49608
84010
41566
47558
31373
36421
37365
63825
10679
103939
1955
2899
9463
20862
24545
63928
113613
112757
28737
30110
85653
30448
31563
50315
75289
97181
73489
18886
104701
105645
110012
95239
6229
104960
28639
63041
7853
110780
32580
33010
1171
32154
18279
16934
107347
72226
6052
43281
63227
95571
8699
569
46103
41848
68108
61431
63740
66993
16327
47556
55176
31655
39163
106848
2555
96613
4438
16840
108197
107253
31997
50920
40047
110363
25228
111557
29846
49713
43980
111302
86762
52368
16488
74089
62815
111899
52113
85651
93271
14717
33870
107439
36438
44058
52881
5200
21197
71633
42258
105898
111380
29498
6653
79650
87270
62634
61269
65887
48759
16052
6227
41147
62208
27443
66292
85044
88297
64776
68709
86497
13425
15993
55806
7161
53472
93970
106944
76842
61092
27629
62031
40648
11194
87798
105139
103510
72043
62907
66991
104028
51349
15640
16584
91563
38839
76494
94302
8545
113355
20178
924
80088
64075
88389
17092
37038
92071
55790
105838
38662
57414
2998
94747
493
95945
62123
81389
48248
30038
14025
82328
47563
55183
62891
15478
83952
10175
16676
41248
5643
86089
60430
84460
40137
9835
43561
88143
112762
65282
82518
16240
105137
108561
53573
17693
70016
59281
78033
42265
77177
39952
105650
3495
20886
69831
36802
102500
72227
37462
90553
74540
76678
78987
70715
2996
75993
94745
28751
97998
10086
41344
42538
26525
6933
84919
52212
31660
15476
55974
35343
74726
91399
104544
34228
75386
107797
52980
59373
70617
21296
24035
104118
77269
100694
74809
59911
106686
79323
68191
26177
5641
86087
31053
113445
67614
52373
36360
12668
100542
39187
33988
105928
77885
40238
8287
3518
112437
83450
64013
22684
6516
98495
74974
24308
82594
49453
14115
57156
7529
41255
940
30641
97228
95428
773
85519
10368
86350
60349
62658
46645
51012
54265
85494
11992
12422
36452
32627
63856
71476
104033
99189
13958
21578
8379
93735
20893
26092
82427
97927
44497
48351
10274
86878
39352
52371
37836
92443
2068
4377
78568
107192
17973
53853
90393
1383
107985
94326
7625
24223
45798
110552
29785
47852
84926
68913
36035
51363
15483
42887
89778
16706
33379
47935
55555
71313
8133
3594
59747
29178
24409
93827
26184
114137
512
98679
9840
112596
66765
69504
84832
48952
73808
37928
58455
2331
100891
107284
37932
93988
28424
95533
74981
93733
112527
17375
13266
42979
100284
15149
18573
107641
52653
71914
109524
41345
4909
64181
5740
60356
63859
69058
96633
42293
10458
12003
50701
51361
103718
56238
59662
95087
72681
6077
37231
73620
75758
59745
22783
80384
28491
86092
30486
58111
34419
65398
62938
70274
86968
56399
33308
104568
4893
26109
97586
49229
42552
110388
26368
7891
97669
26906
45888
86816
19173
88591
64899
15064
96035
57445
108324
6340
72773
56589
50342
35807
90669
93408
57528
348
65148
8991
67711
54099
104318
58203
16874
50161
29781
52837
90492
1482
25007
95540
109708
64649
28769
95878
6868
61655
111340
28514
9866
86115
113223
88683
30509
87568
45725
113732
53345
54798
7117
72072
79258
36221
107731
108675
98269
36559
8315
44179
611
96640
49227
9768
29790
46233
41694
31785
38178
11663
16711
85958
72003
59243
58128
96317
52395
2768
93832
4822
83130
98709
85268
7649
40431
44878
63801
27921
17048
113824
86975
75158
106091
59145
105769
92031
93225
77212
34768
40250
70648
52835
99985
26913
65762
47269
44809
85967
66701
10302
50629
58137
51460
10561
88681
109275
34591
59335
102706
73548
93415
355
96384
40519
25621
58988
26281
45033
23821
74746
39981
44177
112184
25704
110668
10463
68236
111607
15511
108492
94432
70911
35975
98115
37349
1063
77563
70999
7305
3881
93321
65061
41540
47532
40684
42993
61745
15163
15956
58229
107058
30858
57118
101604
71502
93507
55318
6806
79803
109621
8581
61138
23913
43609
75953
111082
20748
64136
43584
89281
83656
91276
95209
59250
100312
103565
99293
25106
39921
104504
89902
51825
97522
20062
35812
101510
57817
65153
79538
87158
63637
27757
28872
80481
83049
48284
81704
14061
67829
16199
53018
63979
14937
50533
51477
6105
36658
57719
106974
3111
8673
7558
60036
45217
65343
48215
86404
63543
31458
81610
55488
13645
90683
98191
94616
50978
17837
109365
105711
73129
41215
57909
75697
5948
64389
40868
24855
89304
32475
35214
50542
63278
85454
86648
112812
16545
27163
28357
108611
98890
24703
61243
23847
40691
22198
48307
41380
80763
110581
83502
67318
62779
70399
37258
59434
107574
95823
57208
14935
34802
63028
8671
62343
48468
68844
30003
28889
86661
17752
1162
7404
103655
111275
41468
25455
23939
75695
109901
12097
113412
15095
103048
95122
52678
9365
106981
55676
91272
51567
54991
99573
28355
93948
4938
63379
48481
60919
24960
44906
15452
81446
36513
113602
48564
56184
107063
15535
37711
90264
30863
38371
105547
95312
52868
16988
14679
22299
55607
9271
25038
109739
23238
21188
111880
100063
68333
85970
7148
10927
76036
53630
75635
105453
13925
21545
90963
98471
52774
60394
1953
71526
103937
97356
642
113949
46773
54393
53278
69208
80853
62531
85901
103501
58330
106299
34638
98373
7054
294
28270
1600
62350
86664
6736
111972
63377
36511
51668
79043
101353
54407
62027
26147
18786
92571
1252
59714
79126
41220
43358
28460
79919
5444
110680
993
88199
10588
65876
48748
49863
30538
83943
72126
74435
104253
59616
96949
21798
97780
62442
113605
65695
79825
87445
28988
15033
16227
83336
84451
54391
73143
58608
58074
4000
71627
57923
51505
59013
54758
18878
75819
1344
317
94037
110263
59781
6651
113002
45504
47813
69818
60832
113770
101097
83242
16133
89998
72218
9038
56205
105289
70418
79041
102829
35653
94903
43273
478
79834
47465
9551
75984
21894
66985
75
82743
18887
90363
101028
95411
33701
34645
35839
72379
94555
31651
1436
58249
64240
41663
48056
22226
62724
62190
47905
47371
41746
86328
83334
17340
81818
30188
18793
35236
39854
74878
55612
63232
70940
23527
45248
4595
28041
112061
8787
25919
86151
10678
18186
11108
72133
56120
13676
104260
2898
101888
74525
38395
105287
40302
62023
4526
21888
46010
23433
62816
68015
46803
83343
45154
40644
37128
56281
52456
2295
5034
26250
6487
23619
47820
20625
27018
37979
45599
46029
114036
81988
17084
51164
52358
104352
58521
53982
102836
71369
37798
8189
56980
90096
11713
3395
8193
69222
113537
14017
33028
24723
32343
54857
76578
59371
58256
102742
2896
4441
27795
74782
64080
114128
87279
112328
16232
12407
16491
36437
102135
75286
102928
74885
4093
53398
73515
108895
79507
70521
97295
102932
41939
47138
64775
114289
47651
87978
55271
68712
31579
39087
106150
104634
13766
21386
97197
18814
71367
26434
57663
65283
44501
2733
26008
21469
43645
1877
6925
39444
105142
65904
14274
73524
109334
74977
38333
53661
51861
27025
105993
24031
110189
29593
28478
114043
83085
83878
42695
39179
104726
99089
11720
107695
33725
96629
6141
575
49362
60072
3769
79505
21991
83809
85584
50246
16675
76159
7016
37740
58801
95341
4022
40395
87286
68813
13608
62654
48779
88993
37133
34932
1978
25424
58962
6492
97385
62047
63162
22513
68210
30133
13005
85676
68548
88415
76168
31586
14458
15573
84991
38943
74368
32525
109518
40145
75566
26015
92009
52989
71912
96093
23021
49360
46900
40996
111742
45109
47418
88576
39025
16164
31492
54862
73614
76867
12848
106685
2392
20468
33909
56236
98588
49037
7269
4809
47237
40418
42193
20981
4813
64448
40393
17181
69755
50601
107193
104733
30993
101568
37131
37924
71211
73349
76773
59645
77203
97834
74973
20883
7968
42888
111325
80822
6857
17371
36123
39092
52645
100814
59297
70712
25608
28577
83209
90917
1907
92692
3682
59835
96375
20280
96884
64799
82607
52038
67538
84382
36025
58201
100207
36818
38593
39787
1192
97388
52042
32968
105230
13702
3075
76072
99192
96732
70902
25514
94932
46041
86368
49294
85683
41869
25856
30223
26971
33476
14210
17463
2067
53852
7115
100113
35359
95440
52996
40235
7090
5574
104564
3774
26105
7457
41433
40068
29867
45116
48619
89013
100191
29612
37232
14371
91008
72001
69943
11999
93292
105072
12429
36121
20049
51278
94515
57441
6958
83207
41878
66000
68138
13104
82522
16357
44592
86180
113822
15246
74471
79348
101658
5666
7975
60703
8405
92876
72245
4981
27312
59994
38268
14747
74657
36468
12947
17461
106358
77371
57533
40517
72861
8566
111493
29782
40492
87383
80305
45369
66601
695
113121
10461
29
32975
107375
82956
90576
102606
95624
31605
75502
83122
48186
77899
49409
110568
46415
47868
112622
69760
13361
53688
34422
59396
54093
39558
52577
90482
38873
73638
96474
40075
23911
69153
112808
89020
47941
82172
26454
112783
28763
49824
41782
86364
73202
36921
98176
73461
39890
92213
78338
6965
40941
99908
102702
75853
3971
351
111775
82103
84412
41968
83556
17562
85865
1481
93230
94424
106204
57179
107657
76361
14651
33403
16789
41023
55408
19528
25010
27148
4303
98875
40167
25348
26463
45215
27657
94766
95881
89112
84573
11501