843
0
1272
785
277
127
962
77
535
48
404
1370
425
1341
1320
354
296
73
421
1206
1287
800
1237
221
977
490
1325
440
898
188
1044
536
28
1371
457
923
415
1271
407
9
1352
734
336
286
765
257
634
1113
76
1288
374
730
332
1188
274
1109
203
93
1059
551
1009
401
291
547
39
1026
120
1303
1274
1253
1174
487
864
204
612
54
1020
402
1368
991
860
1339
1318
1297
1268
731
223
152
652
1343
500
1335
1285
400
269
1235
219
1185
119
954
69
417
896
11
367
1333
338
1283
36
305
284
1119
234
1200
482
105
453
1136
1167
528
151
907
378
878
370
349
1315
807
320
1105
903
853
337
803
1130
1101
564
166
1001
514
493
6
972
485
841
233
102
1047
997
2
1345
1316
431
381
1216
839
281
121
579
558
21
1212
725
654
248
117
17
1331
1310
794
215
1152
1348
1327
1306
950
769
740
1198
661
640
988
590
103
561
430
888
24
3
1346
859
1317
1296
636
128
99
20
397
1342
1363
1313
1182
784
297
1263
218
168
982
118
1309
314
1259
772
264
214
1049
164
622
135
949
441
1357
891
362
1147
283
945
458
60
916
31
887
1243
379
1324
1214
1193
1164
1143
19
854
477
1312
935
804
1262
398
246
225
96
46
1258
721
323
1179
244
134
621
1079
113
84
1029
877
767
340
688
261
240
130
538
51
30
996
1344
1323
946
328
409
1223
736
199
47
26
1369
484
1319
426
782
405
326
276
145
980
553
503
393
37
16
851
830
1330
1157
41
12
978
868
1334
818
797
310
1276
289
718
210
160
110