0.0,1.0,2.0,3.0,4.0,5.0,6.0,7.0,8.0,9.0,99.0,100.0

------------------------------------------- 
0.0  0.0    0.0  0.0  0.0  0.0  0.0  0.0  0.0  0.0  0.0  376.0  
0.0  153.0  0.0  0.0  0.0  0.0  0.0  0.0  0.0  0.0  0.0  236.0  
0.0  0.0    0.0  0.0  0.0  0.0  0.0  0.0  0.0  0.0  0.0  380.0  
0.0  0.0    0.0  0.0  0.0  0.0  0.0  0.0  0.0  0.0  0.0  389.0  
0.0  0.0    0.0  0.0  0.0  0.0  0.0  0.0  0.0  0.0  0.0  387.0  
0.0  0.0    0.0  0.0  0.0  0.0  0.0  0.0  0.0  0.0  0.0  376.0  
0.0  0.0    0.0  0.0  0.0  0.0  0.0  0.0  0.0  0.0  0.0  377.0  
0.0  0.0    0.0  0.0  0.0  0.0  0.0  0.0  0.0  0.0  0.0  387.0  
0.0  4.0    0.0  0.0  0.0  0.0  0.0  0.0  0.0  0.0  0.0  376.0  
0.0  0.0    0.0  0.0  0.0  0.0  0.0  0.0  0.0  0.0  0.0  382.0  
0.0  0.0    0.0  0.0  0.0  0.0  0.0  0.0  0.0  0.0  1.0  0.0    
0.0  0.0    0.0  0.0  0.0  0.0  0.0  0.0  0.0  0.0  0.0  1.0    
------------------------------------------- 


LP: 67
LN: 0