2207
356
437
156
3808
2784
3627
3090
1320
833
2634
783
2503
908
321
1585
3386
3255
3205
3155
2974
3411
1560
1073
1204
2387
2337
486
923
2287
3601
336
2137
286
1650
3807
1775
1725
3526
2939
2352
2302
451
1715
1228
2377
2517
2954
1103
79
2367
1880
29
2317
2005
1955
104
3169
1318
2682
2988
2532
194
937
2170
2607
3384
3740
1970
1483
1433
3640
3153
3590
1383
1333
2647
796
2285
871
384
2235
2672
821
1648
3449
3399
184
2987
3374
1523
1036
936
2737
3564
1713
2200
2100
1613
249
18
1738
1251
3052
3489
1001
2365
2134
1728
1903
3704
133
3167
1316
1803
1753
1703
2530
2917
529
42
835
2068
654
2455
117
3769
3282
3719
3232
1381
17
1818
1231
694
3207
1356
2670
282
363
2033
263
1496
3297
3653
1933
3734
3247
32
1396
3197
3553
3147
2660
1165
934
3462
1611
197
3768
3362
147
3312
1636
1099
3387
1536
1049
2263
362
312
1626
1932
81
2288
1882
1701
2965
427
1791
377
733
2403
146
1816
3567
3080
1229
1179
2980
2849
2930
1029
2262
2618
2518
2468
1981
1831
1294
2608
2964
3045
1013
882
963
3120
863
326
2046
2483
3797
3666
3616
3079
3160
3385
1128
3285
947
978
797
310
2598
2111
2061
3375
160
1961
1474
1780
3450
3400
425
2226
2176
581
1945
94
2201
3515
1614
1564
1077
2828
490
2778
2903
696
1879
2316
465
2266
9
3093
3580
1729
3043
1192
3480
1142
2862
2943
605
2893
2406
1398
3068
2581
1117
630
2481
1944
3745
530
174
2381
1894
3695
480
3514
3108
3464
1432
3720
1463
3183
976
3133
876
3083
2546
695
2009
645
595
3629
58
1422
1678
2034
1628
1984
3248
3198
860
941
2561
2074
2024
3338
2686
479
1662
2876
3313
2826
1412
388
775
594
1677
2114
3428
1527
1477
2841
940
2304
759
709
2916
659
2866
2379
3693
478
1842
22
378
3493
1155
1361
874
3568
3031
337
1180
1130
287
3758
1907
187
137
1857
6
2344
493
3658
1757
3477
1270
1707
1576
1476
989
939
2659
808
1295
2609
1195
658
121
558
3236
3592
1872
1385
327
1641
3361
1591
1104
1947
1897
873
3111
1260
1856
1756
1706
3426
2062
1656
2012
1606
1375
351
1144
2458
2327
2277
20
2227
1640
1053
1490
953
3516
822
3060
2929
672
2829
3656
441
3606
391
3556
3019
1168
3275
3631
1293
2994
2507
2944
1093
606
2457
2894
687
556
1043
150
1870
2357
19
3721
456
2257
1770
3571
2076
2026
3746
1489
3209
952
3159
902
3109
3059
852
802
2522
752
621
1985
2422
84
2372
1885
2191
340
1704
1654
1960
1910
1423
1504
1860
1454
3174
1323
3124
1273
199
2356
505
2225
455
1819
2206
1719
1669
1975
3289
2752
3364
670
3314
2827
2371
2727
2240
2321
2677
239
2040
1809
3479
1272
2942
3023
2842
504
585
535
2255
48
354
1718
304
3469
123
3288
73
1437
23
3594
3057
1156
750
2470
619
700
1056
569
2857
650
2320
3684
2008
3759
138
1452
734
2535
684
1121
2485
3799
2741
2204
253
1617
1517
3724
1467
1336
1236
2419
1005
2675
2138
2088
1551
1988
1220
3508
3021
2971
2840
1070
2384
1020
2740
383
2103
1566
3673
3186
3623
3136
1285
3005
1772
3492
3086
3442
2986
2855
548
417
11
367
3707
1400
3607
1837
1219
3507
3457
1200
2920
1069
2433
663
2383
563
788
301
251
1565
1921
3185
3622
3135
1771
3572
1721
1234
3035
2548
2448
597
2267
2167
216
1936
3737
166
1399
1530
1480
3200
1299
3100
1249
3406
531
2332
481
2688
2232
2182
2132
3752
1901
3265
1133
2803
2884
365
2603
2066
215
1579
1835
3636
1785
1298
711
661
1017
3305
2281
2718
24
380
867
149
99
3620
3651
3520
776
1132
2983
3420
545
495
2783
801
2115
751
1884
1965
3635
1247
1634
2998
2767
916
2230
2667
2130
2030
179
1899
1980
3650
1799
3163
3600
2932
1518
2345
931
444
2732
3088
2195
294
2014
2095
113
3765
1914
2220
3453
2997
1096
3303
3253
559
996
1798
3112
3418
1030
3318
1111
524
2731
2244
830
2400
814
764
177
3648
3548
1697
1210
1291
3011
3317
2780
929
2730
2599
2193
779
292
729
192
2399
1862
1275
267
2895
1044
3151
457
2614
844
2564
2514
2027
2108
2464
1927
1746
382
3416
3497
1646
3366
3447
1059
1009
2729
959
2679
422
2579
497
1861
1811
447
1274
3331
943
1024
2463
75
3677
1826
3496
2959
2528
1941
1810
1891
3024
1479
2793
892
3180
742
2106
205
2006
3626
2081
230
3264
3214
1444
2708
2221
3014
757
270
139
1940
2196
3510
1022
2823
2773
2642
254
2898
2411
2361
460
2261
3294
2807
906
3013
2526
2476
2426
1939
88
38
3509
3409
1558
1071
2922
2872
665
3228
1327
2641
790
2541
2410
153
540
53
1854
1367
1979
128
3343
1929
1392
1292
2962
2475
2119
2556
705
2912
2069
218
655
2375
1888
1969
118
1838
1994
3227
2821
1357
2621
770
2571
358
3523
2159
3342
2936
3779
1035
2836
985
2705
448
2605
1110
2911
2424
2811
3588
1150
3794
1456
1537
3257
1406
3563
2539
2489
2339
1852
2289
1671
1621
1571
3191
1340
2991
2373
2323
116
2404
3587
1736
2042
141
3125
2719
3156
2569
2032
181
2469
1851