2644
437
2107
1957
1470
3190
3627
3221
2734
3171
2684
2584
1089
602
858
321
2072
1585
3255
998
948
898
1254
1123
1073
1023
536
486
3601
386
336
286
3370
1519
1419
3139
1188
2989
2502
1138
651
1088
551
501
2302
1815
2252
1765
401
1715
2377
120
1353
3104
1203
2567
2517
1930
79
2286
516
1880
641
235
1468
1418
1855
2582
2045
2482
1343
856
937
2657
806
319
2070
300
3334
119
3771
3284
1433
3153
1383
2747
2697
846
3134
2516
1102
1458
971
871
334
3499
284
2135
3399
184
3705
3655
1217
1036
2837
2787
936
1713
299
1788
1869
1738
1688
2902
2415
464
1828
2084
2
3554
1703
1216
3017
1166
679
2480
1066
579
217
198
3282
1431
1381
3669
3182
1231
2545
2495
869
463
413
282
2083
719
2520
2033
3347
132
3734
1883
3603
3247
3553
1346
3503
1165
3322
934
3462
247
1611
2048
1998
3718
3181
1767
1099
2800
2750
899
2213
362
2113
2288
81
1801
1214
1601
2965
1014
527
477
2228
2940
683
1916
2353
502
96
3130
1279
3567
1716
1229
3080
3517
2799
2393
717
2518
130
211
567
80
3245
30
1831
3632
1781
1294
1244
3045
2558
707
1013
882
476
426
326
2533
2483
1996
3666
45
3697
3385
1534
1615
1971
1078
1028
2748
697
2061
3375
3325
110
466
3681
1699
1961
2136
1599
3350
2863
3300
2813
425
862
2226
275
2788
94
2301
1895
3615
2201
1714
3515
1664
3465
1614
977
440
259
2466
696
2416
2903
646
1879
28
515
2316
465
2266
415
3530
3043
1192
1142
2456
2893
911
3118
2581
730
374
324
680
2531
3745
530
2331
3514
3545
1076
1432
1513
1382
1332
876
1232
826
2546
208
158
595
3760
1859
3579
1191
3348
3785
1091
1447
3248
991
3148
760
710
223
2024
173
1974
429
2149
3413
3363
1512
3263
925
875
594
2264
2214
7
2164
1090
3328
940
1246
709
172
478
1842
72
2229
1742
3543
3006
2956
3131
874
1230
3081
1180
2981
774
643
2494
724
2444
1907
56
493
6
443
3527
1807
3558
1576
1526
3683
989
2659
808
171
3773
3642
3236
1872
2097
1104
1054
873
2624
773
186
2212
442
1625
2062
3376
2012
1375
838
2864
2458
607
2327
70
507
2714
2127
2077
3391
2854
1309
3029
3516
772
3060
672
541
2342
491
572
85
441
3456
2969
60
3631
1293
3225
3581
887
3175
837
1193
1093
2894
556
506
3621
406
1770
3571
1539
3259
3696
1489
1795
3159
1389
902
1258
852
1208
721
1158
671
752
2372
340
1704
1654
240
1604
1554
1373
1273
1223
199
2662
1819
3439
3389
1538
1488
851
2521
1107
570
2371
33
2240
339
420
289
1653
3304
3042
1222
3023
685
2405
554
635
2305
3619
404
3569
2205
354
1668
304
3469
2982
1131
1487
3694
3288
1387
1256
3057
1206
1287
3007
1156
1237
1106
2420
213
2857
600
469
1602
1958
238
1989
965
3172
3609
1271
2435
403
2073
2510
2460
1973
3287
3237
1873
3674
3187
1336
1417
1286
1236
2906
1055
2725
468
2188
418
1782
2138
318
2715
864
533
2740
402
352
383
252
1566
1516
3186
1772
1235
3392
698
2855
517
2805
598
2318
136
86
36
3070
1219
3457
763
1200
713
663
1019
2820
969
2333
3647
788
201
151
1465
1821
3622
1771
878
1234
1315
1184
778
2985
853
2167
316
803
2117
2067
1580
3250
1349
3637
1249
2613
531
968
2769
2282
431
2638
2232
281
2001
3802
1951
1414
3215
3440
1670
2934
2447
2884
1033
2166
315
396
2116
265
3430
215
165
1835
1198
3355
2868
1017
611
2231
3670
3570
1313
1182
1619
2983
1213
676
2833
2652
2165
314
2602
2115
164
1884
1478
1834
3635
1784
1378
891
1734
1684
3048
1147
2948
2817
2767
816
766
279
2486
1999
2080
1949
2030
179
3750
1493
1749
1262
3419
1568
3369
1518
1031
3238
494
444
2195
2551
344
2064
2095
244
2451
3278
1427
3584
3534
2997
1146
3353
2947
3303
2897
3253
2847
3203
509
2797
328
2616
2129
228
3393
534
47
2335
1848
1798
1748
1261
1030
1111
930
830
343
162
549
3633
1863
12
1376
1813
3533
1326
2946
2896
639
2359
2128
277
2565
2028
664
127
1847
1491
3548
1597
3317
2730
879
292
2499
2093
242
2043
2349
3713
92
1325
1762
3126
2945
3301
3251
3332
2664
2745
2614
3051
307
207
76
382
3547
1009
2810
909
422
372
728
3762
547
3712
1861
447
1811
3612
3562
1711
3431
3512
3381
1124
2844
3331
587
3231
893
3000
1149
3727
1826
1776
1645
3446
2959
1108
2859
1008
1314
827
777
727
90
1810
40
1760
1404
1354
3330
115
1379
305
2593
2106
742
205
3776
2006
2362
1825
3626
3495
3445
1594
230
2081
2031
180
3264
3014
2527
807
757
1990
139
220
3791
526
395
345
3410
1559
3279
2873
3229
3179
922
2592
1047
560
1824
2261
360
3525
3475
1624
2807
956
550
1212
2963
1112
625
3790
1252
1202
1558
2872
665
1864
3665
1277
790
1227
2591
3028
1177
2410
2491
2360
2441
3524
2160
1492
905
3193
1342
855
1292
3012
2119
2475
2962
2556
705
2912
655
2375
1969
3689
780
3458
2044
3358
143
3177
920
2721
3077
2590
820
2571
720
2796
358
2159
3523
2886
2836
3142
398
754
1110
2911
1060
573
523
3638
2274
1737
3407
1456
2770
1406
3076
1712
2926
2439
588
51
488
438
1265
1215
1652
26
1390
3628
2554
1140
653
603
2404
503
2042
191
3356
1505
3793
1455
3206
2719
3075
2669
3025
768
2975
2488
1851