466
1322
793
685
1062
106
77
933
425
1370
354
304
1160
1241
979
471
73
23
1256
1077
213
1027
650
92
469
1325
440
419
1123
1023
515
973
1321
415
915
9
1352
815
634
715
605
76
374
730
353
1188
1109
203
580
1336
1257
749
89
120
976
1353
1303
876
389
208
993
108
29
1170
235
910
512
402
1297
302
383
1139
144
479
450
319
1285
269
350
698
169
954
61
875
367
338
1283
136
115
971
594
107
434
871
384
7
842
1300
792
763
1200
713
969
432
1267
628
1086
659
151
1007
22
1365
878
270
1230
853
366
824
237
1072
6
87
1270
741
254
610
989
1316
918
410
889
1245
331
658
281
121
1364
327
1133
625
1104
88
38
1360
1331
1310
1281
1260
744
236
1181
1071
694
34
869
5
463
282
740
719
1198
690
669
611
103
24
1346
330
1165
1034
99
507
397
855
776
705
218
147
576
1280
591
135
820
262
1097
458
656
279
229
687
506
129
1362
964
477
935
448
1262
225
15
96
444
373
1208
721
134
592
63
919
521
390
767
361
798
1146
211
836
328
409
1223
707
309
534
1013
1369
1340
455
1290
376
732
245
674
624
95
574
901
393
670
112
91
12
847
339
1145
739
718
231