1068
1047
52
1039
1222
481
460
1316
685
410
585
708
629
1087
725
1183
1054
619
213
192
600
723
1000
1327
209
565
536
363
719
232
457
661
407
9
917
32
511
257
605
97
911
1238
586
78
324
397
224
197
676
1053
401
147
118
424
293
193
114
716
666
645
391
1074
864
60
916
633
379
583
991
483
831
1014
760
129
935
50
246
856
777
400
748
96
452
444
46
548
671
925
1129
621
571
317
63
288
369
688
311
892
1075
538
305
30
234
409
1011
1244
707
309
1013
505
1319
1311
405
1007
1190
428
1161
399
878
1234
1184
574
299
524
1338
853
824
337
549
1151
520
978
339
1326
187
289
1001
747
739
189
1299
435
160
618