44247
45611
19247
18760
49082
54891
43560
2784
20411
19924
35213
13915
44237
11577
41899
53486
49784
40304
7644
6280
22933
39617
5593
3255
25948
54906
51204
40750
28055
25717
52824
22015
42857
29188
54444
12304
40775
2337
20841
17139
36617
3957
34279
24799
11617
1650
20641
20154
44923
5608
28526
42841
31997
22030
18328
39170
25501
14170
9981
32187
30336
49327
47476
26178
13221
36401
54905
51203
10914
41723
47014
56525
14872
13021
35227
29187
48178
4187
2367
38467
28987
55607
21096
51418
7914
56740
22716
47747
24567
41707
31740
18558
28069
56540
23880
52351
13913
41020
32904
6540
44004
6278
17640
52797
34062
54904
14615
41722
31755
4904
35713
22044
52366
50515
10713
14153
37333
19475
6293
28986
25284
55606
56970
44275
34308
1648
31970
22977
53299
38266
37779
26448
54919
14630
50730
9564
39886
11184
41019
6995
24135
48679
55821
54457
46341
21828
54001
17639
40332
55621
45167
11143
41952
26432
20167
5621
39870
26688
24350
55159
47043
15357
47530
56523
45679
30159
22530
18828
7010
56323
54472
12332
44018
2365
32687
20869
34794
2134
26191
55149
53298
43556
32712
1903
22745
13265
39885
37547
29918
45207
12547
22058
48191
13711
38480
42
27149
36398
25067
16951
13249
5620
18571
28082
41520
31553
19991
16289
14438
55604
4471
3984
32455
21611
53784
6091
5604
35926
26933
28784
56768
14628
41735
3297
30404
19073
56081
14428
56306
7024
4686
33644
20462
52148
40330
23933
50974
37792
3768
26461
56296
11428
39899
3312
21164
54701
49148
7008
29701
27850
54957
44990
21354
12361
48461
40832
29014
24825
40114
312
19303
20667
15114
1932
81
39883
19072
17221
14883
43354
30172
18841
48676
39196
25527
16534
53998
14683
49840
55649
51947
13734
4254
21394
20907
11427
7238
13047
4931
3080
32038
22071
18856
39211
6551
27880
26029
24178
14211
46384
1029
40344
8171
31576
56120
55402
42220
43584
36211
48706
14451
36657
21624
51459
6591
38764
44086
41748
20706
54468
47326
6550
23690
54012
40830
29499
53781
9821
7483
37805
36441
34103
53094
11441
43614
1961
1474
5401
49648
11210
56334
16532
52663
54027
15845
13994
53796
10292
46167
40127
31134
2176
9836
1945
55672
5416
34374
2201
30185
35994
29729
55862
45018
46382
33687
31836
21382
38522
34820
32969
46407
35076
9589
38547
8225
28093
3093
1729
30200
29713
46853
37373
56364
52175
2893
22109
53795
38762
30646
50124
47786
13762
6133
1944
32266
20935
14926
5446
41059
3108
31579
19761
17910
20473
6804
29984
37126
48488
4497
34819
25826
15628
45950
45463
39910
49421
48934
14910
37603
49190
48703
46852
12828
35521
22339
7306
29512
27174
23959
54281
25323
12141
47785
26487
56809
53594
44114
11454
45478
3338
39925
36223
26743
8008
38330
37843
47354
48718
7065
2876
29983
50825
50338
46636
29527
25825
46667
32998
44585
19554
55685
7767
38089
33900
24420
18867
49676
37858
54511
16073
44544
12371
29511
49866
46651
46164
36940
34602
21907
13791
11453
10089
29080
4080
5444
378
17031
8915
25568
14724
14237
19784
41113
8453
36924
28808
16113
42246
21435
42277
17246
7766
40426
24906
55228
41559
1270
28377
56361
45517
43666
29997
54279
35319
1295
808
56161
52459
17948
11683
40641
6617
6130
36452
25121
47814
21450
53136
39954
7063
37872
30012
29525
42963
35334
44327
17963
40169
23285
13318
10103
4063
23054
11236
40194
7534
28863
54996
16558
45516
18409
32334
22367
54540
52202
48987
9185
37656
44829
351
21905
44111
27714
55698
45731
36251
34887
32549
51053
42060
5698
30242
27904
16573
43680
50853
10564
38548
31144
56400
50135
46920
48284
6631
44582
36466
14747
29093
57077
17762
3606
30226
47366
26555
7333
22622
20284
8953
6646
44110
2944
36481
606
30928
51770
42290
40439
39952
30959
36250
1770
30241
20761
55497
14490
37183
3159
23514
51985
41141
55943
13803
20976
19125
36752
36265
28861
49216
9901
34670
32819
32332
24216
54794
13141
50149
9860
29338
25149
55958
15894
44365
26769
7578
13356
20529
40884
42504
33511
31660
5942
2240
51066
11751
43924
37884
18924
24702
13371
5742
3891
43693
18693
18206
47164
33982
33264
19595
40437
55239
15437
53388
44395
42057
404
8064
30270
24717
16601
36304
20297
11304
10817
56428
48799
55941
36494
2470
23799
21948
11981
48081
6428
57105
39734
34181
55510
46030
13370
49014
22650
50634
8981
8494
36965
23783
1121
32807
20989
40467
7807
42056
2741
38354
28874
36534
4361
49485
28187
18220
54807
14518
35360
21691
10360
27500
21460
55740
13600
32591
47393
13369
37913
52715
11062
9211
56186
15020
54104
14302
44624
10600
52253
27740
14071
44393
4104
2740
50202
43937
37897
36046
27053
55037
14748
5755
24259
52730
9226
43475
3673
33995
39773
30293
49284
56426
45095
3442
13830
30970
36779
5739
37912
27945
49499
39532
36317
34010
56928
50663
16639
45110
12450
23812
55985
21474
51796
40465
663
30985
53416
42572
34456
33969
27052
24714
23350
30036
7374
37209
3185
54349
20325
50647
18018
52298
51811
43043
16192
49729
8076
17556
44176
36060
32845
48365
23365
22878
55051
51349
11547
43720
43233
216
41869
26836
26349
18720
54820
15018
56671
5538
3200
53000
52513
50662
8522
39331
26149
29589
21960
37249
27769
34911
15951
52538
42571
10398
28902
18935
55522
44191
43704
36075
30522
43735
41397
40033
7373
36100
35613
34249
45124
11100
33793
56224
50446
44893
37264
21257
41868
215
24759
43975
11315
1835
32157
28455
22677
26117
18488
5306
36115
33777
55983
12966
12479
10628
661
50461
17801
49974
44908
6470
2281
24974
23123
37925
26594
47661
7859
5521
55321
3701
7141
29834
16652
48338
7172
37494
3470
54634
20610
20123
52783
42816
23594
6485
36807
12263
4859
25701
21512
46056
42354
10181
21056
17354
15503
45338
24040
54362
51147
41180
7643
44651
37022
1634
33807
14098
5105
4618
40718
29874
21758
10427
35196
13898
19189
13411
26362
15031
35386
12724
10873
18271
16420
37749
33560
46773
52551
931
444
29402
21773
17584
7617
27095
2095
7873
9237
26864
28228
15046
7642
3453
52766
14328
45137
14815
27766
3253
38410
25715
47921
17112
32401
15030
28468
50674
9508
20608
10641
14599
2781
34954
53945
53458
52094
10441
40276
9723
55334
43516
9492
40301
51176
37020
25689
25227
51847
4416
34738
27334
50027
46325
45838
7400
7887
32656
12722
48853
54175
52549
42582
929
29400
51862
44233
729
32671
32184
22217
53026
43546
13224
41208
29877
267
32440
52308
44904
5102
42597
31266
48406
35224
2564
33373
4415
34737
19704
26390
9993
49308
36613
17166
15315
53266
18299
56250
45406
14597
33588
34952
31250
22257
50241
9952
2579
46339
28481
21339
28512
26174
22959
56496
25943
55809
11818
42140
37074
6265
23405
50025
38694
36356
45867
45380
4214
9505
18529
5834
3496
25702
14858
20149
50471
14627
48876
40760
37058
27578
23389
14396
44231
31536
51891
48189
10238
4198
34520
43544
1891
37991
26173
17180
47015
29644
10909
18082
46553
27593
51875
45866
38237
32684
34048
13237
5346
53295
35924
37288
56766
56279
24106
39395
38908
33130
18097
14395
6766
35237
25270
49552
270
17410
9519
28997
26659
17179
15328
45163
3997
12990
30617
5617
37303
56294
12303
18112
48434
14410
17625
56063
36616
3956
25510
17881
23172
48203
2361
17650
39856
26674
26187
56509
54658
9790
1674
31509
48649
47285
3294
2807
36831
29683
21567
52376
48674
4683
55847
10492
40814
10005
30847
28996
47987
9549
26202
53309
43342
39153
31524
19054
50740
48889
47038
10938
51227
37071
18567
23889
16260
54211
44731
41029
33400
19244
36384
25053
53524
10020
41706
540
30862
27160
28524
18557
45177
5375
33846
26442
34102
1929
18582
18095
35722
56077
23904
14424
44746
42895
268
29226
28739
19746
31077
32441
26919
1888
21366
53539
11886
49350
36655
11624
17433
49606
34086
52590
10937
43110
2821
33399
25770
13952
38721
32943
770
48457
10019
34301
23457
24821
48001
12126
47514
34332
3523
19299
18812
5143
39423
2836
25754
47960
4943
36629
42407
36854
54481
4712
51687
45647
6332
55158
45678
51456
15125
5645
35967
22298
52620
52133
37587
4927
3563
25051
40340
30860
29009
28522
19529
56993
49851
1671
57024
51471
11669
9331
10951
38058
27604
25753
2373
27404
54024
53537
52173
9546
7695
16719
37786
28306
19313
42231
34115
22784
51255
49404
40570
38719
17908
8428
13719
44528
13750
20892
44072
15339
22999
20661
3808
9099
32279
47081
22081
50552
12601
2634
40585
49834
40841
17205
32494
49634
7494
7007
56320
15154
52618
11452
44989
18625
56576
18138
19989
48947
56345
55858
17907
46378
29007
51700
9560
51469
45204
18840
46824
5171
3807
54484
5427
24418
48700
37369
52171
12369
10518
32724
551
45675
24377
13533
50997
52848
49146
31550
13302
37584
28591
11220
41542
51930
46864
21377
2417
29037
51730
43839
47766
7252
25104
56790
34128
51268
16757
5913
23930
22110
46392
38763
33210
23243
21879
46161
12137
44310
2170
39665
35963
26483
45474
3821
41285
9143
3590
56118
8912
40367
55656
46176
6374
2672
821
32507
31143
38316
56820
53118
12829
41300
20002
25780
37854
28374
18407
48242
37398
35060
23242
52200
19540
54051
48498
6845
27200
57035
3564
1713
2200
26482
54497
24887
22580
22093
49200
39233
5209
29753
12382
44555
4266
29035
19555
10075
7737
38059
27215
53835
23026
40166
1728
24646
54968
22795
13315
49415
53117
19580
33439
48728
38761
6588
55901
52686
44570
40868
40381
27199
48041
10090
11679
6126
38299
36935
5670
11448
2455
117
32290
43621
30439
41801
41314
7290
54752
14950
52414
45272
41570
41083
39232
33454
27901
21892
25819
50363
17703
16339
46661
56628
4521
16114
31141
48281
17472
36950
24645
55454
45974
3834
1496
32305
29967
28603
19123
9156
8669
6818
54280
13991
41098
2660
33694
22363
43205
42718
7330
37652
39016
25834
18205
4049
51511
56833
13329
12842
3362
147
30469
33684
26280
50824
48973
16313
16800
11247
7058
30238
56371
54520
46891
44553
4751
1049
21891
39031
38544
13544
11693
362
29320
15164
6171
47337
3833
26526
56848
45742
43891
5940
41553
52915
52428
49213
9411
46875
18891
5222
26064
43204
41353
31386
10088
25377
21188
44368
377
34626
30924
24659
13815
47577
9626
146
5924
17286
55237
47608
33939
29750
20757
18906
48741
27930
33221
25592
54550
52699
22377
13774
27699
20070
48541
44839
10328
28832
55939
17501
3832
2468
11005
41327
30252
10805
26319
35343
36707
20310
17972
48294
10343
6154
15665
2483
32318
53160
16798
3616
28160
10789
8938
3160
37896
3385
50360
41367
56169
51524
42531
36491
13829
28631
28144
53400
43433
8045
45540
52713
20540
23524
46217
42515
4077
40664
28846
40208
28877
49457
32086
55266
22606
53415
39746
33737
48052
8737
40423
57076
44381
36490
21944
23308
44150
11490
38597
28630
3630
32588
9439
14761
44596
31414
30927
29563
605
23523
53845
30696
48323
6183
1117
32803
51794
11505
49456
174
28645
26307
56629
41596
1794
32116
29778
52958
18447
10818
16596
31167
52496
42529
876
36976
54116
17529
23307
19149
26809
24471
3885
21025
18687
12909
49009
6869
56669
56182
46215
3198
17544
53644
2024
21015
53413
51562
43446
9909
30264
17082
14744
45066
36073
23768
11073
10586
39544
27726
56197
44866
44379
388
30710
21717
50188
38595
32817
47619
7817
45768
36775
34437
55279
19404
9924
13395
3428
55725
52510
16148
48321
2966
32801
55981
54130
20106
11503
40461
7801
36759
55750
14097
32114
51592
52956
39774
5750
35585
14287
41394
40907
2956
31427
43014
1361
874
6652
29345
16163
25187
22849
11518
48105
187
26807
47649
1807
52484
37938
9205
20567
56667
49038
47187
45336
44849
6898
12676
54360
21700
10369
6667
13840
22864
49971
48120
5980
15229
5749
3898
21038
40029
1591
56682
56195
25873
48566
44864
873
52524
6682
6195
27037
25186
44177
9666
39988
55764
52062
49724
13137
11286
30277
19433
55046
47417
15244
7128
49037
1606
40921
37219
29590
26375
21243
52052
6210
40946
10137
19417
41623
30292
56912
14772
5779
31912
24283
52267
20094
10614
40936
39085
27267
25903
25416
15936
9019
37490
4830
33301
21970
13854
49985
24954
55763
13623
44432
45796
30276
19432
17094
39300
7127
28456
56927
17125
22416
54589
53225
16638
34003
22672
51143
12705
43027
56465
16663
44647
4845
6209
33316
2994
19647
17796
8316
687
31009
26820
15489
15002
42109
456
28440
41653
47431
45093
3927
19216
18729
49051
31680
20836
51158
43042
9018
902
31711
47877
2522
23364
21513
8331
45795
47646
54819
13391
36571
36084
22902
50886
7869
32413
7382
1860
34033
37504
27050
25199
46528
15719
46041
42826
24968
13637
40257
1819
15744
34248
30090
15057
50701
50214
48363
40734
8561
3008
670
50470
19430
8099
38421
30792
30305
18974
45594
45107
239
56725
56238
53023
18999
50685
9032
22470
12503
3023
15974
4643
42107
33114
24998
38436
28469
13436
43271
22685
43527
11354
23
37487
37031
1156
50469
48131
6478
28684
25469
14138
2320
3684
32642
21311
11344
11569
31924
17378
50915
18742
7411
37246
20849
52535
29155
40517
21782
9964
5775
55575
51386
1617
253
54857
7426
44890
3724
33559
51186
12748
7195
37517
6708
8559
48392
54170
6477
34948
40270
30790
5790
32897
24781
41921
7410
37732
47243
43054
24094
12763
12988
3021
6979
5128
21294
44474
40772
30318
47458
2103
53267
50929
35896
26416
56476
17161
24334
50467
39623
56276
16474
41664
40300
11
27118
15300
36142
5333
38218
25036
22698
39838
12500
54184
10680
42366
27333
48175
11813
34506
53010
53722
44242
251
32424
18755
15053
34044
24564
20406
48390
44688
3035
23390
34977
40786
34746
27117
21077
12084
49548
40555
38217
26886
18770
45390
35423
1399
29870
8572
40745
15745
6977
5126
25968
27332
54439
14637
12786
23630
42621
40770
2332
481
55803
55572
15770
2132
55372
47256
44918
34074
18554
52091
11150
10663
27803
18323
50009
33125
56305
8125
29454
36627
51429
50942
11140
41462
38247
11627
49578
37760
28505
16687
26198
22009
12529
42851
39636
711
27331
16487
44471
33140
19958
51644
52131
42164
24
36611
28495
24793
15313
44271
11611
40569
26900
26413
13718
20860
30371
29884
18553
56504
3520
33842
35206
22024
47701
4684
33155
19973
44255
51915
38246
7437
34544
1884
25064
55386
26428
18081
13015
35221
10708
48659
40768
31775
31288
10477
37097
27617
55601
41932
40081
2130
40568
49105
15081
45403
5601
1899
22254
19039
43583
9559
7708
39394
37543
27576
48905
5626
35461
25494
10461
30816
27601
27114
50294
48443
6790
3088
13476
43798
10261
40583
294
30129
16947
15096
34087
32236
24120
41485
14634
6518
55831
52616
52129
13691
996
13947
44756
2385
23227
21376
5856
36178
22509
9327
31533
16500
14162
44484
3318
53508
11855
8640
37111
28508
17664
47986
48211
6071
36393
28764
43566
2400
20904
37557
26226
54697
52359
16515
46837
32681
23913
16284
25277
51897
21606
21119
49590
4235
20888
45919
10044
13746
40366
32250
41730
19068
51241
48903
47539
16730
22539
52861
38705
3317
35490
33152
29937
18606
50779
31101
292
27399
49605
35936
2399
25092
55414
51712
39894
32265
29927
26712
54696
11192
8854
24630
53101
41283
31803
19498
18134
34787
24820
28778
17447
44067
5629
43836
11176
41985
51009
7505
44969
56331
22307
14678
44513
1009
28993
47984
24835
11878
32720
23240
21389
20902
11909
17200
55182
52844
43851
9827
48686
3331
33166
26024
54495
19984
50075
48711
36893
21373
45917
40364
75
17702
17215
55197
53346
20686
52859
41528
7017
26495
20230
37370
4966
41066
32950
51941
49603
47752
10288
6099
36908
26454
13272
7719
32263
15379
13041
7263
35734
54725
22552
52387
11221
48685
41056
23916
1479
21834
39461
14461
12610
32965
30627
15594
6114
9585
32278
55196
18834
5652
24643
44998
28114
50320
47105
48956
44767
16296
36651
33436
32949
23956
51940
50089
10287
38758
44080
34600
1940
35964
36189
25345
55667
23007
53329
43849
39204
24658
12353
6831
44295
55657
24848
22997
44551
42700
4749
33220
2898
29031
51237
38055
20684
45228
43377
52857
41526
50550
39706
5682
56359
55872
19997
54277
17915
48237
39244
4733
1939
88
21417
17228
48037
36219
55210
52872
42028
26508
48714
2872
37608
35757
16310
47119
42930
2641
32963
790
51954
48739
48252
38772
2410
25590
15623
51723
43607
11434
38541
45227
32045
22565
18863
13797
53112
1979
128
33665
54994
50805
37136
54763
41094
1292
15607
38787
4763
13756
54953
53102
1969
38556
51020
42027
8003
56829
45498
33680
28614
18160
14489
52440
10787
51953
40622
31142
27440
15622
44580
46431
6142
358
30193
18862
47333
8895
39217
45482
3342
24671
12853
1035
29506
22364
25804
14960
14473
4506
22133
53819
4762
2424
32746
21415
51737
11935
39919
34366
57059
53844
53357
14919
45241
15406
32546
17026
15175
45497
5695
5208
20497
14719
31597
41108
33248
32761
19579
19092
40421
46199
15390
4059
7530
30223
7786
7299
37621
47132
44794
33950
33463
31612
7099
54074
14272
11934
42743
116
30438
48065
24654
54976
47834
17025
11472
22347
49454
3125
16825
46660
33478
52469
20296
44578
35098
34611
4289
26982
41784
2207
356
56842
22818
15189
5709
30478
18660
9180
8693
3627
22618
12164
33493
833
29304
14271
8493
10082
31411
25858
45726
4073
19362
18875
7544
39717
34164
50848
45295
44808
46659
21659
18444
1560
1073
33733
23766
4544
17757
15419
13568
3601
17039
45510
31841
6841
1775
32097
22130
41121
25601
46930
45079
43228
33261
20079
50401
51765
15434
21212
52021
9881
40203
32574
47376
7799
39485
41336
7312
55261
16336
41105
14285
1103
27723
29087
20971
38111
24929
25641
17038
24698
9178
3169
1318
48780
36962
33747
49913
19360
47831
6665
28871
26533
56855
53153
13351
30491
21011
20524
17309
35813
12664
1333
15904
34895
33044
384
29342
34408
21226
50184
36028
56870
41837
3399
39499
14986
46672
6870
17970
48779
12904
40432
55721
53870
28870
21241
20754
15688
36530
24712
21010
22143
49250
30936
21943
23794
15903
8274
46225
36745
23076
53885
53398
40703
49727
20994
49952
10150
51316
44174
41836
13621
13134
33976
1316
24496
3167
22158
50629
10827
8976
38811
36960
33258
11960
36760
34909
55751
16174
15687
14323
654
11529
7340
16851
14513
52495
5289
25644
43009
3207
1356
12200
31191
44373
52033
46024
22388
35826
22644
56181
12677
3197
29330
25628
48808
9231
6893
48577
44875
53899
52048
18024
42568
9908
8057
25197
26561
47890
39999
30032
47659
14768
35123
1099
31421
48561
40445
40701
34436
40214
21254
51576
48361
9436
28914
3883
55047
41865
44428
2288
24494
54816
18941
7123
27965
33774
33287
23807
51791
35394
36758
21725
52047
1791
17567
40485
26816
14998
43956
1816
20320
47427
56451
54600
23791
46484
12947
41418
2980
44633
20120
46740
6451
36773
2749
25667
25180
16187
55502
44171
6220
55533
42351
8327
40500
35855
1831
22673
37475
54615
37244
882
54384
38864
37013
17566
2046
32368
51846
48144
17335
5517
28697
3666
54830
12690
39797
39310
51384
12459
41417
10608
29599
28235
44401
56896
15730
49292
16632
46954
7152
20103
12474
29614
18283
15945
425
9936
6234
36556
37920
25225
55547
56911
15258
43729
12920
36812
6003
38176
22656
11812
49276
9474
8110
18985
49307
14796
45605
5085
29629
35407
27291
23589
34951
2778
21282
55531
21994
49978
12027
9689
696
8325
10176
19200
55300
34489
2316
30300
20820
11340
49291
7638
39811
36109
28480
37473
5300
27993
26629
14324
11109
41431
3480
48604
37273
35422
1398
40026
38175
55315
47199
13662
3695
28464
20835
52521
10868
26157
6935
3720
32191
6704
28910
17579
48388
44199
51372
17348
40041
6017
45363
22701
26628
32406
29843
39579
44901
3248
33083
52561
50710
18537
941
6232
36554
13892
13405
34734
51387
49536
16876
9734
7883
37718
9472
479
30801
49049
56934
37974
43752
24792
37743
37256
48618
43065
1412
33098
4883
8354
34487
43767
5816
35651
2114
41429
30098
10651
8800
35907
25940
54411
44931
2304
29411
55544
21520
42849
40998
25478
17849
3693
1842
478
25022
20833
41188
22
11609
45146
43295
11122
29626
20146
41700
28031
27544
3031
1180
21535
51857
40039
55815
53477
2344
28477
20848
17402
47237
37270
33568
25939
54410
40741
37526
38890
29410
46550
12526
53723
23170
47714
24534
1872
32419
56963
26154
30112
28261
13228
35434
17607
53707
44227
3938
32409
19714
26625
56947
55096
46103
5327
33798
43309
10649
39120
28276
18796
56260
5127
34962
52589
21780
55798
55829
53978
9987
32680
26640
24789
56962
46995
41442
30598
50953
46764
37284
25953
953
4880
35689
3029
42862
44226
40524
3060
36822
19713
50035
14160
4193
53019
41688
36622
24804
55126
45646
11135
1168
22497
52819
16944
10679
48630
39375
37068
56059
6515
27357
16026
53490
20861
19497
9043
19266
45399
37770
3746
34068
22250
952
14877
45199
3059
29192
52372
50034
42405
48183
11596
4192
28736
55843
13216
11365
41687
1885
37985
55125
7432
13241
37298
1910
1423
18076
41256
10934
29438
15769
6776
42389
9985
40307
19009
3976
34785
43809
43322
1669
30140
29653
3289
18578
50264
10462
38933
4909
35231
29678
52371
19711
8867
48182
36851
3314
25520
21331
12338
44024
42173
8149
44511
28991
56975
45644
7693
3991
34313
29668
28304
22264
16486
10933
35702
26222
33364
14404
2842
25535
55857
31313
504
11379
36635
26668
14850
5370
30626
18808
44941
10917
43090
5395
22048
41039
17890
15552
6559
2857
53534
17172
10030
47981
34312
7461
37783
3759
45412
11419
10932
7230
29923
734
22063
52385
17874
41054
42674
36634
55138
10270
7932
21145
28287
45914
7476
37311
34096
26467
54451
51236
43120
41269
39418
35229
29451
56071
16269
10229
33409
22303
44509
6327
3989
2138
51451
55409
37813
20442
50764
10962
10475
29691
46831
14171
8880
35500
33649
3327
36864
6542
21831
54004
8649
1020
29491
21144
9813
41986
35946
26466
13284
44970
56070
44739
56326
2855
25061
51681
8664
40837
26681
17201
13986
13499
15837
32003
23010
13268
34110
9110
37350
31085
27870
29234
25532
17416
46374
23481
19779
49614
17441
1921
51721
9581
9094
32274
47076
3572
1234
53762
51911
50060
48209
25060
17431
10514
54274
21614
23465
53787
52423
9796
21158
45440
36447
2423
18133
43389
4464
32935
52638
54002
29002
46142
6340
38026
9811
30166
25100
15620
13769
13282
5166
41297
44993
5191
26033
25546
12364
10513
11877
25315
56124
38297
9595
7257
37579
22546
13066
44752
10728
33908
39199
45239
48223
33677
42214
25330
55165
44321
41983
2668
55421
23248
53570
99
57041
50776
7759
45223
5421
14932
48694
41065
48725
48238
14214
6098
4247
31354
21387
7974
34594
55436
51734
1965
32287
47576
1247
54749
51047
41080
37378
29749
36891
17444
52180
8676
37147
25816
25329
54287
53800
44320
42469
40618
2667
36460
26980
55451
1980
29964
3600
33922
31584
24667
56353
31353
50344
36675
33460
55666
23006
40146
17484
56799
43617
30435
50790
43648
9137
28840
20724
50559
16535
22344
55881
21857
25328
46657
4517
36690
55194
49897
48046
9608
40417
28599
45252
18888
50574
35054
33203
8690
38525
25343
48036
13525
44334
31152
55434
44103
3814
29070
49912
47574
37607
24425
14945
11243
30234
26045
43185
11920
40878
42954
33474
51491
47789
7987
6136
20938
40416
31813
17267
45738
43400
34407
54762
49209
41580
7556
37878
31613
26060
21871
16805
10540
7325
56151
52449
44820
44333
2193
33002
19820
51993
8002
4300
5664
51762
10986
41795
32315
56597
54746
1275
17051
24193
5233
1044
21886
18184
6853
8217
4515
6366
23993
55679
30679
29315
25126
55448
17010
13795
44117
4315
3828
45481
32299
24670
36001
22819
45737
11226
382
1746
9406
7555
37877
3366
34175
24695
55017
56381
12877
41348
18199
8719
39041
33488
23521
51992
51505
9852
40661
25141
11959
49910
47572
48059
38579
9390
28381
17050
15199
26074
14743
52694
39512
37174
18214
28827
46454
4314
28596
26745
15901
35769
9405
41091
26058
48751
14727
46900
54073
18454
6149
36958
27478
32769
26991
51760
39942
20982
38122
36271
33933
11271
41593
7569
39255
49222
18413
22858
11040
33471
41131
31651
21684
6651
32784
23304
54990
40444
39957
38106
2006
26288
4990
26544
26057
13362
11511
30502
39039
37188
33973
37675
21668
14039
10824
2708
55948
48319
139
23057
14064
5948
47370
9419
37890
24221
18699
56163
14510
33501
55707
50641
10352
40674
31419
29568
39956
6419
43427
2261
32583
9403
50600
39756
33716
31865
25600
42740
8716
48549
10105
40427
21467
48087
15427
26302
24451
9418
17078
1558
42980
32136
17980
41160
35120
52260
42293
40929
24466
21251
53424
18913
49235
1317
32126
22871
18682
16831
39037
28193
5044
52019
50168
6177
32797
54126
30977
27275
28639
13606
47143
11268
28408
31879
16846
7366
39052
44830
41159
10350
55961
32812
25183
48101
46250
44399
42548
21250
22614
8068
45532
17092
13390
39523
25854
56176
49034
14523
2705
23547
53869
44876
12216
29356
1110
31432
23316
8283
38605
29125
26787
57109
15456
46265
33960
30258
17563
34216
54571
11067
41389
37200
26356
48562
14538
46224
29340
25638
4340
15927
46249
29140
55273
45793
43942
9431
2289
27058
56893
9462
7124
3909
1571
54586
26340
16373
10820
52504
46951
16142
35164
40942
38604
30975
26817
57139
52950
11784
38404
2042
51355
49017
47653
38173
28206
27719
25868
15024
5057
33041
21710
18495
46966
8528
38363
4339
46510
12486
40957
32841
181
30503
29139
48130
46279
10404
437
17577
53677
32379
31892
22412
19197
49519
38834
27503
55974
8543
35163
54154
25421
14090
908
32594
30743
33081
48370
34214
25221
56907
22883
34245
1585
18238
16874
39567
49047
3205
54369
20345
19858
14080
50436
29138
27774
14105
44427
923
15238
7609
26113
56922
13418
49062
48575
18253
12700
48800
39807
37956
49287
46980
52271
16171
10618
44642
32824
46749
6460
29153
52071
44442
42104
30286
47913
7624
7137
37459
35608
30055
3204
20344
18493
49302
40699
29855
10633
40955
2517
47641
55301
51599
11797
9946
34715
24748
21533
9715
11079
35848
22666
47210
5070
43021
4
31690
29839
27988
18021
50194
4839
2988
25681
14350
24963
17334
48143
55541
47681
26383
15052
52516
43523
41672
9012
39334
28003
37027
4854
25696
25434
42574
18061
47896
6730
28936
17605
47927
9714
30556
49547
15036
33540
56233
24060
42564
7176
2987
33309
54638
52787
18763
50936
27787
15969
13631
45804
40251
47911
4407
28951
5771
53720
15282
51382
43266
249
22680
51638
13200
41671
18
28489
56960
56473
3489
33811
50464
17804
49977
40984
19655
48613
34944
53935
13646
32637
8124
38184
30555
55811
47695
6042
20844
13215
51166
48828
7662
37497
35646
29868
2530
6001
21290
9959
36579
42357
5770
55570
6026
1381
53032
19008
22223
8554
6703
52314
38645
22248
53934
9943
28934
5785
41916
9256
40065
263
55354
54867
15065
23181
3734
30354
29867
30123
29636
14603
35445
934
19438
49760
51611
53231
3949
1611
32420
9758
51180
44915
13229
36147
1636
32445
22478
42833
7445
18320
4164
30784
21791
51626
47924
43766
51164
13213
24800
54635
35675
4866
33337
3502
29635
22006
50477
40510
36808
9957
32650
51641
19237
45857
41668
20857
36146
56988
46534
5368
29650
51856
46790
33121
21790
13674
17601
14386
38930
4906
13899
32890
7890
25030
55352
15550
16914
44021
22723
53045
49343
9541
18534
16714
22492
42847
707
32880
19923
56054
25245
46087
44236
36607
5798
28716
6054
55367
15078
32218
53060
9294
31500
20656
56269
15103
45425
48640
40293
25260
46102
43764
20615
7433
26424
56259
22235
56971
49342
17169
19020
33822
24829
50962
12524
43333
7458
39144
29664
18333
36606
35242
27126
55110
12093
13457
41928
42415
30597
32673
49326
38482
36144
26177
17184
47506
12995
36175
3515
18804
9324
48639
41010
18348
56299
46819
53961
16010
35001
33150
490
29448
47952
8150
38697
19737
50059
49572
45870
34539
34052
19506
47490
5837
56514
54663
55150
14374
5381
3530
3043
30150
20183
10703
56314
19952
50761
33390
32903
21572
42414
41927
40563
8390
27381
25530
5596
3745
530
30365
20885
51207
52571
47505
9067
37538
52827
14389
32016
31529
53083
10456
976
6754
56067
46100
12563
44249
3083
34769
24571
13240
11389
22751
48884
1678
49140
43587
44951
34107
1447
10958
42644
6769
27611
23909
44751
12091
40562
29231
17900
36404
34553
5595
49355
38024
26693
1662
15131
14644
3313
33148
24155
23668
53990
18602
48924
29477
54246
32948
32461
35024
23693
52164
11388
19048
47519
11188
37321
35470
16510
52610
4692
1477
2841
19981
19494
48452
40823
25528
16048
47734
15561
22734
21370
51692
17181
40361
7701
9552
47503
26692
24841
22503
33865
33378
46816
7014
33147
24154
3568
14443
44765
8890
10254
48205
11874
5609
34080
28527
28558
14889
10700
1707
26476
52609
31798
27609
25758
56567
26245
6798
2609
25789
40591
36889
28773
558
53086
43831
327
26460
12791
12822
43144
16293
17657
44277
3111
1260
29244
53788
12135
26450
49368
21153
28326
18846
54946
45466
31310
48450
37119
38483
5202
35524
44061
10037
19061
46168
5879
34350
55192
24383
51490
18830
19317
5648
26490
24152
46358
1490
33663
50316
29730
20250
17912
46383
38754
30863
55663
13036
41994
34365
3556
36216
37349
16763
39456
42440
40589
17440
2894
4258
17209
40389
9580
47562
13538
45224
37820
54473
20449
48920
27622
4473
34795
11646
42455
55406
13753
2422
32744
30406
28555
14009
9820
2191
340
1704
17480
5662
1960
53124
37604
56108
12117
42439
33446
51463
40132
4744
4257
29288
27175
48504
17695
4026
34835
55677
30677
56810
43141
1975
29959
37132
27165
46643
46381
14208
55405
52190
17710
55661
47545
43843
34363
24396
11214
54974
56338
14685
17023
43156
4718
52892
54256
41074
1272
33445
6594
23734
19545
49867
13767
39023
28569
17725
48047
15387
45709
36229
354
49667
16776
3594
37131
54271
10280
29758
44560
36931
35080
1056
21411
53097
17709
41766
36700
13064
45237
6147
7511
20949
10982
41304
28609
56593
46626
23964
48733
10295
40617
23733
42724
3799
29055
15386
32526
29311
9864
49179
35997
34146
53137
51286
43170
37617
29988
13104
6839
42939
35310
2650
52450
48261
40632
38294
39006
32741
17708
2675
32997
51988
1988
22830
20979
53152
6823
37632
37145
54772
50583
4741
35550
27434
33212
22368
25583
1070
30905
27690
17723
5905
36714
30674
383
36483
29987
56607
18425
35565
51731
8714
53351
43871
367
22573
53382
49680
11242
39713
37862
32796
29094
51300
9647
38118
35780
41589
18440
14251
2920
5904
36713
25382
26746
50151
37846
21449
54986
44142
51315
48977
14953
45762
3622
56637
23977
54299
12159
14266
44101
597
53837
11697
43870
18870
47828
6175
37861
36497
24679
38117
166
30001
57108
46654
44803
1299
48761
5257
41357
33728
10579
48043
16357
4539
52001
44372
43885
2232
17521
56836
47356
17034
3852
53165
41834
5472
17059
9430
22381
52216
39034
2216
15198
28149
9414
39736
1785
26067
18438
45545
39280
7107
56420
6389
36255
19371
11742
11255
51544
44140
45504
149
32322
20991
51313
28651
26313
54784
3651
41602
30271
50626
7122
3420
48057
28610
52015
49677
8024
25164
56850
15684
9644
32337
28635
51328
18668
4122
3635
24477
18437
56419
17981
54568
55701
52486
51999
43006
14048
29337
53650
20990
55014
179
56634
18196
3650
1799
11048
31403
16857
6890
25881
10361
2732
42047
33054
17047
44154
32336
53178
35807
25840
22138
51096
47394
10576
39047
1096
21220
51542
40211
47871
13847
45533
5731
34427
55269
9427
1798
22640
9458
45558
21922
52244
56202
2244
25424
21722
51557
50193
44640
34673
5484
51095
11293
41615
7104
56904
15251
47424
5284
56448
20573
42292
20342
34657
32806
25177
51797
13359
15210
21019
57119
47152
5986
3648
54325
41630
41143
48803
37210
2730
33539
50192
4350
34672
25192
13374
42332
43696
38630
32365
14994
13630
5514
52489
22392
13399
31903
1094
18234
48556
46705
41414
6903
33523
23556
41183
30729
25176
15696
8067
2027
30498
21505
51340
19167
49489
7836
22638
51596
51109
17572
5754
36076
24745
3447
33769
29580
18736
6918
44869
35389
36753
4580
23571
21720
50191
36522
56000
17075
47397
43695
8307
38629
38142
23109
1811
447
49273
41413
8753
56702
44884
37255
5082
10142
33322
30984
29133
23355
49488
51595
45330
9455
39777
30297
26108
56430
49288
7148
2959
23801
54123
20586
20099
18248
40941
8281
52528
10875
6686
54148
23339
53661
21519
1810
53461
11321
10834
37454
56932
24272
14792
45114
37710
27743
31214
52543
19883
48354
16181
27543
33321
53676
43709
32865
19196
7378
36336
52989
55065
15263
53214
9254
41427
3214
21718
12725
12238
29378
18047
17560
47882
36551
3014
21518
21031
22882
32618
22651
7618
36089
11576
50891
25891
16411
45369
6444
5080
54393
55757
8551
39360
31244
29393
25204
39129
15493
44451
53444
9940
34484
40262
28931
51624
18964
15262
56946
22435
52757
33797
56715
36781
33079
3013
33335
48137
40021
43979
4177
17128
18261
39590
665
35401
3228
41179
22219
20368
16179
10401
56012
17343
40523
24516
51136
41656
1854
49541
40061
36359
54863
1392
31714
20383
6227
32847
55540
42358
2556
705
218
30540
51869
47680
15507
1838
55078
2094
7416
34036
25920
14102
42573
51853
8349
6011
32631
53473
47920
40291
7631
39804
55580
12953
43762
40060
9282
5580
34051
56257
50217
448
56026
18300
42844
40993
10184
6482
12035
34953
27324
49986
55795
4631
17613
24786
22935
40075
31959
25919
37281
28026
56010
31010
10199
6010
53959
13670
2339
1852
28959
47950
49314
36132
3959
33794
24801
55123
33563
24339
13885
44694
31025
29661
51867
46314
43976
2323
26867
55825
53487
11834
28974
11116
6050
5563
54876
41694
22247
48380
44678
22016
51851
13900
30553
17858
7404