0
1322
227
554
148
106
585
535
912
1370
304
602
829
1156
729
1106
221
1077
569
163
600
419
898
1254
746
1044
138
28
515
973
465
59
1271
1192
307
176
1121
126
97
374
1188
1138
274
651
93
551
1307
422
1236
1186
1076
497
976
876
1253
943
58
516
487
562
25
1339
1268
273
223
1189
173
152
1008
1314
827
429
806
350
706
677
1004
40
1304
1173
157
136
107
434
7
1329
284
742
184
1040
990
105
280
230
1167
172
478
936
72
1284
886
1365
378
1234
370
349
1315
857
807
220
597
416
18
266
1101
614
593
724
464
791
212
102
989
1316
918
1295
381
658
629
956
42
1364
327
704
604
1083
1033
496
1331
1181
1071
673
34
1327
790
740
719
669
1148
640
263
611
988
103
82
540
888
867
24
1346
859
178
657
128
607
99
1065
1342
1313
776
1032
147
495
974
801
1280
243
591
999
135
572
949
412
1247
870
820
720
408
1243
837
1193
1093
229
250
1085
687
19
100
427
754
225
573
1010
502
494
444
902
394
621
1100
1079
84
1050
877
798
311
638
1096
567
161
509
1344
1294
409
1223
736
1215
47
1369
882
484
1340
426
753
732
376
1140
653
276
116
95
45
503
393
322
191
1157
62
41
868
797
1276
1095
231
210
1176
189
131
110