0
2644
793
2157
306
2594
2107
3421
2057
3371
3808
3271
2784
3140
933
3627
3221
3090
3171
2684
2503
2584
2322
552
2272
908
2222
3536
3486
271
221
3792
3336
1485
1254
2974
1123
3411
2924
2874
2337
923
3601
1750
3551
2187
1700
3370
3451
3807
3320
3757
3270
1419
1775
1725
3089
3526
3039
2989
2502
1138
1088
2452
2889
2352
2302
451
1815
1765
2121
1890
39
3691
1840
3204
3641
3154
3591
3104
1203
2567
1153
666
1930
79
2286
2367
1880
29
2055
2492
3319
1955
3756
3269
3219
4
1855
3169
3038
2988
2938
731
2045
2888
2482
631
1995
2170
2557
2070
219
300
2020
3384
3740
1970
119
3334
3771
1920
69
3590
3184
1333
3003
2516
796
3309
2822
2772
2722
384
2672
2185
2135
2085
2035
184
3349
3705
3218
3299
3655
961
1754
1623
1136
2937
1036
2837
2787
3564
349
1713
1663
3333
3639
1869
3102
3539
3052
1201
3002
1151
1638
2902
1828
1778
1728
1953
102
1903
2340
2
3654
1803
3167
3117
1266
3554
3067
1216
3017
1166
679
2967
1116
2299
2249
42
2555
2068
654
167
1968
198
3282
3769
1918
3719
3232
17
3669
3182
3132
2645
3001
3082
1231
2595
2951
3032
2545
2495
1356
869
413
2133
2620
2570
2083
2520
3753
3347
3703
1496
3297
82
3734
1883
3603
1396
3116
3197
2710
859
3147
3503
1296
3372
2885
3322
2835
984
1065
3272
1015
2685
347
2635
2148
297
2098
247
147
3668
3181
1767
3487
1636
1717
3437
3387
1049
3337
2850
999
1486
899
2263
2700
2213
2113
1626
262
1932
81
2288
1882
1751
1832
3552
1601
2965
577
2865
964
2328
427
1741
2940
246
2453
2534
3767
2353
96
3667
1816
3617
1766
3130
1179
2980
2493
1129
2849
592
2880
1029
2749
798
261
617
211
1931
567
161
1881
3245
3682
3195
1344
1831
3145
1781
3095
3045
2558
2733
2683
3120
732
2096
2533
2483
632
1459
3260
3616
3697
1846
3566
3079
1178
3385
1615
1971
1484
3235
978
2648
747
260
2061
2011
160
3375
3731
3325
3681
1830
2186
1699
1961
1730
3450
1680
1549
2913
3350
1012
3300
1449
962
2813
2763
2276
2226
2663
2126
2432
581
1945
2788
2251
1764
3565
1714
2201
3515
1664
1127
3365
2878
1514
2828
490
2291
927
2466
2547
696
2416
646
3730
2366
2316
3630
1779
2266
3093
1242
3043
1192
1142
1092
2406
3605
911
3118
861
2581
374
3068
2531
680
274
2481
224
580
2331
1844
3545
3058
1207
2927
3414
1382
1463
976
3183
3083
1232
2596
2546
2059
2446
108
3679
3760
3273
3710
1372
8
3579
2034
3398
3785
1934
1091
3298
1041
3248
910
991
941
3148
810
1297
760
2561
223
2511
2024
660
1974
2330
2686
2199
3338
429
1793
3463
3413
1643
2876
1512
3313
2726
388
2676
2851
644
2364
2801
2395
2264
3578
1727
1677
3478
1090
1040
3328
990
2791
453
3097
2966
2479
709
2866
172
659
2329
3693
428
3593
1692
3056
3493
1155
2956
2825
924
3212
3081
3031
2544
2981
1130
2494
1080
593
2444
237
187
3758
2394
2344
493
1857
2294
443
1807
3658
3608
1757
3477
3558
2063
3296
989
1426
3146
2659
1295
2609
758
2509
2022
171
1972
121
2409
1922
3773
1872
3592
1385
2097
2178
327
1641
3361
1154
3311
1541
1054
3261
3748
1897
1360
873
2724
3161
1310
3111
1260
2624
2574
2087
236
2524
673
2343
2699
2212
1806
2649
2243
1756
1706
2062
1575
2012
1525
1606
3326
1475
2839
2789
938
888
2202
351
2639
2995
2508
2864
3351
657
2327
70
2714
2177
3491
2077
3391
2904
2854
953
3516
2673
3029
3110
3466
772
2929
2442
591
541
2292
1168
2969
3144
1293
3225
3581
887
1193
737
250
2894
1043
200
150
1870
100
456
3621
2257
1770
3571
2076
3796
2026
1408
1489
3209
1358
3646
3159
2622
3059
1208
721
802
1158
1985
2372
3736
390
2141
290
1504
3224
1454
1323
3124
2637
786
555
2843
2712
2225
1819
2662
2256
405
1769
1719
1588
2025
1975
3289
951
2752
901
3189
2702
2521
2877
670
3364
3314
2471
2908
2421
2727
2240
470
2190
3504
2140
2090
3454
239
2040
3404
3354
2867
3304
1809
2992
2942
3023
1172
554
635
2792
2305
585
404
3569
1718
354
2205
1668
2982
123
3694
3288
1437
3725
1874
3544
1237
2957
1106
569
2857
1006
600
2320
2270
1783
2008
2089
3809
1958
1908
1989
3222
3659
3172
1402
3609
1221
734
2585
815
2972
2485
584
353
303
2023
1667
2510
2104
253
1973
3774
1923
3287
1517
3724
1873
3674
1823
1336
3187
3137
1236
3037
1186
2906
1055
2369
2319
2675
2188
2269
418
2138
1782
2219
2575
2038
1501
1938
1401
2765
3202
864
1220
3377
2971
2484
2921
583
1020
2384
402
2334
483
433
2640
383
252
2003
3673
1285
3086
748
2955
1185
2905
1135
2855
517
2318
2218
11
367
3532
3482
2118
1987
136
86
1400
3688
1837
3557
3070
3020
1169
2433
582
2870
2383
2820
969
482
563
3647
1796
2152
301
2589
738
251
1921
151
1952
1465
3622
928
3135
3572
3035
1184
1134
2935
1084
903
2267
2623
2704
2217
853
366
2654
2167
2117
1630
2067
3787
2423
3737
1886
3250
3687
1430
1786
1380
2613
1555
1068
2919
2869
1018
531
2819
2769
2282
2638
2588
381
281
2001
3802
1951
1901
3034
1670
3471
3340
2853
2934
1083
3290
2884
3240
2834
983
365
446
2166
396
2603
2116
265
3430
1579
2066
34
3686
1835
3149
3505
3586
1017
2949
561
74
430
2718
24
380
2668
330
636
149
3801
99
3751
1413
49
1363
3570
3651
1213
676
1032
545
2346
576
2652
2165
2602
751
2115
3735
1884
1965
1478
1834
64
3635
1378
3585
1684
1197
1634
2948
2461
2817
1453
966
3254
2767
2230
2586
2180
766
279
1999
2080
3800
1593
2030
129
1362
1443
3650
1312
1799
3600
1749
1393
3113
3419
3369
1031
2832
3188
2345
2782
3138
2651
931
394
2601
2195
2551
2064
2501
2014
2095
244
2451
1914
63
3584
369
3453
1683
2997
1146
3353
2947
1096
1046
2766
3253
2847
3203
2716
2797
459
328
2129
278
2566
2079
228
3393
3749
534
1898
3699
484
1848
1798
3518
1698
1211
3418
3368
674
624
980
2831
524
2731
2194
699
2500
162
2450
1963
3633
3714
1863
12
1732
1813
3614
3483
1632
739
1095
2896
1532
689
2846
3152
2665
2615
764
2128
2565
2078
227
2515
664
2028
127
1847
3698
1747
1697
1210
3498
1160
2961
3317
2830
979
1466
3267
2780
929
879
2599
2680
2193
342
779
2499
2093
242
2449
2043
3763
2349
1862
1943
92
3176
267
3301
3382
2895
1044
3251
3332
3151
457
2664
2745
2258
2614
2208
357
2158
307
2514
1977
126
2414
3597
3547
3416
1646
1159
1596
1109
2810
959
472
2629
2142
2579
3762
3712
1861
3662
1811
2298
1761
3481
3562
1711
1224
3431
3512
1661
3381
3331
637
993
2844
3281
1074
943
2794
893
487
2563
1149
2463
125
1926
75
512
1876
3677
1826
1776
1289
1595
2959
1189
3396
1139
652
3115
727
2041
677
627
140
2297
1810
2247
1760
1841
1354
1710
1660
1173
3330
115
1966
2793
892
842
2643
2156
2593
2106
742
205
3776
1925
2006
155
1875
105
1644
3395
1544
2031
3345
1494
1007
2808
957
3114
2708
3064
370
2658
270
1990
220
3791
1759
295
1659
3379
3460
3329
1122
3410
3766
2923
1559
3360
3229
2823
3179
2692
922
3129
2723
872
385
2592
741
2898
2411
560
510
2311
1824
2261
1774
410
2211
3525
3294
2807
956
1037
3244
987
3194
3063
725
3013
2526
2476
625
2426
3790
1889
525
38
475
3559
1839
1689
1202
3359
665
1864
1377
3665
1327
3128
2641
3078
2591
690
153
2360
590
2310
1954
540
3624
1773
1723
1979
3343
3293
1392
2756
2706
855
3012
2525
805
2962
2069
705
2912
168
3739
1969
1838
424
2094
243
1607
3408
193
3358
3177
3258
920
870
3077
2590
820
3027
2571
589
2796
458
2746
2209
1722
3473
258
3342
2109
2936
3373
1035
2836
854
3092
2605
1110
2911
2424
2811
473
3638
1737
3538
1687
323
3488
3357
3438
3307
2770
919
1712
1225
3026
2489
2926
2389
51
1852
2289
1802
1621
1702
1652
3728
3241
1390
3191
1340
1827
3628
3141
2504
653
2373
2404
1917
66
2273
503
2223
3587
1817
191
1992
3306
91
3206
2719
868
3156
1305
3025
2488
2082
231
718
2925
2032
2469
618
1851