843
0
3702
2644
2157
2594
2107
256
387
3421
1570
2057
3371
156
1520
2007
3321
1957
3190
3271
2784
3627
3140
933
3090
3171
2684
833
2553
2990
2503
296
2584
602
958
2809
2759
2272
421
908
2709
371
2122
1635
271
2072
3436
2899
1535
3692
3205
3286
3155
948
3461
1123
1204
3411
2924
2874
1023
2774
2287
436
923
3601
2237
3551
2187
1700
3501
2137
3370
1650
3451
3807
1550
1063
1775
1288
3576
1725
3039
2939
601
2889
1038
551
2402
1865
2302
2252
401
2121
1715
2071
89
170
3741
2377
3204
1353
3641
1790
3591
3104
1253
2567
716
666
2954
2467
616
566
2286
2367
1880
2236
29
335
691
2055
2542
285
641
2005
1955
1468
3756
1855
4
3219
3169
2682
831
3119
2988
3069
2532
2888
2401
194
2838
2351
1995
144
856
500
937
450
2170
2707
2607
400
2120
350
2557
2070
706
2020
3740
169
1533
1970
1483
3771
1433
69
3234
896
3103
3184
3540
846
3053
2647
796
2516
3003
1021
1283
2822
1052
2772
921
2722
871
384
821
1648
284
3399
3755
1548
1498
3705
1011
3218
3299
3168
961
3249
1136
3374
2887
1523
986
499
2350
936
886
3564
349
2100
249
3333
1563
2275
1869
3589
1738
3102
18
1688
3052
3002
2952
614
1051
2852
2315
2265
1778
414
2134
364
2084
3804
233
102
2440
3754
183
52
2390
133
2340
3704
1853
83
3167
3117
1266
3554
1703
679
2967
2480
1116
2917
1066
2430
2380
2736
529
1893
42
348
704
217
2555
298
2505
2018
654
2455
1968
3769
1918
1431
3282
3719
3232
17
1868
3182
1818
1331
2645
794
1281
2595
744
3032
2545
694
2901
2495
3207
2720
1356
513
463
900
413
2133
282
2520
182
3347
3703
1983
1933
3734
3247
3603
3197
3553
3066
859
2660
3322
1115
1065
934
2735
884
397
2248
2685
834
2198
347
784
2048
197
3768
1998
147
3362
3312
3668
974
1767
2123
1280
1636
3437
2950
2900
1049
3337
1486
999
2800
2313
2750
2263
2163
1676
2113
1626
1932
2288
3652
81
1882
31
1751
3602
1832
3065
1701
3502
1651
1164
3015
1601
1114
2965
1064
2428
2865
1014
964
2328
477
1791
2147
2228
377
2940
246
2453
2534
196
2403
65
3767
146
502
15
3717
1866
3667
1816
1716
1666
2493
642
2849
1079
2799
1029
542
2749
2618
848
361
717
2518
261
1981
617
3782
1931
80
3732
3245
1831
1344
1781
1294
3145
3095
2608
1244
2964
3045
1194
707
1500
2733
913
426
1269
2633
732
245
2096
2533
145
3716
95
1896
3616
1409
3260
3697
1846
3079
3160
3385
1534
1178
1434
3235
2748
847
2648
2161
310
697
210
2011
1524
160
1474
3681
1699
1780
3500
1730
3450
1549
1499
1012
3300
1449
962
2813
2276
425
2713
2226
375
862
812
325
275
2432
94
1895
44
1764
3565
1714
2151
3515
3465
1127
3415
1564
2928
1077
1514
2878
2341
2291
440
2728
2597
2547
2903
209
2416
565
2497
3730
2366
28
515
465
1829
59
1779
2266
9
1729
1242
3093
3530
1192
2993
1142
605
2406
3605
3118
911
861
3018
2531
1117
1944
174
3745
1894
2381
2331
3695
1844
3645
3158
1257
3058
1694
3414
1076
1432
3283
1513
3720
1463
3183
2696
1332
926
2646
695
208
2496
2009
158
645
595
1959
3679
3760
3273
1909
3710
3223
8
3579
1859
1678
1547
1984
1934
3298
3248
2761
910
1347
860
3148
2661
2611
2511
1974
2330
2686
1843
2199
1793
2149
3513
1743
2099
3413
925
2239
388
2676
825
2851
594
2801
107
2395
2751
57
2264
3578
1727
3528
2114
1627
3428
1577
1090
1527
990
2791
2304
453
1246
2966
2479
2560
2916
222
578
2866
609
122
1842
428
1792
378
3056
1205
3006
1155
1105
3618
3131
924
3212
1361
3081
3568
3031
2544
693
2981
2494
2931
1080
593
3758
543
2394
56
187
3708
493
2344
3658
3608
1757
1270
3121
1707
2063
3783
1445
3733
3246
1039
1395
3683
1345
3146
808
3096
758
2559
708
789
2509
2459
608
121
2409
558
1922
3642
1872
21
1385
2178
2047
1641
1154
1591
1104
1947
3798
1541
3261
3211
1360
2674
3111
1260
2624
2574
236
2524
2037
186
2212
5
2293
2649
2243
2112
1706
2062
3426
1656
2012
1525
1606
3326
1475
988
3276
3226
2739
838
2508
657
1144
607
507
2714
2227
3541
1690
1640
226
1590
3391
2854
3516
3029
3110
1259
2979
3466
722
672
2392
541
2879
2342
2292
3656
1805
35
3606
2242
2192
1655
1168
3456
1605
2969
3275
1424
60
1293
3581
887
3531
2994
737
2944
1093
250
2894
200
1043
2407
3721
506
150
19
100
2307
1820
2257
1770
3621
3571
2076
3796
1589
1539
175
3696
1358
3646
952
1795
3109
2622
1258
3059
2572
721
802
2522
1158
3009
752
2472
621
134
1985
2422
571
3786
3736
2372
2241
2110
2191
340
2141
1654
2010
290
1960
1910
3274
1504
3711
1454
3174
1323
2687
3124
1273
786
2637
1223
2050
199
555
2843
2356
505
2225
455
2256
2612
1769
2206
355
2075
1588
1719
1669
2025
951
2752
901
3189
1338
3008
2521
2877
1157
2958
1107
2471
2827
2908
2421
2777
2290
2677
2190
2271
420
2140
3504
289
2090
1603
2040
189
1553
3354
2867
3304
1809
1322
3529
3123
2992
1222
2942
735
3429
2892
554
504
2305
454
2255
3619
1718
3519
1618
123
1487
3775
3644
3725
3594
1256
3057
3007
2957
1106
619
750
2907
2420
213
1056
569
2857
600
3684
1833
3634
1783
419
2008
1602
1552
1989
3709
1858
3659
1808
965
3609
1758
915
3122
1352
1121
634
2741
2254
403
890
353
303
1667
253
1973
1617
2054
3774
1923
3724
1873
1517
1823
749
3037
2906
2419
2856
2319
955
2188
2625
2138
2219
368
2088
2169
318
3402
1988
1938
1451
3252
2765
3202
864
1220
3427
3508
1657
3377
2890
3021
2971
3327
2840
2921
3277
2790
583
1020
533
2384
2334
2203
352
2284
433
2153
383
3467
2053
3673
3542
3136
3492
1235
748
3036
2905
2986
648
2368
2318
954
467
2755
2268
548
2218
1731
3532
1681
2118
2474
1937
1450
3657
3738
36
3688
1837
3557
3507
3020
813
2970
763
1200
2920
1069
582
663
532
613
969
482
3647
432
2152
1796
301
2589
738
2052
3772
1921
2002
151
1515
1871
101
1771
1284
3135
1365
878
3085
2985
778
1134
647
2498
2935
1084
597
2448
2623
2217
2573
2654
2167
2523
2036
2117
1630
1986
1580
1936
2017
3737
1530
3687
1836
3200
3637
3150
1430
1380
1555
1068
1018
531
2819
2688
2769
918
431
381
2051
2001
3802
3315
1951
1901
1414
3265
1364
1720
3440
1233
3084
3521
3034
3390
1620
3340
1133
2984
1083
596
2803
3290
546
2753
2834
396
265
2066
2016
3380
3686
3199
3636
3149
3586
3049
711
1067
2918
3355
1148
1017
2868
2949
1098
74
430
2281
511
2718
380
24
330
2487
1950
3670
99
3751
1900
3620
49
3701
1363
3651
1800
3033
776
1132
2983
3420
2933
1569
726
676
2883
545
2833
982
495
2783
2165
2602
751
264
214
2015
164
1884
1965
114
3685
1915
3635
1378
1684
1634
2998
1097
2817
966
2461
1403
2636
2717
866
2230
2667
2180
2617
766
1999
2080
1593
229
2386
1899
129
3213
1493
3650
3163
1312
3600
3113
1262
1393
1568
1081
2882
1031
3238
2832
2345
494
981
2701
2782
2651
444
2245
2195
2064
294
2501
1964
1427
3715
3584
369
3534
1196
2997
1633
1146
2947
2816
1046
2766
2847
509
946
278
2566
359
3393
2029
534
47
3749
3699
2335
484
1798
3162
1311
3599
3112
1748
3549
3368
674
1030
3318
1111
624
2831
1061
2781
2731
37
393
474
2681
2194
343
2013
2400
549
62
3764
3633
3714
3583
12
3664
1813
1326
1682
3614
1763
1145
1582
739
1532
1045
639
508
2665
2615
764
277
2128
714
227
2515
2028
664
1978
1491
3648
1797
1878
1391
1747
3598
3548
3061
1697
1291
3011
1160
3317
2830
979
1466
3267
2780
929
1416
3217
2599
2680
829
2549
1993
2349
1862
1943
3663
1812
1762
1094
3301
2895
1044
2845
994
1481
2795
457
2258
894
2614
407
3101
3051
2564
2158
2514
2027
2108
3778
2414
76
2233
382
332
1696
3416
3497
3447
3803
3316
1109
3397
1546
2860
3216
2729
959
2679
2760
909
2629
291
2579
728
2092
3762
2398
3712
2298
1811
3662
1274
3481
3512
3331
637
2844
3281
587
943
1074
2794
1024
893
487
3050
2513
662
2463
612
3777
1926
2413
2363
512
3596
1745
3677
1826
1695
1289
1726
1595
1189
1545
1058
702
2909
1139
1008
3165
3115
1264
2578
2528
2041
190
2478
627
2347
140
1941
2297
1891
3611
1841
3561
1304
3024
1173
1660
3330
1479
115
3280
2793
1429
942
2743
892
2693
2643
2512
2593
2106
255
2056
2412
205
3776
2006
2362
3726
105
2312
1906
3626
55
280
2081
3445
2031
1544
3264
3345
2808
3164
1444
1394
2627
2708
2221
2577
3064
370
2658
807
270
1990
139
220
2427
445
526
3610
1759
1709
3510
3460
1609
2973
3766
2923
3279
3360
1022
2742
2773
3129
435
872
2592
385
254
610
2411
560
2848
2361
2311
2261
410
3575
2211
3394
1187
3475
1137
3425
1574
1087
2807
956
1037
550
987
2576
725
2526
675
2963
1112
2476
3790
2376
525
1889
2326
1839
1789
1302
1658
3509
1689
2922
1558
3228
1864
1377
13
1814
1277
790
2591
740
1227
3028
2541
2410
640
2004
2360
1954
103
2310
1904
53
3624
2260
1854
2210
1367
1723
1804
1542
3343
128
1492
3293
78
1929
1392
2756
3012
2606
2962
268
3739
1888
3689
2325
2631
2144
2094
243
193
1994
1507
3358
3227
3308
1457
970
2771
2721
3077
2590
2671
2540
2621
2977
720
589
2309
458
2746
2259
539
489
1722
2159
308
2109
3473
3423
2936
3292
3779
3373
2886
1035
3242
1522
3323
3729
985
1472
2705
3192
448
804
3092
398
1110
2911
2424
573
2861
960
2324
1787
2224
373
1737
3407
3488
1637
3357
1150
1587
3307
1100
1537
3257
2770
919
1225
2539
1125
2926
2389
1902
1
1802
3522
3472
1265
1652
3728
1877
3191
1340
3628
3141
1290
753
2554
703
2504
1967
2404
1917
2273
1867
16
1736
3587
1817
2173
322
2529
1505
1942
1455
3743
1892
1355
868
3075
3156
1305
1255
768
2488
2975
2569
718
2925
668
181
2388
2469
1982
2338
1851