0.0,1.0,2.0,3.0,4.0,5.0,6.0,7.0,8.0,9.0,99.0,100.0

------------------------------------------- 
0.0  0.0    0.0  0.0  0.0   0.0  0.0  0.0  0.0  0.0  0.0   376.0  
0.0  286.0  0.0  0.0  0.0   0.0  0.0  0.0  0.0  0.0  6.0   97.0   
0.0  6.0    0.0  0.0  0.0   0.0  0.0  0.0  0.0  0.0  24.0  350.0  
0.0  2.0    0.0  0.0  0.0   0.0  0.0  0.0  0.0  0.0  2.0   385.0  
0.0  2.0    0.0  0.0  17.0  0.0  0.0  0.0  0.0  0.0  4.0   364.0  
0.0  0.0    0.0  0.0  0.0   0.0  0.0  0.0  0.0  0.0  0.0   376.0  
0.0  3.0    0.0  0.0  0.0   0.0  0.0  0.0  0.0  0.0  7.0   367.0  
0.0  9.0    0.0  0.0  0.0   0.0  0.0  0.0  0.0  0.0  6.0   372.0  
0.0  30.0   0.0  0.0  0.0   0.0  0.0  0.0  0.0  0.0  3.0   347.0  
0.0  4.0    0.0  0.0  0.0   0.0  0.0  0.0  0.0  0.0  2.0   376.0  
0.0  0.0    0.0  0.0  0.0   0.0  0.0  0.0  0.0  0.0  1.0   0.0    
0.0  0.0    0.0  0.0  0.0   0.0  0.0  0.0  0.0  0.0  0.0   1.0    
------------------------------------------- 


LP: 234
LN: 0