814
3073
3429
1222
3450
1172
664
3698
3300
1957
1797
425
3221
354
2663
2553
783
2126
3469
3317
908
3217
2899
998
1275
1631
1602
2945
1204
1531
1502
3709
2824
109
3101
1271
1729
3072
2564
357
336
2187
2137
684
257
1113
3320
2943
3401
1927
3576
840
353
1188
1646
2779
2629
799
2600
3741
1861
1463
1282
2088
695
1661
1174
208
3810
2794
3231
3710
516
864
3050
1199
2563
204
1191
1984
2484
3327
2871
3727
402
483
433
2153
2611
2124
1595
710
2351
1343
856
1822
1335
1793
2120
727
3036
2528
190
1004
3334
2318
1920
1810
69
3640
904
417
1383
3590
11
388
1283
1966
1937
107
1052
942
434
3607
892
3578
1250
1598
1200
713
2920
2941
1875
990
3676
55
2081
1086
709
3395
180
2052
659
172
3722
3772
2787
3622
1792
907
928
2221
2577
3543
1713
857
778
139
3770
3568
2704
3031
2654
3510
2544
1122
1936
1480
2265
1270
2592
364
3406
3296
1068
3754
52
1853
2211
2101
839
3046
171
3315
121
3294
550
3723
42
1720
2555
654
2476
2455
1591
3311
1104
3769
1054
1868
2834
1360
2703
873
3509
3409
1529
1152
3665
463
2162
1298
900
413
1198
1177
711
3028
1525
3305
1098
967
1854
859
2864
149
2814
3272
2785
78
3243
1015
2358
1413
2227
3651
2069
2506
3362
1998
3668
2094
1607
193
3387
1486
491
1478
3656
2242
35
1357
412
3556
1278
1626
1118
2796
2309
81
1751
816
1193
1622
2965
250
1543
150
3671
1799
50
3621
733
573
2811
2303
96
452
2064
3407
2501
2014
2095
134
3786
3715
2262
369
1704
2976
1075
3782
567
3253
3245
1860
2847
3682
1323
459
2666
1781
278
2608
2566
2079
686
3241
3699
3170
1311
2256
426
1748
1261
863
355
1669
2025
2483
653
3268
1917
3747
1409
1867
1736
3385
3364
670
1992
3314
3814
91
1434
3743
2748
868
1813
818
3454
3781
3375
3731
2359