2644
437
2594
387
256
3421
2007
1520
156
3808
1957
1470
3190
3627
2784
2734
3171
2684
833
2990
2503
1089
602
2759
552
858
2172
321
1585
2899
3255
3336
998
3205
3286
948
3155
1254
1123
2924
1073
1023
536
486
2287
3601
3551
336
1700
2137
286
3370
1519
1113
3320
1419
3139
1775
3039
1188
2502
1138
651
1088
551
501
14
1815
2252
1765
401
2121
1715
2071
2377
3741
120
3204
1353
3641
1790
3104
1740
1203
2567
666
2954
616
1930
79
2286
516
1880
641
2005
235
3319
1468
1955
1418
54
3706
1855
2682
1318
2988
2532
2045
2888
2482
1995
1343
856
500
937
2657
806
319
400
2607
706
300
3740
3334
119
1970
1483
3771
3284
1433
3153
1383
3103
3184
846
3134
2516
1102
1458
971
1052
871
334
3499
284
2135
234
3399
184
3755
1548
3705
1011
3655
1754
1217
3424
2887
1036
1523
2837
986
499
2787
936
886
1713
349
299
2100
2275
1788
1869
18
1688
1201
614
2902
2415
2365
514
464
1828
2265
364
2084
133
2
3654
3554
1216
3017
1166
679
2967
2917
1066
579
2430
2380
529
2249
835
704
217
2018
167
2455
248
117
198
3282
1431
3769
3232
1381
3669
3182
1331
1281
3001
1231
744
3032
2545
2901
3207
1356
869
513
1000
463
413
2620
282
2083
719
2033
182
263
3347
132
1983
3703
3297
3734
1883
3603
3247
3197
3553
1346
1165
3322
1115
934
2248
2635
247
1611
1998
3718
974
3181
1767
1280
1099
1486
2800
2313
462
2750
899
2213
362
312
2288
81
1801
3652
1882
31
1751
1832
1214
1601
2915
2865
1014
527
2815
2328
477
2228
2940
683
3767
1916
196
3717
502
96
3667
1816
3130
1279
3567
1716
1229
3080
3517
3030
1079
592
2393
361
717
667
617
130
211
567
80
30
3682
1831
3632
1781
1294
1244
2964
3045
707
1013
2733
882
3170
476
1319
426
2633
2583
2096
245
326
2533
1996
95
1896
45
3697
1534
1615
1971
1078
3285
1028
2748
897
847
2648
697
2061
3781
3375
3325
110
466
1961
1699
3681
1780
2136
3450
1599
1680
2913
3350
2863
3300
2813
425
862
2663
275
2788
94
3615
1764
3515
2151
3465
1614
3415
3365
977
2341
440
2728
2597
259
2466
696
2416
2903
646
3730
1879
28
515
159
2316
465
3680
1829
2266
415
59
9
3530
3043
1192
2993
1142
1629
1092
2406
1042
911
3118
861
2581
730
374
324
680
2531
3745
530
174
2331
1794
3514
3108
3545
1694
1076
1432
1513
3233
1382
3720
1332
1282
876
1232
826
208
2496
2009
158
645
595
1959
3679
3629
3710
1859
1678
1191
3348
1984
1497
3785
1091
1447
3248
2761
991
1347
3148
941
1297
760
710
223
2024
173
1974
429
2149
1743
1612
3413
3363
1512
1025
3263
1412
925
2239
825
2364
594
57
2214
7
1727
2164
2114
1577
1090
3328
940
453
2304
1246
2610
709
2429
222
2866
172
3693
478
72
1792
22
378
3543
3006
2956
3131
924
3212
3568
874
1230
3081
1180
2544
2981
774
643
2494
287
724
2444
3758
1907
56
137
493
6
1857
443
3527
3608
1757
3121
3558
2063
1576
1526
3733
1039
3683
989
939
2659
808
758
839
171
3773
558
3642
1922
3723
3236
1872
21
2097
2047
3798
1104
1947
1054
1897
3261
1360
873
3111
2624
773
236
2524
186
2212
5
2293
442
2649
1806
2112
1625
2062
1656
3376
3276
1375
2689
838
3351
657
2458
607
2814
2327
70
2277
507
2714
3541
2127
2077
3391
2854
1003
1440
1309
3029
3516
822
3466
772
2979
672
541
2342
572
85
441
391
341
3456
3275
60
3631
1293
1424
3225
3581
887
3094
3175
837
1193
2994
2507
787
2944
1093
2894
200
556
3721
506
100
456
3621
406
1770
3571
2076
3796
1539
3259
3696
1489
3209
3646
1795
3159
1308
1389
902
1258
852
1208
721
1158
671
752
2472
3786
2372
2110
340
1704
1654
2010
240
1554
3761
3274
1373
1323
1273
1223
2050
199
505
2662
1769
2125
405
2206
355
3389
1538
1488
3189
851
2521
1107
2827
570
2290
2371
33
2240
2677
470
339
2271
420
2140
289
1653
2090
3529
3123
2992
785
1222
2942
3429
735
685
2405
554
635
2305
3619
404
1768
2255
3569
2205
354
1668
304
3469
1131
1487
3694
3288
1924
3725
1387
3594
1256
3057
1206
1287
3007
1156
1237
2957
1106
2470
750
700
2420
213
2857
2370
650
600
2320
469
3634
419
1783
1602
1958
238
3759
1989
3709
1858
965
1808
3172
1758
1271
1171
2535
1121
2435
2741
890
403
2073
2154
2510
2460
3774
3287
1436
3237
1873
3674
1823
1336
3187
1417
1286
2650
1236
3037
2906
1055
2419
2856
2369
2725
2806
2319
468
2188
418
1782
2625
2088
318
1988
3789
1938
2765
3202
2715
864
3427
3508
3021
1170
2890
2971
2921
2384
533
2740
402
2334
2203
352
433
2153
383
252
1566
202
1516
3673
3186
3542
1772
3136
3005
1235
3392
698
2986
2368
517
1004
2805
598
2318
954
417
498
3582
1731
3532
1681
2168
2118
136
86
36
3070
1219
1300
813
3507
3020
763
1200
713
1069
582
663
1019
2383
2820
969
2333
613
3647
1796
788
301
201
151
1515
1952
1465
3622
3572
878
1234
3085
1315
1184
2548
778
2985
2935
2448
903
2267
853
2167
316
803
2523
2117
1580
3787
1936
2017
1530
3250
3687
1349
3150
1249
762
531
968
2769
2282
431
2638
2232
331
281
2001
3802
1951
3315
3265
1414
1901
3215
1720
3440
1670
1133
3340
2934
2447
3290
2803
2884
1033
3240
546
2834
2166
315
396
2116
265
3430
215
165
1529
1835
1785
3505
3586
3099
1198
2918
3355
2868
1017
611
430
511
2231
2718
2487
1950
3670
3751
49
3570
3651
1313
3520
1182
1619
1213
2933
1569
1082
676
2396
2833
626
495
2652
2165
314
2602
2115
164
3735
1884
1965
1478
3635
1784
1378
891
1734
3098
1684
3048
1147
2948
2461
2817
966
1453
2767
1403
2230
379
816
329
766
279
2486
1999
2080
1949
2030
179
1899
1493
3700
3213
3163
1312
1749
1262
3113
1568
1081
3369
1518
1031
3238
2832
2345
494
2701
444
2195
2551
344
2064
2014
2095
244
2451
3765
3278
1427
1914
3584
3534
1146
3353
2947
3303
2816
3253
2847
509
2797
459
328
2616
2129
2566
228
3393
534
47
3699
1848
2335
3649
1798
1748
1261
3112
3368
674
1030
1111
624
930
2244
474
830
343
2194
162
2450
549
3633
1863
12
1376
1813
3533
1326
1763
1145
2946
739
2896
639
2359
2665
2615
2128
277
2565
2028
664
127
1847
1491
1797
1878
3598
1747
3548
1697
3061
1341
1597
3317
2780
2730
879
829
292
2499
2580
2093
242
2043
2399
1912
2349
1862
92
1812
1325
1762
1275
1631
2945
3301
1581
1094
3382
2895
3251
3332
2845
3201
2795
944
2664
2745
2614
407
3051
2208
307
2514
2027
2108
207
76
382
3547
2860
1009
3216
2810
909
422
2629
372
728
2579
3762
547
2398
3712
1861
3662
447
1811
3562
3431
3512
3381
1124
2844
3331
1074
587
2794
3231
1024
893
2694
2563
1149
662
2463
612
3777
3727
1745
3677
1826
1776
1289
1645
3446
2959
1108
1239
1189
2909
3396
1139
2859
1008
1314
827
2678
777
2578
727
2528
2347
90
1810
1760
1354
1710
1660
1173
3330
115
1479
3280
2793
1379
2743
305
2512
2593
2106
742
2462
205
2412
2362
1875
3726
1825
1906
3495
3445
1594
230
2081
2031
3264
3345
2858
3014
2527
807
757
1990
139
220
3791
2296
526
3610
395
345
1709
2973
3329
3410
1559
2923
3229
1022
3179
841
922
435
791
610
1047
560
2311
1824
1774
360
3525
3475
1624
1137
1574
1087
2807
956
550
2757
1212
2963
1112
625
3790
38
1839
3559
1252
1202
1558
2922
3359
2872
665
3228
1864
13
3665
3128
1277
790
2641
1227
2591
3028
1177
2541
2410
2491
640
153
2360
2441
1773
1723
3524
2160
1492
3780
1929
3193
1342
855
1292
3012
2962
705
655
3739
1888
1969
118
3689
1838
780
3458
2044
3358
143
3227
3177
2771
920
3208
2721
3077
870
2590
820
333
2977
2571
720
2796
2309
458
945
358
2159
1622
2886
3323
2836
398
754
1110
2911
1060
573
2374
523
2324
960
3638
2274
3588
1737
3538
3407
3357
1150
3794
1456
1050
2770
1406
3076
1175
688
2926
2439
588
51
488
438
3522
1671
1752
1265
1215
1652
3728
26
1390
1340
3628
1290
753
2554
1140
653
2504
603
1967
503
1867
1736
3587
2529
191
3356
1505
141
1942
1455
1892
3125
3206
2719
3075
2669
3025
818
768
2975
2488
2569
2438
2469
1982
1851