233
102
183
277
256
2
177
156
148
127
106
331
48
171
304
348
94
73
217
44
117
342
321
88
198
292
38
346
92
259
5
238
209
313
9
82
74
286
32
24
257
126
207
330
76
178
128
332
99
303
347
203
268
247
197
168
147
241
293
39
120
10
143
114
318
85
341
333
312
58
8
335
60
154
125
329
54
258
179
302
129
273
173
152
246
319
15
350
46
169
119
344
90
323
40
84
317
288
115
107
86
290
36
211
334
161
284
305
234
205
155
228
201
151
122
245
101
72
276
22
145
349
116
320
270
16
322
272
141
345
62
287
33
12
289
137
260
239
231
87
160
131