62 76 146 170 174 181 245 276 310 433 448 453 454 505 545 587 645 682 758 778 780 936 959 969 1023 1051 1077 1118 1173 1186 1200 1239 1242 1246 1323 1325 1340 1342 1346 1438 1520 1552 1584 1627 1663 1702 1708 1726 1840 1856 1946 1949 1957 2111 2172 2215 2352 2378 2413 2490 2603 2653 2746 2760 2968 3038 3137 3417 3503 3536 3556 3566 3736 , 3 6 % 73 , 2
13 19 59 71 76 89 130 209 210 215 245 289 377 444 448 454 509 513 515 530 548 550 562 587 596 639 664 667 706 714 763 778 787 790 794 808 890 900 936 952 977 1023 1030 1050 1077 1078 1079 1100 1125 1132 1144 1150 1246 1265 1284 1290 1294 1311 1342 1347 1389 1416 1424 1427 1432 1493 1499 1505 1617 1627 1762 2238 3575 , 1 2 3 5 % 73 , 4
1719 1748 1764 1771 1779 1782 1793 1851 1861 1864 1881 1890 1921 2059 2133 2135 2188 2195 2294 2302 2329 2330 2343 2367 2484 2545 2565 2586 2591 2613 2614 2640 2652 2784 2787 2791 2797 2835 2866 2869 2884 2885 2895 2898 2923 2929 2946 2962 2969 2972 3028 3034 3043 3159 3251 3269 3281 3303 3304 3325 3337 3416 3507 3548 3551 3565 3619 3626 3633 3689 3703 3777 , 3 4 % 72 , 2
124 164 314 318 389 407 574 576 663 694 701 767 783 791 932 971 988 995 1028 1072 1076 1089 1163 1182 1254 1304 1316 1318 1326 1328 1329 1374 1409 1422 1540 1589 1654 1659 1671 1718 1724 1750 1953 1977 2085 2130 2204 2214 2300 2619 2627 2663 2669 2727 2732 2763 2853 3013 3061 3068 3125 3162 3208 3289 3343 3399 3404 3430 3482 3538 3676 3742 , 0 6 % 72 , 2
3 101 399 523 537 547 553 575 650 683 723 767 792 807 846 873 1019 1028 1033 1060 1113 1163 1182 1267 1278 1299 1315 1329 1370 1374 1375 1387 1388 1406 1497 1516 1519 1578 1583 1631 1632 1659 1683 1722 1788 1818 1912 1948 1977 2130 2174 2176 2179 2439 2527 2543 2734 2785 2937 3076 3099 3105 3106 3161 3399 3454 3469 3471 3476 3490 3495 3663 , 1 2 3 4 % 72 , 4
13 19 59 71 76 89 130 209 210 215 245 289 377 444 454 509 513 515 530 548 550 562 587 596 639 664 667 706 714 763 778 787 790 794 808 890 900 934 936 952 977 1023 1030 1050 1077 1078 1079 1081 1100 1125 1132 1144 1150 1246 1265 1284 1290 1294 1342 1347 1389 1416 1424 1432 1493 1499 1505 1617 1627 1762 2238 3575 , 0 1 2 3 % 72 , 4
124 314 318 389 574 576 663 694 701 767 783 791 807 932 971 988 995 1028 1072 1089 1163 1182 1254 1304 1316 1318 1326 1328 1329 1374 1409 1422 1481 1540 1589 1654 1659 1671 1718 1724 1750 1953 1977 2085 2102 2130 2204 2214 2300 2619 2627 2663 2669 2727 2732 2763 2853 3013 3068 3125 3162 3289 3343 3399 3404 3430 3466 3482 3538 3676 3742 , 5 6 % 71 , 2
1648 1736 1740 1747 1843 1868 1878 1899 1901 1936 1944 1988 2088 2141 2236 2245 2275 2291 2309 2324 2347 2398 2400 2430 2493 2529 2540 2591 2631 2689 2728 2729 2743 2794 2809 2818 2856 2882 2899 2901 2933 2952 2954 2973 2990 3015 3066 3085 3111 3118 3168 3184 3298 3316 3329 3335 3380 3461 3501 3568 3646 3652 3664 3677 3710 3715 3741 3753 3761 3790 3794 , 2 4 6 % 71 , 3
1 11 17 49 78 105 189 212 219 227 233 246 251 262 264 267 303 330 348 355 365 385 511 519 552 554 582 584 597 634 636 660 673 674 681 711 717 740 741 749 851 864 910 943 956 1003 1031 1035 1046 1074 1129 1133 1155 1209 1248 1293 1295 1300 1302 1385 1450 1454 1512 1517 1527 1593 1669 2376 3147 3294 3486 , 1 3 5 % 71 , 3
19 36 47 78 224 230 318 337 457 507 513 543 643 653 741 752 767 790 798 807 925 941 1013 1028 1076 1100 1163 1182 1326 1329 1374 1375 1481 1512 1568 1589 1609 1632 1659 1694 1697 1784 1796 1945 1977 2130 2159 2238 2252 2266 2323 2362 2403 2584 2595 2609 2688 2700 2811 2841 2908 2922 2994 3011 3068 3155 3163 3399 3522 3528 , 4 6 % 70 , 2
2 15 24 42 99 121 160 163 170 250 255 271 285 325 350 368 383 384 410 414 429 431 470 484 539 560 561 565 610 627 637 654 672 679 702 709 721 743 817 832 868 878 892 911 933 951 969 1012 1015 1083 1109 1112 1122 1131 1140 1159 1161 1233 1245 1301 1323 1350 1377 1378 1418 1437 1463 1555 1562 1626 , 0 1 4 5 % 70 , 4
13 19 59 71 76 89 130 209 210 215 245 289 377 444 454 509 513 515 530 548 550 562 587 596 639 664 667 706 714 763 778 787 790 794 808 890 900 936 952 977 1023 1030 1050 1077 1078 1079 1100 1125 1132 1144 1150 1246 1265 1284 1290 1294 1342 1347 1389 1416 1424 1432 1493 1499 1505 1617 1627 1762 2238 3575 , 0 1 2 3 5 % 70 , 5
3 101 399 523 537 547 553 575 650 683 723 767 792 846 873 1019 1028 1060 1113 1163 1182 1267 1278 1299 1315 1326 1329 1370 1374 1387 1388 1497 1516 1519 1578 1583 1631 1659 1683 1788 1818 1912 1948 1977 2130 2174 2176 2179 2187 2439 2442 2527 2543 2734 2785 2937 2979 3076 3099 3105 3106 3161 3399 3454 3469 3476 3490 3495 3663 , 0 1 3 4 5 % 69 , 5
0 12 64 66 86 102 151 155 161 172 173 213 228 242 244 260 281 284 315 357 394 418 427 432 503 517 534 555 580 595 644 659 677 742 766 768 772 820 854 855 860 869 922 962 980 989 1036 1088 1106 1110 1127 1130 1138 1158 1192 1197 1202 1203 1207 1208 1213 1225 1232 1236 1348 1400 1419 1484 , 2 % 68 , 1
3 101 399 523 537 547 553 575 650 683 723 767 792 807 846 873 1019 1028 1060 1113 1163 1182 1267 1278 1299 1315 1329 1370 1374 1387 1388 1406 1497 1516 1519 1578 1583 1631 1659 1683 1788 1818 1912 1948 1977 2130 2174 2176 2179 2439 2527 2543 2734 2785 2937 3076 3099 3105 3106 3161 3399 3454 3469 3471 3476 3490 3495 3663 , 1 2 3 4 5 % 68 , 5
124 314 318 389 574 576 663 694 701 767 783 791 932 971 988 995 1028 1072 1089 1163 1182 1254 1304 1316 1318 1326 1328 1329 1374 1409 1422 1540 1589 1654 1659 1671 1718 1724 1750 1953 1977 2085 2130 2204 2214 2300 2619 2627 2663 2669 2727 2732 2763 2853 3013 3068 3125 3162 3289 3343 3399 3404 3430 3482 3538 3676 3742 , 0 5 6 % 67 , 3
6 51 64 79 108 125 135 154 172 247 258 279 282 283 299 302 307 357 367 402 472 486 524 559 585 590 625 638 644 653 676 677 690 696 705 715 726 779 788 820 844 853 927 1026 1063 1095 1128 1197 1219 1221 1237 1240 1443 1575 1599 1657 1891 2127 2431 2436 2474 3342 3430 3446 3653 3744 , 3 % 66 , 1
1 11 49 78 100 123 153 189 212 219 227 233 246 251 262 267 303 348 355 365 385 519 552 554 582 584 597 634 636 660 673 674 681 711 740 741 749 851 864 910 1003 1020 1031 1035 1046 1068 1133 1155 1209 1248 1293 1295 1300 1361 1385 1450 1454 1512 1517 1527 1588 1593 1669 2376 3294 3486 , 0 1 3 % 66 , 3
3 101 399 523 537 547 553 575 650 683 723 767 792 846 873 1019 1028 1060 1113 1163 1182 1267 1278 1299 1315 1329 1370 1374 1387 1388 1497 1516 1519 1578 1583 1631 1659 1683 1788 1818 1912 1948 1977 2130 2174 2176 2179 2439 2527 2543 2734 2785 2937 3076 3099 3105 3106 3161 3399 3454 3469 3476 3490 3495 3663 , 0 1 2 3 4 5 % 65 , 6
1518 1712 1873 1874 1995 2006 2012 2045 2057 2066 2070 2117 2133 2167 2219 2230 2311 2331 2342 2362 2476 2515 2584 2589 2592 2595 2599 2641 2672 2673 2792 2796 2813 2836 2847 2857 2863 2889 2908 2926 3193 3203 3215 3247 3255 3271 3282 3301 3330 3361 3370 3371 3481 3567 3624 3637 3641 3659 3668 3728 3734 3771 3776 3801 , 1 3 % 64 , 2
1680 1715 1875 1907 1966 1998 2020 2041 2064 2090 2095 2104 2107 2364 2373 2384 2429 2499 2504 2533 2571 2620 2635 2648 2649 2807 2822 2854 2872 2891 2895 2924 2942 2997 3001 3005 3007 3056 3128 3171 3232 3281 3297 3336 3348 3358 3532 3554 3559 3616 3621 3631 3638 3654 3655 3682 3696 3697 3700 3737 3739 3774 3808 , 1 2 % 63 , 2
1664 1737 1776 1807 1835 1846 1918 1966 1969 1973 1992 2024 2061 2090 2093 2098 2104 2126 2212 2217 2256 2263 2282 2310 2353 2373 2451 2453 2483 2533 2555 2558 2686 2724 2810 2822 2830 2948 2982 3002 3056 3092 3145 3194 3232 3248 3250 3317 3373 3419 3532 3545 3547 3562 3571 3579 3581 3591 3628 3712 3737 3760 3762 , 0 4 % 63 , 2
1518 1712 1873 1874 1995 2006 2012 2045 2057 2066 2070 2117 2133 2167 2219 2230 2311 2331 2342 2362 2476 2515 2584 2589 2592 2595 2599 2641 2672 2673 2792 2796 2813 2836 2847 2857 2863 2889 2908 2926 3203 3215 3247 3255 3271 3282 3301 3330 3361 3370 3371 3481 3567 3624 3637 3641 3659 3668 3728 3734 3771 3776 3801 , 1 3 5 % 63 , 3
135 273 1646 1711 1716 1865 1886 1981 2044 2123 2170 2249 2272 2306 2337 2415 2418 2420 2425 2434 2436 2441 2444 2458 2521 2680 2749 2753 3000 3014 3055 3058 3078 3096 3114 3126 3134 3139 3196 3208 3292 3350 3354 3356 3366 3375 3376 3389 3401 3405 3407 3422 3439 3441 3444 3502 3517 3524 3569 3621 3731 3744 , 4 % 62 , 1
14 31 34 76 110 125 174 220 245 248 364 407 417 448 454 476 516 566 587 617 630 641 689 700 778 822 833 865 875 936 991 1010 1023 1024 1034 1035 1063 1077 1082 1121 1173 1193 1246 1271 1286 1292 1306 1308 1331 1342 1397 1415 1520 1521 1551 1622 1627 2197 2752 3473 3798 , 2 6 % 61 , 2
712 1018 1086 1321 1337 1607 1651 1690 1706 1759 1763 1805 1854 1902 1915 1929 1931 1934 1978 1985 1994 2016 2055 2075 2134 2191 2221 2225 2356 2381 2437 2528 2636 2679 2720 2735 2777 2790 2879 2892 2925 2931 2958 3036 3091 3198 3211 3212 3223 3246 3397 3436 3572 3583 3617 3656 3658 3673 3688 3754 3783 , 3 4 5 % 61 , 3
298 518 751 821 1157 1451 1485 1620 1636 1690 1759 1789 1805 1836 1866 1909 1978 2016 2036 2075 2099 2145 2153 2211 2237 2298 2411 2572 2621 2679 2722 2736 2850 2998 3033 3079 3086 3097 3140 3185 3195 3198 3211 3223 3235 3267 3293 3326 3377 3426 3437 3467 3576 3630 3639 3658 3688 3743 3802 3807 , 0 2 6 % 60 , 3
298 518 751 821 1157 1168 1451 1485 1620 1636 1690 1759 1805 1836 1866 1909 1978 2016 2036 2075 2099 2145 2153 2211 2237 2298 2409 2411 2572 2621 2679 2722 2736 2850 2998 3033 3079 3086 3140 3185 3195 3198 3211 3223 3235 3267 3293 3326 3377 3426 3437 3467 3576 3630 3639 3658 3688 3743 3802 3807 , 2 5 6 % 60 , 3
1518 1712 1873 1874 1995 2006 2012 2045 2057 2066 2070 2117 2133 2219 2230 2311 2331 2342 2362 2476 2515 2584 2589 2595 2599 2641 2672 2673 2792 2796 2813 2836 2847 2857 2863 2889 2908 2926 3203 3215 3255 3271 3282 3301 3330 3361 3370 3371 3481 3567 3624 3637 3641 3659 3668 3728 3734 3771 3776 3801 , 0 1 3 5 % 60 , 4
1581 1658 1758 1812 1851 1919 1955 1959 1965 1983 1999 2015 2060 2108 2147 2151 2206 2248 2253 2265 2318 2368 2387 2401 2419 2514 2559 2578 2591 2606 2607 2633 2677 2682 2701 2761 2771 2803 2816 2827 2887 2890 2909 2917 2921 2944 2986 3018 3084 3107 3136 3205 3207 3390 3415 3708 3717 3740 3755 , 3 5 6 % 59 , 3
1 11 49 78 189 212 219 227 233 246 251 262 267 303 348 355 365 385 519 552 554 582 584 597 634 636 660 673 674 681 711 740 741 749 851 864 910 1003 1031 1035 1046 1133 1155 1209 1248 1293 1295 1300 1385 1450 1454 1512 1517 1527 1593 1669 2376 3294 3486 , 0 1 3 5 % 59 , 4
1664 1737 1767 1776 1835 1846 1918 1966 1969 1992 2024 2061 2090 2098 2104 2217 2256 2263 2282 2310 2353 2373 2451 2453 2483 2533 2547 2555 2558 2686 2724 2810 2822 2830 2948 2982 3002 3056 3092 3145 3194 3232 3248 3250 3317 3373 3419 3532 3545 3547 3562 3571 3579 3591 3628 3712 3737 3760 , 4 5 % 58 , 2
712 1086 1321 1337 1607 1634 1651 1690 1706 1759 1763 1805 1854 1902 1915 1929 1931 1934 1978 1985 1994 2013 2016 2075 2134 2161 2191 2221 2356 2381 2437 2528 2636 2679 2720 2735 2777 2790 2892 2925 2931 3036 3091 3198 3202 3211 3223 3246 3397 3436 3605 3617 3656 3658 3688 3754 3764 3783 , 0 3 4 % 58 , 3
298 518 751 821 1157 1451 1485 1620 1636 1690 1759 1805 1836 1866 1909 1978 2016 2036 2075 2099 2145 2153 2211 2237 2298 2411 2572 2621 2679 2722 2736 2850 2998 3033 3079 3086 3140 3185 3195 3198 3211 3223 3235 3267 3293 3326 3377 3426 3437 3467 3576 3630 3639 3658 3688 3743 3802 3807 , 0 2 5 6 % 58 , 4
47 50 74 92 127 217 230 286 311 319 326 337 359 395 401 403 420 423 441 464 465 466 525 598 629 631 647 661 697 707 720 724 771 788 809 814 827 904 909 920 1206 1227 1234 1247 1250 1262 1277 1368 1396 1447 1534 1576 1601 1609 1624 1879 , 3 5 % 56 , 2
90 318 542 543 663 694 733 767 776 783 807 932 995 1028 1057 1072 1163 1182 1326 1328 1329 1374 1375 1381 1402 1409 1422 1481 1540 1543 1632 1654 1659 1718 1724 1750 1817 1977 2127 2130 2204 2214 2619 2669 2763 2853 3013 3068 3162 3289 3343 3399 3482 3650 3653 3742 , 1 6 % 56 , 2
1664 1737 1776 1835 1846 1918 1966 1969 1992 2024 2061 2090 2098 2104 2217 2256 2263 2282 2310 2353 2373 2451 2453 2483 2533 2555 2558 2686 2724 2810 2822 2830 2948 2982 3002 3056 3092 3145 3194 3232 3248 3250 3317 3373 3419 3532 3545 3547 3562 3571 3579 3591 3628 3712 3737 3760 , 0 4 5 % 56 , 3
1581 1758 1812 1851 1919 1955 1959 1965 1983 2060 2108 2147 2151 2206 2248 2253 2265 2368 2387 2401 2419 2514 2559 2578 2591 2606 2607 2633 2677 2682 2701 2761 2771 2791 2803 2816 2827 2845 2887 2890 2917 2921 2944 2986 3018 3084 3107 3136 3205 3207 3390 3415 3708 3717 3740 3755 , 0 3 6 % 56 , 3
845 1217 1296 1365 1369 1689 1710 1734 1752 1760 1811 1832 1859 1974 1990 2030 2077 2194 2301 2305 2320 2384 2399 2475 2523 2551 2563 2583 2612 2671 2684 2820 2888 2913 2940 3032 3088 3128 3171 3189 3201 3229 3263 3270 3345 3358 3359 3381 3518 3554 3584 3587 3651 3680 3796 , 3 % 55 , 1
14 31 34 76 110 146 168 220 245 248 269 364 391 407 417 443 448 454 458 462 476 545 566 572 587 617 689 700 778 822 833 875 936 1023 1024 1077 1082 1121 1193 1246 1271 1286 1292 1306 1308 1331 1342 1346 1584 1591 1622 1627 2197 3072 3473 , 1 6 % 55 , 2
1712 1757 1773 1775 1874 2012 2045 2066 2070 2117 2133 2167 2219 2230 2311 2331 2334 2389 2416 2476 2515 2584 2589 2594 2599 2615 2672 2792 2813 2847 2857 2889 2908 2926 3148 3271 3282 3301 3330 3361 3370 3481 3600 3624 3637 3641 3659 3667 3668 3728 3734 3771 3776 3785 , 2 3 % 54 , 2
1581 1758 1812 1851 1919 1955 1959 1965 1983 2060 2108 2147 2151 2206 2248 2253 2265 2368 2387 2401 2419 2514 2559 2578 2591 2606 2607 2633 2677 2682 2701 2761 2771 2803 2816 2827 2887 2890 2917 2921 2944 2986 3018 3084 3107 3136 3205 3207 3390 3415 3708 3717 3740 3755 , 0 3 5 6 % 54 , 4
47 50 74 92 127 217 230 286 311 319 326 337 395 401 420 423 441 464 466 525 598 629 631 647 661 697 707 720 724 771 788 809 814 827 904 909 920 1206 1234 1247 1250 1270 1277 1368 1396 1447 1534 1576 1601 1609 1624 1625 1879 , 0 3 % 53 , 2
69 712 1086 1321 1337 1690 1706 1759 1763 1805 1915 1929 1931 1934 1978 1985 1994 2013 2016 2049 2055 2134 2191 2225 2356 2437 2459 2526 2528 2537 2608 2636 2670 2679 2735 2737 2777 2790 2877 2925 2931 2958 3036 3091 3212 3223 3339 3436 3572 3583 3658 3688 3783 , 1 3 4 % 53 , 3
1 49 78 100 123 153 212 219 233 262 267 303 348 355 365 385 519 552 554 582 584 597 624 636 673 674 711 749 851 864 910 958 1003 1020 1031 1032 1046 1068 1133 1155 1209 1248 1293 1295 1300 1361 1450 1512 1527 1533 1588 1669 , 0 2 3 % 52 , 3
1 17 49 78 105 212 219 233 262 264 267 303 330 348 355 365 385 511 519 552 554 582 584 597 624 636 673 674 711 717 749 851 864 910 943 956 1003 1031 1046 1129 1133 1155 1209 1248 1293 1295 1300 1302 1450 1512 1527 1669 , 2 3 5 % 52 , 3
1664 1737 1776 1807 1835 1846 1918 1969 1992 2024 2061 2093 2098 2126 2212 2217 2256 2263 2282 2310 2353 2451 2453 2483 2555 2558 2686 2724 2810 2830 2948 2982 3002 3092 3145 3194 3248 3250 3317 3373 3419 3545 3547 3562 3571 3579 3581 3591 3628 3712 3760 3762 , 0 1 4 % 52 , 3
298 751 821 1157 1168 1451 1485 1620 1636 1690 1759 1805 1836 1866 1909 1978 2016 2036 2099 2145 2153 2211 2237 2298 2409 2411 2572 2621 2679 2722 2736 2850 2998 3033 3079 3140 3185 3195 3223 3235 3267 3326 3377 3426 3437 3467 3630 3639 3658 3688 3743 3807 , 1 2 5 6 % 52 , 4
712 1086 1321 1337 1607 1651 1690 1706 1759 1763 1805 1854 1902 1915 1929 1931 1934 1978 1985 1994 2016 2075 2134 2191 2221 2356 2381 2437 2528 2636 2679 2720 2735 2777 2790 2892 2925 2931 3036 3091 3198 3211 3223 3246 3397 3436 3617 3656 3658 3688 3754 3783 , 0 3 4 5 % 52 , 4
4 15 24 42 121 147 160 163 169 250 270 271 285 350 368 383 429 467 484 539 560 561 565 610 637 654 679 702 832 878 892 911 933 951 969 1012 1083 1109 1245 1323 1338 1350 1377 1378 1437 1463 1504 1522 1547 1555 1626 , 2 4 5 % 51 , 3
47 50 74 92 127 217 230 286 311 319 326 337 395 401 420 423 441 464 466 525 598 629 631 647 661 697 707 720 724 771 788 809 814 827 904 909 920 1206 1234 1247 1250 1277 1368 1396 1447 1534 1576 1601 1609 1624 1879 , 0 3 5 % 51 , 3
1 17 49 78 105 212 219 233 262 264 267 303 330 348 355 365 385 511 519 552 554 582 584 597 636 673 674 711 717 749 851 864 910 943 956 1003 1031 1046 1129 1133 1155 1209 1248 1293 1295 1300 1302 1450 1512 1527 1669 , 1 2 3 5 % 51 , 4
136 143 167 244 246 263 300 303 330 347 352 511 717 746 796 864 879 1126 1139 1198 1272 1281 1300 1334 1449 1517 1588 1691 2079 2186 2216 2273 2337 2370 2458 2744 2875 3063 3139 3144 3307 3332 3366 3391 3392 3403 3407 3470 3472 3644 , 3 6 % 50 , 2
39 103 116 306 422 442 446 477 522 628 795 824 885 898 957 1059 1162 1249 1269 1307 1327 1411 1495 1544 1595 1653 1721 1741 1821 2028 2119 2321 2366 2383 2602 2655 2705 2824 2844 2846 2930 3052 3186 3347 3413 3418 3457 3509 3574 3602 , 3 6 % 50 , 2
69 712 1086 1321 1337 1651 1690 1706 1759 1763 1805 1854 1871 1915 1929 1931 1934 1978 1985 1994 2013 2016 2049 2055 2075 2134 2191 2225 2356 2437 2528 2679 2720 2735 2737 2777 2925 2931 2958 3036 3091 3198 3211 3223 3397 3436 3656 3658 3688 3783 , 2 3 4 % 50 , 3
1581 1758 1812 1831 1919 1959 1965 1999 2015 2060 2108 2147 2151 2206 2248 2265 2318 2368 2387 2401 2514 2559 2578 2606 2633 2677 2682 2750 2771 2803 2816 2817 2827 2845 2887 2890 2917 2921 2944 2986 3018 3084 3136 3207 3390 3415 3708 3717 3740 3755 , 1 3 6 % 50 , 3
1648 1736 1826 1843 1868 1878 1899 1901 1936 1944 1988 2088 2121 2236 2275 2309 2347 2398 2400 2430 2529 2631 2689 2728 2729 2743 2794 2809 2818 2856 2882 2899 2901 2933 2954 2973 2990 3066 3085 3168 3298 3316 3335 3461 3501 3652 3677 3710 3741 3761 , 1 4 6 % 50 , 3
4 15 24 42 121 160 163 190 192 250 270 271 285 350 368 369 383 429 484 487 539 560 561 565 610 637 654 679 702 832 878 892 911 933 951 969 1012 1083 1109 1146 1245 1323 1338 1350 1377 1378 1437 1463 1555 1626 , 0 2 4 % 50 , 3
1664 1737 1776 1807 1835 1846 1918 1969 1973 1992 2024 2061 2093 2098 2126 2212 2217 2256 2263 2282 2310 2353 2451 2483 2555 2558 2686 2724 2810 2822 2830 2948 2982 3002 3092 3194 3248 3250 3419 3545 3547 3562 3571 3579 3581 3591 3628 3712 3760 3762 , 0 2 4 % 50 , 3
298 751 821 1157 1451 1485 1620 1636 1690 1759 1805 1836 1866 1909 1978 2016 2036 2099 2145 2153 2211 2237 2298 2411 2572 2621 2679 2722 2736 2850 2998 3033 3079 3140 3185 3195 3223 3235 3267 3326 3377 3426 3437 3467 3630 3639 3658 3688 3743 3807 , 0 1 2 5 6 % 50 , 5
14 76 110 146 168 174 220 245 248 269 276 364 391 407 448 454 458 462 545 566 587 700 750 778 786 822 936 937 1023 1024 1033 1077 1121 1246 1308 1331 1342 1346 1438 1486 1520 1584 1627 2436 3074 3120 3410 3417 3798 , 5 6 % 49 , 2
14 76 110 146 168 174 245 269 276 364 454 458 462 545 587 617 700 750 778 786 822 833 936 937 1023 1024 1033 1077 1121 1173 1246 1308 1331 1342 1346 1486 1504 1520 1547 1565 1584 1627 2143 2436 3072 3074 3410 3417 3798 , 0 6 % 49 , 2
1712 1757 1874 2012 2045 2066 2070 2117 2133 2219 2230 2311 2331 2389 2416 2476 2515 2584 2589 2594 2599 2615 2672 2792 2813 2847 2857 2889 2908 2926 3148 3271 3282 3301 3330 3361 3370 3481 3600 3624 3637 3641 3659 3668 3728 3734 3771 3776 3785 , 0 2 3 % 49 , 3
1712 1757 1874 2012 2045 2066 2070 2117 2133 2167 2219 2230 2311 2331 2389 2416 2476 2515 2584 2589 2599 2615 2672 2792 2813 2847 2857 2889 2908 2926 3148 3271 3282 3301 3330 3361 3370 3481 3600 3624 3637 3641 3659 3668 3728 3734 3771 3776 3785 , 2 3 5 % 49 , 3
