50 81 108 118 121 143 202 263 287 299 300 303 330 332 341 347 367 400 430 511 558 679 691 717 737 785 864 870 903 920 924 951 1084 1090 1126 1139 1223 1234 1270 1300 1377 1426 1436 1453 1492 1574 1588 2693 , 2 6 % 48 , 2
1664 1737 1767 1776 1835 1846 1918 1969 1992 2024 2061 2098 2217 2256 2263 2282 2310 2353 2451 2453 2483 2547 2555 2558 2686 2724 2810 2830 2948 2982 3002 3092 3145 3194 3248 3250 3317 3373 3419 3545 3547 3562 3571 3579 3591 3628 3712 3760 , 1 4 5 % 48 , 3
1664 1737 1776 1807 1835 1846 1918 1969 1992 2024 2061 2093 2098 2126 2212 2217 2256 2263 2282 2310 2353 2451 2483 2555 2558 2686 2724 2810 2830 2948 2982 3002 3092 3194 3248 3250 3419 3545 3547 3562 3571 3579 3581 3591 3628 3712 3760 3762 , 0 1 2 4 % 48 , 4
1648 1736 1843 1868 1878 1899 1901 1936 1944 1988 2088 2236 2275 2309 2347 2398 2400 2430 2529 2631 2689 2728 2729 2743 2794 2809 2818 2856 2882 2899 2901 2933 2954 2973 2990 3066 3085 3168 3298 3316 3335 3461 3501 3652 3677 3710 3741 3761 , 1 2 4 6 % 48 , 4
1 49 78 100 123 153 212 219 233 262 267 303 348 355 365 385 519 552 554 582 584 597 636 673 674 711 749 851 864 910 1003 1020 1031 1046 1068 1133 1155 1209 1248 1293 1295 1300 1361 1450 1512 1527 1588 1669 , 0 1 2 3 % 48 , 4
15 24 42 121 147 160 163 169 250 271 285 350 368 383 429 467 484 539 560 561 565 610 637 654 679 702 832 878 892 911 933 951 969 1012 1083 1109 1245 1323 1350 1377 1378 1437 1463 1504 1522 1547 1555 1626 , 1 2 4 5 % 48 , 4
1712 1757 1874 2012 2045 2066 2070 2117 2133 2219 2230 2311 2331 2389 2416 2476 2515 2584 2589 2599 2615 2672 2792 2813 2847 2857 2889 2908 2926 3148 3271 3282 3301 3330 3361 3370 3481 3600 3624 3637 3641 3659 3668 3728 3734 3771 3776 3785 , 0 2 3 5 % 48 , 4
21 29 50 51 81 118 121 143 202 223 246 263 287 300 303 330 347 400 402 430 493 511 558 679 691 717 737 771 864 920 951 1084 1090 1126 1139 1234 1270 1281 1300 1301 1336 1377 1431 1453 1517 1574 1588 , 1 6 % 47 , 2
1680 1697 1723 1768 1796 2064 2118 2125 2267 2364 2412 2429 2504 2507 2523 2610 2620 2629 2635 2648 2649 2793 2795 2854 2942 2988 3001 3005 3209 3233 3261 3280 3285 3290 3319 3505 3603 3629 3649 3654 3697 3699 3700 3730 3758 3759 3787 , 3 5 % 47 , 2
15 24 42 121 160 163 190 192 250 271 285 350 368 369 383 429 484 487 539 560 561 565 610 637 654 679 702 832 878 892 911 933 951 969 1012 1083 1109 1146 1245 1323 1350 1377 1378 1437 1463 1555 1626 , 0 1 2 4 % 47 , 4
47 74 217 230 235 286 304 311 319 337 362 395 401 403 420 423 440 441 464 465 466 556 573 598 599 647 661 697 720 724 788 809 827 1013 1017 1206 1216 1262 1277 1279 1309 1447 1534 1576 1601 1625 , 1 3 % 46 , 2
0 64 66 86 151 155 161 172 213 228 242 244 260 281 315 357 394 418 427 517 534 595 644 659 677 772 820 854 855 869 922 980 989 1106 1130 1138 1158 1197 1203 1207 1208 1213 1225 1232 1236 1419 , 1 2 % 46 , 2
1581 1758 1812 1919 1959 1965 1999 2015 2060 2108 2147 2151 2206 2248 2265 2318 2368 2387 2401 2514 2559 2578 2606 2633 2677 2682 2771 2803 2816 2827 2887 2890 2917 2921 2944 2986 3018 3084 3136 3207 3390 3415 3708 3717 3740 3755 , 1 3 5 6 % 46 , 4
1664 1737 1776 1835 1846 1918 1969 1992 2024 2061 2098 2217 2256 2263 2282 2310 2353 2451 2453 2483 2555 2558 2686 2724 2810 2830 2948 2982 3002 3092 3145 3194 3248 3250 3317 3373 3419 3545 3547 3562 3571 3579 3591 3628 3712 3760 , 0 1 4 5 % 46 , 4
1680 1697 1723 1768 1796 1862 2064 2118 2125 2267 2364 2412 2429 2469 2504 2507 2523 2610 2620 2629 2635 2648 2649 2793 2795 2942 2988 3001 3005 3209 3233 3261 3280 3285 3290 3319 3505 3629 3649 3654 3697 3699 3700 3759 3787 , 0 3 % 45 , 2
1581 1758 1770 1798 1831 1955 1959 1965 1983 1999 2151 2206 2248 2318 2368 2514 2559 2578 2591 2633 2677 2682 2701 2750 2761 2771 2816 2817 2827 2845 2887 2890 2921 2944 2986 3136 3205 3207 3331 3415 3512 3708 3717 3740 3755 , 2 3 6 % 45 , 3
1664 1737 1767 1776 1835 1846 1918 1969 1992 2024 2061 2098 2217 2256 2263 2282 2310 2353 2451 2483 2547 2555 2558 2686 2724 2810 2822 2830 2948 2982 3002 3092 3194 3248 3250 3419 3545 3547 3562 3571 3579 3591 3628 3712 3760 , 2 4 5 % 45 , 3
1648 1736 1843 1851 1878 1899 1901 1988 2088 2121 2236 2275 2309 2400 2430 2529 2591 2631 2728 2729 2743 2794 2809 2818 2856 2901 2933 2954 2973 2990 3066 3085 3118 3168 3184 3298 3316 3335 3461 3501 3652 3677 3710 3773 3790 , 4 5 6 % 45 , 3
4 15 24 42 121 160 163 250 270 271 285 350 368 383 429 484 539 560 561 565 610 637 654 679 702 832 878 892 911 933 951 969 1012 1083 1109 1245 1323 1338 1350 1377 1378 1437 1463 1555 1626 , 0 2 4 5 % 45 , 4
712 1086 1321 1337 1651 1690 1706 1759 1763 1805 1854 1915 1929 1931 1934 1978 1985 1994 2016 2055 2075 2134 2191 2225 2356 2437 2528 2679 2720 2735 2777 2925 2931 2958 3036 3091 3198 3211 3223 3397 3436 3656 3658 3688 3783 , 2 3 4 5 % 45 , 4
1648 1736 1843 1851 1899 1901 1988 2088 2236 2275 2309 2400 2430 2493 2509 2529 2591 2631 2728 2729 2743 2791 2794 2818 2856 2901 2933 2954 2973 2990 3066 3085 3118 3168 3184 3298 3335 3461 3501 3652 3677 3710 3773 3790 , 0 4 6 % 44 , 3
1581 1758 1812 1919 1959 1965 2060 2108 2147 2151 2206 2248 2265 2368 2387 2401 2514 2559 2578 2606 2633 2677 2682 2771 2803 2816 2827 2845 2887 2890 2917 2921 2944 2986 3018 3084 3136 3207 3390 3415 3708 3717 3740 3755 , 0 1 3 6 % 44 , 4
1664 1737 1767 1776 1835 1846 1918 1969 1992 2024 2061 2098 2217 2256 2263 2282 2310 2353 2451 2483 2547 2555 2558 2686 2724 2810 2830 2948 2982 3002 3092 3194 3248 3250 3419 3545 3547 3562 3571 3579 3591 3628 3712 3760 , 1 2 4 5 % 44 , 4
1680 1715 1875 1907 2041 2064 2095 2107 2364 2384 2429 2499 2504 2571 2620 2635 2648 2649 2807 2854 2872 2942 2997 3001 3005 3128 3297 3336 3348 3358 3559 3603 3631 3638 3654 3655 3682 3696 3697 3700 3739 3774 3808 , 2 5 % 43 , 2
90 203 318 321 542 767 776 807 835 925 1009 1028 1057 1076 1163 1182 1328 1329 1374 1375 1381 1402 1543 1589 1632 1659 1724 1761 1977 2130 2251 2475 2619 2669 3068 3131 3162 3288 3399 3487 3643 3650 3704 , 2 6 % 43 , 2
1680 1715 1875 1907 2041 2064 2095 2107 2364 2384 2429 2499 2504 2571 2592 2620 2635 2648 2649 2807 2872 2942 2997 3001 3005 3128 3171 3281 3297 3336 3348 3559 3631 3638 3654 3655 3682 3696 3697 3700 3739 3774 3808 , 0 2 % 43 , 2
1680 1697 1723 1768 1796 2064 2118 2125 2267 2364 2412 2429 2504 2507 2523 2610 2620 2629 2635 2648 2649 2793 2795 2942 2988 3001 3005 3209 3233 3261 3280 3285 3290 3319 3505 3629 3649 3654 3697 3699 3700 3759 3787 , 0 3 5 % 43 , 3
712 1086 1321 1337 1651 1690 1706 1759 1763 1805 1854 1915 1929 1931 1934 1978 1985 1994 2013 2016 2075 2134 2191 2356 2437 2528 2679 2720 2735 2777 2925 2931 3036 3091 3198 3211 3223 3397 3436 3656 3658 3688 3783 , 0 2 3 4 % 43 , 4
1664 1737 1776 1835 1846 1918 1969 1992 2024 2061 2098 2217 2256 2263 2282 2310 2353 2451 2483 2555 2558 2686 2724 2810 2822 2830 2948 2982 3002 3092 3194 3248 3250 3419 3545 3547 3562 3571 3579 3591 3628 3712 3760 , 0 2 4 5 % 43 , 4
1581 1758 1812 1919 1959 1965 2060 2108 2147 2151 2206 2248 2265 2368 2387 2401 2514 2559 2578 2606 2633 2677 2682 2771 2803 2816 2827 2887 2890 2917 2921 2944 2986 3018 3084 3136 3207 3390 3415 3708 3717 3740 3755 , 0 1 3 5 6 % 43 , 5
72 191 322 327 413 555 563 623 631 699 747 753 761 764 812 931 1091 1122 1208 1212 1469 1482 1518 1555 1683 1753 1859 1986 2001 2056 2160 2239 2274 2312 2698 2916 3041 3247 3374 3478 3606 3669 , 6 % 42 , 1
7 26 66 86 136 154 155 161 211 228 244 247 260 374 394 418 427 472 517 524 579 590 646 659 676 760 854 927 980 989 1017 1130 1142 1197 1207 1213 1225 1232 1236 1382 1419 1433 , 1 5 % 42 , 2
7 26 66 86 136 154 155 161 211 228 244 247 260 374 394 418 427 472 517 524 579 590 646 659 676 760 854 927 980 989 1017 1106 1130 1142 1158 1197 1207 1213 1232 1236 1382 1419 , 0 1 % 42 , 2
14 31 34 76 110 220 245 248 364 407 417 448 454 476 566 587 617 689 700 778 822 833 875 936 1023 1024 1077 1082 1121 1193 1246 1271 1286 1292 1306 1308 1331 1342 1622 1627 2197 3473 , 1 2 6 % 42 , 3
1680 1715 1875 1907 2041 2064 2095 2107 2364 2384 2429 2499 2504 2571 2620 2635 2648 2649 2807 2854 2872 2942 2997 3001 3005 3128 3297 3336 3348 3358 3559 3631 3638 3654 3655 3682 3696 3697 3700 3739 3774 3808 , 1 2 5 % 42 , 3
1680 1715 1875 1907 2041 2064 2095 2107 2364 2384 2429 2499 2504 2571 2620 2635 2648 2649 2807 2872 2942 2997 3001 3005 3128 3171 3281 3297 3336 3348 3559 3631 3638 3654 3655 3682 3696 3697 3700 3739 3774 3808 , 0 1 2 % 42 , 3
712 1086 1321 1337 1690 1706 1759 1763 1805 1915 1929 1931 1934 1978 1985 1994 2016 2055 2134 2191 2225 2356 2437 2528 2636 2679 2735 2777 2790 2925 2931 2958 3036 3091 3212 3223 3436 3572 3583 3658 3688 3783 , 1 3 4 5 % 42 , 4
1712 1874 2012 2045 2066 2070 2117 2133 2167 2219 2230 2311 2331 2476 2515 2584 2589 2599 2672 2792 2813 2847 2857 2889 2908 2926 3271 3282 3301 3330 3361 3370 3481 3624 3637 3641 3659 3668 3728 3734 3771 3776 , 1 2 3 5 % 42 , 4
1 49 78 212 219 233 262 267 303 348 355 365 385 519 552 554 582 584 597 624 636 673 674 711 749 851 864 910 1003 1031 1046 1133 1155 1209 1248 1293 1295 1300 1450 1512 1527 1669 , 0 2 3 5 % 42 , 4
1648 1736 1843 1878 1899 1901 1988 2088 2236 2275 2309 2400 2430 2529 2591 2631 2728 2729 2743 2794 2809 2818 2856 2901 2933 2954 2973 2990 3066 3085 3118 3168 3184 3298 3316 3335 3461 3501 3652 3677 3710 3790 , 2 4 5 6 % 42 , 4
15 24 42 121 160 163 250 271 285 350 368 383 429 484 539 560 561 565 610 637 654 679 702 832 878 892 911 933 951 969 1012 1083 1109 1245 1323 1350 1377 1378 1437 1463 1555 1626 , 0 1 2 4 5 % 42 , 5
712 1086 1321 1337 1651 1690 1706 1759 1763 1805 1854 1915 1929 1931 1934 1978 1985 1994 2016 2075 2134 2191 2356 2437 2528 2679 2720 2735 2777 2925 2931 3036 3091 3198 3211 3223 3397 3436 3656 3658 3688 3783 , 0 2 3 4 5 % 42 , 5
1664 1737 1776 1835 1846 1918 1969 1992 2024 2061 2098 2217 2256 2263 2282 2310 2353 2451 2483 2555 2558 2686 2724 2810 2830 2948 2982 3002 3092 3194 3248 3250 3419 3545 3547 3562 3571 3579 3591 3628 3712 3760 , 0 1 2 4 5 % 42 , 5
318 663 694 767 783 807 932 995 1028 1072 1163 1182 1326 1328 1329 1374 1409 1422 1481 1540 1654 1659 1718 1724 1750 1977 2130 2204 2214 2619 2669 2763 2853 3013 3068 3162 3289 3343 3399 3482 3742 , 1 5 6 % 41 , 3
14 76 110 146 168 174 245 269 276 364 454 458 462 545 587 700 750 778 786 822 936 937 1023 1024 1033 1077 1121 1246 1308 1331 1342 1346 1486 1520 1584 1627 2436 3074 3410 3417 3798 , 0 5 6 % 41 , 3
69 712 1086 1321 1337 1690 1706 1759 1763 1805 1915 1929 1931 1934 1978 1985 1994 2013 2016 2049 2055 2134 2191 2225 2356 2437 2528 2679 2735 2737 2777 2925 2931 2958 3036 3091 3223 3436 3658 3688 3783 , 1 2 3 4 % 41 , 4
1648 1736 1843 1851 1899 1901 1988 2088 2236 2275 2309 2400 2430 2529 2591 2631 2728 2729 2743 2794 2818 2856 2901 2933 2954 2973 2990 3066 3085 3118 3168 3184 3298 3335 3461 3501 3652 3677 3710 3773 3790 , 0 4 5 6 % 41 , 4
1712 1874 2012 2045 2066 2070 2117 2133 2219 2230 2311 2331 2476 2515 2584 2589 2599 2672 2792 2813 2847 2857 2889 2908 2926 3271 3282 3301 3330 3361 3370 3481 3624 3637 3641 3659 3668 3728 3734 3771 3776 , 0 1 2 3 5 % 41 , 5
1 49 78 212 219 233 262 267 303 348 355 365 385 519 552 554 582 584 597 636 673 674 711 749 851 864 910 1003 1031 1046 1133 1155 1209 1248 1293 1295 1300 1450 1512 1527 1669 , 0 1 2 3 5 % 41 , 5
58 68 128 165 199 201 259 326 328 404 406 447 486 541 549 556 585 635 637 676 698 709 713 721 724 725 738 803 868 998 1008 1015 1131 1147 1188 1252 1383 1440 1459 1610 , 2 6 % 40 , 2
7 26 66 86 136 154 155 161 211 228 244 247 260 374 394 418 427 472 517 524 579 590 646 659 676 760 854 927 980 989 1017 1130 1142 1197 1207 1213 1232 1236 1382 1419 , 0 1 5 % 40 , 3
1680 1715 1875 1907 2041 2064 2095 2107 2364 2384 2429 2499 2504 2571 2620 2635 2648 2649 2807 2872 2942 2997 3001 3005 3128 3297 3336 3348 3559 3631 3638 3654 3655 3682 3696 3697 3700 3739 3774 3808 , 0 1 2 5 % 40 , 4
1648 1736 1843 1899 1901 1988 2088 2236 2275 2309 2400 2430 2493 2529 2591 2631 2728 2729 2743 2794 2818 2856 2901 2933 2954 2973 2990 3066 3085 3118 3168 3184 3298 3335 3461 3501 3652 3677 3710 3790 , 0 2 4 6 % 40 , 4
318 663 694 767 783 932 995 1028 1072 1163 1182 1326 1328 1329 1374 1409 1422 1540 1654 1659 1718 1724 1750 1977 2130 2204 2214 2619 2669 2763 2853 3013 3068 3162 3289 3343 3399 3482 3742 , 0 1 5 6 % 39 , 4
1648 1736 1843 1878 1899 1901 1988 2088 2121 2236 2275 2309 2400 2430 2529 2631 2728 2729 2743 2794 2809 2818 2856 2901 2933 2954 2973 2990 3066 3085 3168 3298 3316 3335 3461 3501 3652 3677 3710 , 1 4 5 6 % 39 , 4
1648 1736 1843 1899 1901 1988 2088 2236 2275 2309 2400 2430 2529 2591 2631 2728 2729 2743 2794 2818 2856 2901 2933 2954 2973 2990 3066 3085 3118 3168 3184 3298 3335 3461 3501 3652 3677 3710 3790 , 0 2 4 5 6 % 39 , 5
1680 1768 1796 2064 2125 2267 2364 2412 2429 2504 2507 2610 2620 2629 2635 2648 2649 2795 2854 2942 2988 3001 3005 3020 3233 3261 3280 3285 3319 3505 3629 3649 3654 3697 3699 3700 3759 3787 , 1 3 % 38 , 2
518 568 745 821 1485 1636 1643 1690 1759 1805 1940 1978 2016 2075 2298 2465 2572 2621 2679 2708 2773 2984 3079 3082 3140 3198 3211 3218 3223 3235 3246 3267 3426 3437 3576 3617 3658 3688 , 0 3 6 % 38 , 3
1648 1736 1843 1878 1899 1901 1988 2088 2236 2275 2309 2400 2430 2529 2631 2728 2729 2743 2794 2809 2818 2856 2901 2933 2954 2973 2990 3066 3085 3168 3298 3316 3335 3461 3501 3652 3677 3710 , 1 2 4 5 6 % 38 , 5
53 68 102 221 223 266 328 358 375 450 469 538 589 619 622 642 669 728 730 815 868 937 1070 1147 1214 1218 1226 1287 1313 1380 1431 1494 1560 1565 1585 1592 1600 , 2 4 % 37 , 2
1680 1768 1796 2064 2125 2267 2364 2412 2429 2504 2507 2610 2620 2629 2635 2648 2649 2795 2854 2942 2988 3001 3005 3233 3261 3280 3285 3319 3505 3629 3649 3654 3697 3699 3700 3759 3787 , 1 3 5 % 37 , 3
712 1086 1321 1337 1690 1706 1759 1763 1805 1915 1929 1931 1934 1978 1985 1994 2013 2016 2134 2191 2356 2437 2528 2636 2679 2735 2777 2790 2925 2931 3036 3091 3223 3436 3658 3688 3783 , 0 1 3 4 % 37 , 4
1581 1758 1955 1959 1965 1983 1999 2151 2206 2248 2318 2368 2514 2559 2578 2591 2633 2677 2682 2701 2761 2771 2816 2827 2887 2890 2921 2944 2986 3136 3205 3207 3415 3708 3717 3740 3755 , 2 3 5 6 % 37 , 4
712 1086 1321 1337 1690 1706 1759 1763 1805 1915 1929 1931 1934 1978 1985 1994 2016 2055 2134 2191 2225 2356 2437 2528 2679 2735 2777 2925 2931 2958 3036 3091 3223 3436 3658 3688 3783 , 1 2 3 4 5 % 37 , 5
