33 54 121 162 244 331 341 535 679 735 737 804 870 903 951 1301 1319 1377 1379 1386 1410 1436 1442 1453 1488 1515 1668 1765 2280 2379 2393 2399 2671 3231 3612 3666 , 4 6 % 36 , 2
1581 1758 1955 1959 1965 1983 2151 2206 2248 2368 2514 2559 2578 2591 2633 2677 2682 2701 2761 2771 2816 2827 2845 2887 2890 2921 2944 2986 3136 3205 3207 3415 3708 3717 3740 3755 , 0 2 3 6 % 36 , 4
1680 1768 1796 2064 2125 2267 2364 2412 2429 2504 2507 2610 2620 2629 2635 2648 2649 2795 2942 2988 3001 3005 3233 3261 3280 3285 3319 3505 3629 3649 3654 3697 3699 3700 3759 3787 , 0 1 3 5 % 36 , 4
518 568 745 821 1485 1636 1643 1690 1759 1805 1940 1978 2016 2075 2298 2465 2572 2621 2679 2708 3079 3082 3140 3198 3211 3218 3223 3235 3246 3267 3426 3437 3576 3617 3658 3688 , 0 3 5 6 % 36 , 4
712 1086 1321 1337 1690 1706 1759 1763 1805 1915 1929 1931 1934 1978 1985 1994 2016 2134 2191 2356 2437 2528 2636 2679 2735 2777 2790 2925 2931 3036 3091 3223 3436 3658 3688 3783 , 0 1 3 4 5 % 36 , 5
751 1157 1620 1690 1759 1805 1909 1978 2016 2036 2075 2082 2099 2237 2322 2409 2411 2433 2601 2639 2679 2722 3033 3086 3097 3198 3211 3223 3293 3326 3377 3639 3658 3688 3807 , 2 4 6 % 35 , 3
1581 1758 1831 1959 1965 1999 2151 2206 2248 2318 2368 2514 2559 2578 2633 2677 2682 2750 2771 2816 2817 2827 2845 2887 2890 2921 2944 2986 3136 3207 3415 3708 3717 3740 3755 , 1 2 3 6 % 35 , 4
1581 1758 1955 1959 1965 1983 2151 2206 2248 2368 2514 2559 2578 2591 2633 2677 2682 2701 2761 2771 2816 2827 2887 2890 2921 2944 2986 3136 3205 3207 3415 3708 3717 3740 3755 , 0 2 3 5 6 % 35 , 5
712 1086 1321 1337 1690 1706 1759 1763 1805 1915 1929 1931 1934 1978 1985 1994 2013 2016 2134 2191 2356 2437 2528 2679 2735 2777 2925 2931 3036 3091 3223 3436 3658 3688 3783 , 0 1 2 3 4 % 35 , 5
1648 1736 1843 1899 1901 1988 2088 2236 2275 2309 2400 2430 2529 2631 2728 2729 2743 2794 2818 2856 2901 2933 2954 2973 2990 3066 3085 3168 3298 3335 3461 3501 3652 3677 3710 , 0 1 2 4 5 6 % 35 , 6
32 70 145 154 273 277 297 309 342 360 540 563 600 630 725 726 772 774 850 1143 1177 1181 1188 1191 1203 1224 1231 1251 1268 1579 1591 1615 2691 3072 , 3 % 34 , 1
1073 1354 1714 1765 1824 1844 1863 1883 1971 1998 2043 2260 2288 2349 2369 2379 2517 2525 2616 2949 2957 3027 3037 3048 3077 3089 3179 3240 3311 3539 3543 3554 3558 3584 , 3 % 34 , 1
0 39 41 96 376 396 442 451 510 555 577 738 845 962 970 1096 1153 1211 1296 1304 1336 1354 1369 1400 1426 1484 1595 2205 2475 2502 3025 3048 3089 3674 , 4 % 34 , 1
120 921 1544 1653 1689 1811 1821 1832 1844 1882 1884 1974 1990 2028 2062 2301 2383 2406 2469 2486 2520 2593 2602 2718 2820 2844 2864 3089 3182 3245 3340 3347 3353 3651 , 5 6 % 34 , 2
12 58 165 199 201 259 286 342 349 404 406 447 486 541 549 555 556 585 635 676 698 713 724 803 998 1008 1188 1202 1224 1252 1277 1383 1440 1459 , 1 6 % 34 , 2
120 795 921 1544 1653 1689 1811 1832 1844 1882 1884 1974 1990 2028 2062 2301 2383 2406 2486 2520 2593 2602 2718 2820 2844 2864 2949 3089 3182 3245 3340 3347 3353 3651 , 0 6 % 34 , 2
12 58 92 165 199 259 286 317 326 349 404 447 541 549 635 657 698 699 707 713 715 724 803 943 1008 1106 1250 1252 1277 1297 1383 1440 1459 1624 , 0 6 % 34 , 2
12 58 92 165 199 259 286 317 326 349 404 447 541 549 635 657 698 699 707 713 715 724 803 1008 1106 1250 1252 1277 1297 1383 1440 1459 1624 3342 , 5 6 % 34 , 2
14 76 110 146 168 220 245 248 269 364 391 407 448 454 458 462 545 566 587 700 778 822 936 1023 1024 1077 1121 1246 1308 1331 1342 1346 1584 1627 , 1 5 6 % 34 , 3
50 81 118 121 143 202 263 287 300 303 330 347 400 430 511 558 679 691 717 737 864 920 951 1084 1090 1126 1139 1234 1270 1300 1377 1453 1574 1588 , 1 2 6 % 34 , 3
712 1086 1321 1337 1690 1706 1759 1763 1805 1915 1929 1931 1934 1978 1985 1994 2016 2134 2191 2356 2437 2528 2679 2735 2777 2925 2931 3036 3091 3223 3436 3658 3688 3783 , 0 1 2 3 4 5 % 34 , 6
21 29 121 241 246 303 330 430 485 493 511 567 679 691 717 796 853 864 924 951 1045 1084 1214 1244 1270 1300 1301 1334 1377 1379 1431 1517 1574 , 5 6 % 33 , 2
47 74 217 230 286 311 319 337 395 401 403 420 423 441 464 465 466 598 647 661 697 720 724 788 809 827 1206 1262 1277 1447 1534 1576 1601 , 1 3 5 % 33 , 3
12 58 92 165 199 259 286 317 326 349 404 447 541 549 635 657 698 699 707 713 715 724 803 1008 1106 1250 1252 1277 1297 1383 1440 1459 1624 , 0 5 6 % 33 , 3
21 29 121 241 246 303 352 430 485 493 567 679 691 796 853 864 924 951 1045 1084 1214 1244 1300 1301 1334 1377 1379 1431 1492 1517 1574 1588 , 0 6 % 32 , 2
751 1157 1620 1690 1759 1805 1909 1937 1978 2016 2036 2075 2099 2237 2409 2411 2679 2722 3033 3086 3198 3211 3223 3246 3293 3326 3377 3617 3639 3658 3688 3807 , 4 5 6 % 32 , 3
751 1157 1620 1690 1759 1805 1909 1937 1978 2016 2036 2075 2099 2237 2411 2679 2722 3033 3086 3097 3198 3211 3223 3246 3293 3326 3377 3617 3639 3658 3688 3807 , 0 4 6 % 32 , 3
120 921 1544 1653 1689 1811 1832 1844 1882 1884 1974 1990 2028 2062 2301 2383 2406 2486 2520 2593 2602 2718 2820 2844 2864 3089 3182 3245 3340 3347 3353 3651 , 0 5 6 % 32 , 3
64 154 172 173 207 277 281 357 360 486 563 600 644 653 677 690 725 726 772 774 820 850 1138 1177 1184 1188 1191 1203 1212 1215 1615 , 0 % 31 , 1
7 26 47 211 235 304 326 362 401 403 420 440 465 556 573 579 599 720 724 760 1013 1017 1142 1206 1216 1279 1309 1382 1447 1534 1625 , 2 3 % 31 , 2
47 74 217 230 286 311 319 337 395 401 420 423 441 464 466 598 647 661 697 720 724 788 809 827 1206 1277 1447 1534 1576 1601 1625 , 0 1 3 % 31 , 3
14 76 110 146 168 245 269 364 454 458 462 545 587 617 700 778 822 833 936 1023 1024 1077 1121 1246 1308 1331 1342 1346 1584 1627 3072 , 0 1 6 % 31 , 3
751 1157 1620 1690 1759 1805 1909 1937 1978 2016 2036 2075 2099 2237 2411 2679 2722 3033 3086 3198 3211 3223 3246 3293 3326 3377 3617 3639 3658 3688 3807 , 0 4 5 6 % 31 , 4
1581 1758 1959 1965 1999 2151 2206 2248 2318 2368 2514 2559 2578 2633 2677 2682 2771 2816 2827 2887 2890 2921 2944 2986 3136 3207 3415 3708 3717 3740 3755 , 1 2 3 5 6 % 31 , 5
64 145 172 173 207 277 281 357 360 563 600 644 653 677 690 725 726 772 774 820 850 927 1138 1177 1188 1191 1203 1212 1215 1615 , 5 % 30 , 1
47 74 217 230 286 311 319 337 395 401 420 423 441 464 466 598 647 661 697 720 724 788 809 827 1206 1277 1447 1534 1576 1601 , 0 1 3 5 % 30 , 4
1581 1758 1959 1965 2151 2206 2248 2368 2514 2559 2578 2633 2677 2682 2771 2816 2827 2845 2887 2890 2921 2944 2986 3136 3207 3415 3708 3717 3740 3755 , 0 1 2 3 6 % 30 , 5
21 29 121 241 246 303 430 485 493 567 679 691 796 853 864 924 951 1045 1084 1214 1244 1300 1301 1334 1377 1379 1431 1517 1574 , 0 5 6 % 29 , 3
751 1157 1620 1690 1759 1805 1909 1978 2016 2036 2075 2099 2237 2409 2411 2679 2722 3033 3086 3198 3211 3223 3293 3326 3377 3639 3658 3688 3807 , 2 4 5 6 % 29 , 4
751 1157 1620 1690 1759 1805 1909 1978 2016 2036 2075 2099 2237 2411 2679 2722 3033 3086 3097 3198 3211 3223 3293 3326 3377 3639 3658 3688 3807 , 0 2 4 6 % 29 , 4
1581 1758 1959 1965 2151 2206 2248 2368 2514 2559 2578 2633 2677 2682 2771 2816 2827 2887 2890 2921 2944 2986 3136 3207 3415 3708 3717 3740 3755 , 0 1 2 3 5 6 % 29 , 6
53 102 266 375 432 469 538 580 622 642 693 728 730 742 766 768 1036 1070 1127 1202 1214 1218 1287 1313 1348 1560 1585 1600 , 1 4 % 28 , 2
64 172 173 207 277 281 357 360 563 600 644 653 677 690 725 726 772 774 820 850 1138 1177 1188 1191 1203 1212 1215 1615 , 0 5 % 28 , 2
90 318 542 767 776 807 1028 1057 1163 1182 1328 1329 1374 1375 1381 1402 1543 1632 1659 1724 1977 2130 2619 2669 3068 3162 3399 3650 , 1 2 6 % 28 , 3
21 59 76 130 156 174 196 245 381 530 550 587 615 778 808 936 1078 1081 1097 1132 1150 1173 1290 1311 1347 1520 1577 1617 , 2 3 4 % 28 , 3
14 76 110 174 220 245 248 364 407 448 454 566 587 700 778 822 936 1023 1024 1077 1121 1246 1308 1331 1342 1520 1627 3798 , 2 5 6 % 28 , 3
14 76 110 146 168 245 269 364 454 458 462 545 587 700 778 822 936 1023 1024 1077 1121 1246 1308 1331 1342 1346 1584 1627 , 0 1 5 6 % 28 , 4
751 1157 1620 1690 1759 1805 1909 1978 2016 2036 2075 2099 2237 2411 2679 2722 3033 3086 3198 3211 3223 3293 3326 3377 3639 3658 3688 3807 , 0 2 4 5 6 % 28 , 5
1765 1824 1863 1971 1998 2030 2043 2115 2288 2349 2369 2384 2551 2684 2745 2767 2854 3229 3231 3358 3381 3543 3554 3558 3584 3603 3674 , 0 % 27 , 1
66 86 155 161 228 244 260 394 418 427 503 517 659 854 860 980 989 1106 1130 1158 1192 1197 1207 1213 1232 1236 1419 , 0 2 % 27 , 2
751 1157 1620 1690 1759 1805 1909 1937 1978 2016 2036 2099 2237 2409 2411 2608 2639 2679 2722 3033 3223 3326 3377 3639 3658 3688 3807 , 1 4 6 % 27 , 3
59 76 118 130 156 174 196 245 530 550 587 609 778 808 936 1078 1081 1132 1150 1173 1290 1347 1445 1520 1537 1577 1617 , 0 3 4 % 27 , 3
31 76 110 174 220 245 364 407 417 476 566 587 700 778 822 936 1010 1024 1121 1173 1271 1306 1308 1331 1520 2197 3798 , 2 4 6 % 27 , 3
14 76 110 174 245 364 454 587 617 700 778 822 833 936 1023 1024 1077 1121 1173 1246 1308 1331 1342 1520 1627 3798 , 0 2 6 % 26 , 3
58 165 199 201 259 404 406 447 486 541 549 556 585 635 676 698 713 724 803 998 1008 1188 1252 1383 1440 1459 , 1 2 6 % 26 , 3
59 76 118 130 156 174 196 245 322 530 550 587 778 808 861 936 1078 1132 1150 1290 1311 1347 1520 1537 1577 1617 , 3 4 5 % 26 , 3
518 821 1485 1636 1690 1759 1805 1978 2016 2075 2298 2572 2621 2679 3079 3140 3198 3211 3223 3235 3267 3426 3437 3576 3658 3688 , 0 2 3 5 6 % 26 , 5
66 86 155 161 228 244 260 394 418 427 503 517 659 854 860 980 989 1130 1197 1207 1213 1225 1232 1236 1419 , 2 5 % 25 , 2
66 72 155 213 244 260 284 394 427 541 659 713 854 860 887 980 1054 1106 1123 1130 1192 1207 1213 1225 1252 , 3 4 % 25 , 2
79 108 154 247 258 279 282 302 307 367 472 524 585 590 625 676 726 779 927 1026 1095 1197 1237 1443 1575 , 0 3 % 25 , 2
59 76 130 245 322 530 550 587 718 778 808 924 936 990 1039 1078 1081 1132 1150 1187 1290 1311 1347 1537 1617 , 1 3 4 % 25 , 3
751 1157 1620 1690 1759 1805 1909 1937 1978 2016 2036 2099 2237 2409 2411 2679 2722 3033 3223 3326 3377 3639 3658 3688 3807 , 1 4 5 6 % 25 , 4
14 76 110 220 245 248 364 407 448 454 566 587 700 778 822 936 1023 1024 1077 1121 1246 1308 1331 1342 1627 , 1 2 5 6 % 25 , 4
751 1157 1620 1690 1759 1805 1909 1978 2016 2036 2099 2237 2409 2411 2639 2679 2722 3033 3223 3326 3377 3639 3658 3688 3807 , 1 2 4 6 % 25 , 4
