5 20 44 57 59 60 63 76 83 94 106 110 130 157 158 159 164 183 208 220 234 245 322 332 333 364 387 407 419 434 445 463 488 494 495 498 499 500 501 530 550 566 587 602 613 616 649 700 704 722 759 778 785 808 822 840 843 862 867 886 916 936 939 940 945 949 954 965 986 1014 1024 1025 1048 1069 1078 1080 1094 1115 1121 1132 1137 1150 1170 1171 1174 1175 1228 1256 1257 1260 1280 1282 1290 1308 1311 1331 1347 1384 1394 1395 1444 1455 1470 1483 1492 1523 1528 1530 1537 1545 1546 1548 1617 2693 2694 3427 3449 3671 , 1 4 5 % 118 , 3
1581 1652 1673 1694 1695 1748 1758 1790 1808 1809 1839 1858 1947 1955 1959 1965 1983 1986 1999 2005 2007 2010 2047 2071 2100 2151 2206 2248 2255 2259 2268 2287 2290 2304 2312 2318 2319 2326 2336 2351 2363 2368 2385 2396 2455 2472 2514 2532 2559 2569 2577 2578 2591 2617 2633 2634 2637 2677 2682 2701 2741 2761 2771 2816 2827 2834 2858 2860 2861 2887 2890 2921 2922 2944 2953 2964 2967 2970 2986 2994 2996 3011 3021 3112 3121 3136 3160 3165 3190 3205 3207 3213 3216 3265 3286 3415 3492 3507 3508 3513 3529 3549 3586 3598 3606 3611 3620 3634 3675 3684 3708 3717 3720 3726 3738 3740 3755 3768 , 2 3 5 % 118 , 3
69 1513 1581 1634 1640 1641 1648 1660 1709 1736 1758 1781 1791 1841 1843 1878 1899 1901 1910 1950 1955 1959 1965 1983 1988 1999 2031 2037 2088 2151 2206 2236 2242 2248 2262 2275 2307 2308 2309 2318 2368 2400 2430 2432 2514 2529 2542 2559 2578 2579 2591 2631 2633 2670 2677 2682 2701 2728 2729 2733 2743 2751 2761 2771 2794 2801 2809 2816 2818 2827 2856 2865 2883 2887 2890 2901 2921 2933 2944 2954 2973 2986 2990 3066 3085 3113 3118 3136 3150 3168 3184 3202 3204 3205 3207 3298 3310 3316 3335 3415 3440 3461 3501 3589 3605 3647 3652 3662 3677 3701 3708 3710 3717 3721 3740 3755 3764 3790 , 2 5 6 % 118 , 3
82 111 356 632 712 751 1086 1157 1321 1337 1372 1607 1620 1642 1651 1690 1706 1725 1730 1754 1759 1763 1778 1783 1805 1817 1853 1854 1889 1893 1902 1909 1914 1915 1929 1931 1934 1937 1968 1978 1985 1994 2016 2034 2036 2051 2075 2099 2134 2169 2178 2191 2221 2227 2237 2315 2356 2381 2402 2411 2421 2426 2437 2461 2489 2503 2528 2557 2570 2636 2660 2661 2679 2712 2720 2722 2735 2777 2790 2868 2892 2925 2931 3008 3033 3036 3086 3091 3119 3156 3191 3198 3211 3223 3241 3246 3293 3326 3377 3397 3428 3436 3450 3465 3516 3596 3617 3639 3656 3658 3685 3688 3711 3754 3772 3783 3807 , 0 4 5 % 117 , 3
69 82 111 356 632 712 751 884 1086 1157 1196 1321 1337 1372 1429 1620 1642 1690 1706 1725 1730 1754 1759 1763 1778 1783 1805 1853 1889 1893 1909 1914 1915 1922 1923 1929 1931 1934 1968 1978 1985 1994 2013 2016 2034 2036 2049 2051 2055 2068 2099 2134 2169 2178 2191 2225 2227 2237 2257 2276 2315 2356 2386 2409 2411 2421 2426 2437 2461 2479 2528 2557 2570 2596 2639 2660 2661 2679 2685 2712 2722 2735 2737 2756 2777 2823 2828 2843 2868 2925 2931 2958 3008 3033 3036 3091 3095 3156 3191 3223 3241 3326 3349 3377 3436 3450 3465 3516 3596 3639 3657 3658 3685 3688 3772 3783 3807 , 1 2 4 % 117 , 3
69 1018 1513 1581 1640 1641 1648 1660 1709 1736 1758 1781 1791 1841 1843 1899 1901 1910 1950 1955 1959 1965 1983 1988 2031 2037 2088 2151 2206 2236 2242 2248 2262 2275 2307 2308 2309 2368 2400 2430 2432 2493 2514 2529 2542 2559 2578 2579 2591 2631 2633 2670 2677 2682 2701 2728 2729 2733 2743 2761 2771 2794 2801 2816 2818 2827 2845 2856 2865 2879 2883 2887 2890 2901 2921 2933 2944 2954 2973 2986 2990 3066 3085 3113 3117 3118 3136 3150 3168 3184 3204 3205 3207 3212 3298 3310 3335 3415 3440 3461 3501 3572 3583 3589 3647 3652 3662 3673 3677 3701 3708 3710 3717 3721 3740 3755 3790 , 0 2 6 % 117 , 3
119 149 274 308 327 518 543 712 821 1086 1169 1179 1321 1337 1485 1563 1580 1608 1633 1636 1651 1674 1690 1706 1751 1759 1763 1805 1833 1854 1908 1915 1929 1931 1932 1934 1945 1972 1978 1985 1993 1994 2016 2055 2075 2092 2096 2116 2134 2191 2196 2208 2225 2254 2285 2298 2323 2356 2395 2417 2437 2497 2528 2534 2572 2611 2621 2679 2681 2683 2688 2692 2699 2700 2707 2711 2720 2731 2735 2777 2782 2811 2819 2925 2931 2956 2958 3036 3079 3091 3093 3140 3198 3211 3223 3235 3262 3267 3283 3397 3411 3426 3429 3436 3437 3498 3510 3576 3614 3656 3658 3679 3688 3691 3779 3783 , 2 3 5 % 116 , 3
119 149 274 308 327 518 543 712 821 1086 1169 1179 1321 1337 1485 1563 1580 1608 1633 1636 1651 1674 1690 1706 1751 1759 1763 1805 1833 1854 1908 1915 1929 1931 1932 1934 1945 1972 1978 1985 1993 1994 2013 2016 2075 2092 2096 2116 2134 2191 2196 2208 2254 2285 2298 2323 2356 2394 2395 2417 2437 2497 2528 2534 2550 2572 2611 2621 2679 2681 2683 2688 2692 2695 2699 2700 2707 2720 2731 2735 2777 2782 2811 2819 2925 2931 2956 3036 3079 3091 3093 3140 3198 3211 3223 3235 3262 3267 3283 3397 3411 3426 3429 3436 3437 3498 3510 3576 3614 3656 3658 3679 3688 3691 3779 3783 , 0 2 3 % 116 , 3
82 111 356 632 712 751 884 1086 1157 1321 1337 1372 1620 1642 1651 1690 1706 1725 1730 1754 1759 1763 1778 1783 1805 1817 1853 1854 1889 1893 1909 1914 1915 1922 1923 1929 1931 1934 1968 1978 1985 1994 2016 2034 2036 2051 2055 2075 2099 2134 2169 2178 2191 2225 2227 2237 2257 2276 2315 2356 2402 2409 2411 2421 2426 2437 2461 2489 2503 2528 2557 2570 2660 2661 2679 2712 2720 2722 2735 2777 2823 2828 2868 2925 2931 2958 3008 3033 3036 3086 3091 3156 3191 3198 3211 3223 3241 3293 3326 3377 3397 3436 3450 3465 3516 3596 3639 3656 3657 3658 3685 3688 3711 3772 3783 3807 , 2 4 5 % 116 , 3
1581 1652 1673 1694 1695 1748 1758 1790 1808 1809 1839 1858 1947 1955 1959 1965 1983 1986 2005 2007 2010 2047 2071 2100 2151 2206 2248 2255 2259 2268 2287 2290 2304 2312 2319 2326 2336 2351 2363 2368 2385 2396 2455 2472 2514 2532 2559 2569 2577 2578 2591 2617 2633 2634 2637 2677 2682 2701 2741 2761 2771 2816 2827 2834 2858 2860 2861 2887 2890 2921 2922 2944 2953 2964 2967 2970 2986 2994 2996 3011 3021 3112 3121 3136 3160 3165 3190 3205 3207 3213 3216 3265 3286 3415 3492 3507 3508 3513 3529 3549 3586 3598 3606 3611 3620 3634 3675 3684 3708 3717 3720 3726 3738 3740 3755 3768 , 0 2 3 5 % 116 , 4
5 20 44 57 59 60 76 83 94 106 110 130 156 157 158 159 164 174 183 196 208 220 234 245 333 364 387 407 419 439 445 463 488 494 495 498 499 500 501 530 550 566 578 587 602 613 616 649 700 704 722 759 778 808 822 840 862 867 886 936 939 940 945 949 954 965 986 1014 1024 1025 1048 1069 1078 1094 1114 1115 1121 1132 1137 1150 1170 1171 1174 1175 1256 1257 1280 1282 1290 1308 1311 1331 1347 1384 1394 1395 1444 1455 1470 1483 1520 1523 1528 1530 1545 1546 1548 1577 1617 2694 3427 3449 3671 3798 , 2 4 5 % 114 , 3
119 149 274 308 327 712 821 842 926 1086 1169 1179 1190 1321 1337 1485 1563 1580 1608 1633 1636 1674 1690 1706 1751 1759 1763 1805 1833 1903 1908 1915 1926 1929 1931 1932 1934 1939 1945 1972 1978 1985 1993 1994 2013 2016 2029 2092 2096 2134 2191 2196 2208 2251 2254 2298 2323 2356 2394 2395 2417 2437 2497 2528 2534 2572 2611 2621 2636 2665 2679 2681 2683 2688 2699 2700 2731 2735 2777 2790 2811 2819 2919 2925 2931 2956 3036 3079 3091 3093 3140 3218 3223 3235 3262 3267 3283 3302 3411 3426 3429 3436 3437 3498 3510 3595 3614 3658 3679 3688 3691 3779 3783 3804 , 0 1 3 % 114 , 3
795 1518 1544 1653 1688 1712 1738 1757 1784 1842 1873 1874 1951 1995 2006 2012 2020 2028 2045 2048 2057 2066 2070 2072 2097 2117 2128 2133 2159 2219 2220 2230 2252 2289 2311 2331 2342 2345 2362 2371 2383 2389 2410 2416 2476 2480 2515 2584 2589 2594 2595 2599 2602 2609 2615 2641 2672 2673 2730 2742 2774 2792 2796 2799 2813 2836 2844 2847 2857 2863 2889 2908 2926 2983 2997 3006 3057 3080 3124 3148 3203 3215 3255 3271 3282 3301 3318 3330 3347 3361 3362 3370 3371 3463 3481 3534 3567 3570 3600 3624 3637 3641 3659 3668 3727 3728 3734 3745 3767 3771 3776 3785 3801 , 0 3 % 113 , 2
273 292 298 492 518 751 821 895 1157 1160 1168 1451 1485 1620 1630 1636 1687 1690 1759 1789 1805 1836 1866 1909 1975 1978 2016 2026 2036 2065 2075 2082 2099 2137 2139 2145 2153 2156 2175 2209 2211 2237 2298 2314 2322 2409 2411 2433 2482 2562 2572 2601 2621 2639 2679 2704 2722 2736 2754 2776 2789 2850 2918 2932 2936 2998 3018 3023 3033 3079 3086 3097 3102 3103 3140 3141 3170 3173 3174 3176 3185 3195 3198 3211 3223 3235 3252 3267 3268 3276 3293 3326 3377 3414 3420 3421 3426 3437 3467 3491 3504 3576 3630 3639 3658 3688 3693 3698 3743 3744 3792 3802 3807 , 2 6 % 113 , 2
3 101 133 318 393 399 514 518 523 537 543 547 553 575 650 683 723 754 767 792 807 836 846 858 873 1019 1028 1033 1060 1066 1075 1113 1163 1182 1264 1267 1278 1299 1315 1326 1329 1370 1371 1374 1375 1387 1388 1406 1481 1497 1516 1519 1539 1578 1583 1631 1632 1643 1659 1683 1722 1788 1818 1912 1940 1948 1977 2073 2116 2130 2174 2176 2179 2187 2395 2424 2439 2442 2446 2465 2501 2527 2543 2654 2692 2708 2734 2762 2782 2785 2937 2979 2985 3047 3068 3076 3083 3099 3105 3106 3152 3154 3161 3313 3399 3454 3469 3471 3476 3490 3495 3663 , 1 4 % 112 , 2
119 149 274 308 327 712 821 842 926 1086 1169 1179 1190 1321 1337 1485 1563 1580 1608 1633 1636 1674 1690 1706 1751 1759 1763 1805 1833 1903 1908 1915 1926 1929 1931 1932 1934 1939 1945 1972 1978 1985 1993 1994 2016 2029 2092 2096 2134 2191 2196 2208 2251 2254 2298 2323 2356 2395 2417 2437 2497 2528 2534 2572 2611 2621 2636 2665 2679 2681 2683 2688 2699 2700 2731 2735 2777 2790 2811 2819 2919 2925 2931 2956 3036 3079 3091 3093 3140 3218 3223 3235 3262 3267 3283 3302 3411 3426 3429 3436 3437 3498 3510 3595 3614 3658 3679 3688 3691 3779 3783 3804 , 0 1 3 5 % 112 , 4
119 149 274 308 327 518 543 712 821 1086 1169 1179 1321 1337 1485 1563 1580 1608 1633 1636 1651 1674 1690 1706 1751 1759 1763 1805 1833 1854 1908 1915 1929 1931 1932 1934 1945 1972 1978 1985 1993 1994 2016 2075 2092 2096 2116 2134 2191 2196 2208 2254 2285 2298 2323 2356 2395 2417 2437 2497 2528 2534 2572 2611 2621 2679 2681 2683 2688 2692 2699 2700 2707 2720 2731 2735 2777 2782 2811 2819 2925 2931 2956 3036 3079 3091 3093 3140 3198 3211 3223 3235 3262 3267 3283 3397 3411 3426 3429 3436 3437 3498 3510 3576 3614 3656 3658 3679 3688 3691 3779 3783 , 0 2 3 5 % 112 , 4
1648 1678 1701 1729 1733 1736 1744 1785 1786 1792 1794 1823 1829 1843 1867 1892 1894 1896 1899 1901 1906 1982 1984 1988 2004 2009 2027 2046 2076 2088 2114 2144 2154 2207 2224 2236 2239 2241 2246 2275 2293 2296 2309 2350 2361 2400 2430 2443 2452 2462 2470 2487 2496 2522 2529 2541 2625 2631 2632 2728 2729 2743 2794 2814 2818 2832 2856 2901 2928 2933 2939 2954 2971 2973 2984 2990 2992 2993 3022 3066 3085 3123 3168 3200 3227 3228 3256 3274 3275 3298 3312 3315 3323 3335 3388 3461 3501 3507 3541 3542 3582 3594 3610 3652 3677 3687 3710 3733 3751 3769 3781 , 0 1 2 4 % 111 , 4
1680 1697 1710 1715 1723 1752 1760 1768 1773 1775 1796 1875 1883 1907 2041 2064 2077 2095 2107 2118 2125 2205 2260 2267 2288 2305 2320 2334 2364 2379 2384 2412 2429 2499 2502 2504 2507 2517 2523 2525 2563 2571 2583 2610 2616 2620 2629 2635 2648 2649 2793 2795 2807 2872 2888 2896 2913 2940 2942 2957 2988 2997 3001 3005 3027 3032 3037 3128 3179 3201 3209 3233 3240 3261 3280 3285 3290 3297 3311 3319 3336 3345 3348 3359 3505 3539 3559 3569 3587 3629 3631 3638 3649 3654 3655 3667 3669 3680 3682 3696 3697 3699 3700 3735 3739 3759 3774 3787 3796 3808 , 0 5 % 110 , 2
2 4 15 24 42 65 99 121 139 160 163 170 181 190 192 201 238 250 254 255 268 270 271 285 325 343 350 368 369 383 384 406 409 410 414 429 431 470 471 484 487 533 539 560 561 565 593 610 621 627 637 654 670 672 679 702 709 716 721 743 757 817 832 856 868 878 892 911 933 946 951 969 978 998 1012 1015 1083 1104 1109 1112 1122 1131 1140 1146 1159 1161 1165 1172 1200 1233 1245 1301 1323 1338 1349 1350 1376 1377 1378 1379 1418 1437 1463 1532 1542 1555 1562 1610 1613 1626 , 0 4 % 110 , 2
8 70 253 307 428 594 600 751 779 788 810 929 1071 1148 1157 1456 1509 1535 1572 1620 1690 1759 1774 1775 1790 1805 1808 1839 1894 1909 1937 1947 1978 1989 2005 2012 2016 2036 2064 2070 2075 2082 2099 2105 2106 2117 2140 2144 2237 2304 2319 2322 2351 2363 2409 2411 2429 2433 2464 2560 2601 2608 2620 2634 2639 2642 2673 2679 2722 2772 2783 2796 2834 2847 2854 2874 2889 2967 3033 3069 3086 3097 3112 3164 3177 3198 3211 3223 3246 3293 3294 3300 3326 3358 3377 3408 3527 3584 3617 3620 3634 3639 3658 3675 3688 3705 3728 3734 3771 3807 , 4 6 % 110 , 2
82 111 356 632 712 751 1011 1086 1157 1321 1337 1372 1620 1642 1651 1690 1706 1725 1730 1754 1759 1763 1778 1783 1805 1817 1853 1854 1889 1893 1909 1914 1915 1917 1929 1931 1934 1968 1978 1985 1994 2013 2016 2034 2036 2051 2075 2099 2134 2169 2178 2191 2227 2237 2315 2356 2402 2411 2421 2426 2437 2461 2489 2503 2528 2557 2570 2585 2660 2661 2679 2712 2720 2722 2735 2777 2868 2925 2931 3008 3033 3036 3086 3091 3097 3156 3191 3198 3211 3219 3223 3241 3293 3326 3377 3397 3436 3450 3465 3516 3596 3639 3656 3658 3685 3688 3711 3772 3783 3807 , 0 2 4 % 110 , 3
5 9 20 44 57 59 60 63 76 83 94 106 110 130 157 158 159 183 208 234 245 332 333 364 387 419 434 445 488 494 495 498 499 500 501 530 550 587 602 613 616 649 700 704 722 759 778 785 808 822 840 843 862 867 916 936 939 940 949 954 960 965 986 1014 1024 1025 1048 1069 1078 1080 1081 1087 1094 1115 1121 1132 1137 1150 1170 1171 1174 1228 1256 1257 1260 1280 1282 1290 1308 1331 1347 1384 1394 1395 1444 1470 1483 1523 1528 1530 1537 1545 1546 1548 1617 2693 2694 3427 3449 3671 , 0 1 4 % 110 , 3
1518 1544 1653 1688 1712 1738 1757 1784 1821 1842 1873 1874 1951 1995 2006 2012 2020 2028 2045 2048 2057 2066 2070 2072 2097 2117 2128 2133 2159 2167 2219 2230 2252 2289 2311 2331 2342 2345 2362 2371 2383 2389 2410 2416 2476 2515 2584 2589 2592 2595 2599 2602 2609 2615 2641 2672 2673 2730 2774 2792 2796 2799 2813 2836 2844 2847 2857 2863 2889 2908 2926 2983 3006 3057 3080 3124 3148 3203 3215 3247 3255 3271 3282 3301 3330 3347 3361 3370 3371 3463 3481 3534 3567 3570 3600 3624 3637 3641 3659 3668 3727 3728 3734 3745 3767 3771 3776 3785 3801 , 3 5 % 109 , 2
13 19 59 71 76 89 130 141 146 209 210 215 241 245 289 294 322 345 377 382 397 444 448 454 455 509 513 515 530 545 548 550 562 587 594 596 614 639 664 667 706 714 718 763 778 787 790 794 808 848 890 900 924 925 934 936 941 952 977 990 1023 1030 1039 1045 1050 1076 1077 1078 1079 1081 1100 1125 1132 1144 1150 1187 1229 1246 1265 1273 1284 1290 1294 1311 1342 1345 1346 1347 1355 1389 1416 1424 1427 1432 1468 1493 1499 1505 1537 1550 1558 1584 1617 1627 1762 2163 2238 3487 3575 , 1 3 % 109 , 2
2 4 15 24 42 99 121 139 147 160 163 169 170 194 201 238 250 254 255 268 270 271 275 285 325 343 350 368 383 384 406 409 410 414 429 431 467 470 471 484 539 560 561 565 593 610 621 627 637 654 670 672 679 702 709 716 721 743 757 817 832 868 878 892 911 933 946 951 969 978 998 1012 1015 1083 1104 1109 1112 1122 1131 1140 1159 1161 1165 1172 1233 1245 1288 1301 1323 1338 1349 1350 1376 1377 1378 1379 1418 1437 1463 1504 1522 1532 1547 1555 1562 1582 1602 1613 1626 , 4 5 % 109 , 2
13 19 59 71 76 89 118 130 146 156 174 196 209 210 215 226 245 276 289 294 345 377 382 425 444 454 509 513 515 530 545 548 550 562 587 594 596 601 639 664 667 706 714 736 763 778 787 790 794 808 890 900 925 936 952 977 1023 1030 1050 1071 1077 1078 1079 1100 1125 1132 1144 1150 1229 1246 1265 1273 1284 1290 1294 1342 1345 1346 1347 1355 1381 1389 1416 1424 1432 1468 1493 1499 1505 1508 1520 1537 1550 1558 1572 1577 1584 1617 1627 1762 2163 2238 3065 3396 3417 3423 3487 3575 3625 , 0 3 5 % 109 , 3
5 9 20 44 57 59 60 76 83 94 106 110 130 156 157 158 159 174 183 196 208 234 245 333 364 387 419 439 445 488 494 495 498 499 500 501 530 550 578 587 602 613 616 649 700 704 722 759 778 808 822 840 862 867 936 939 940 949 954 960 965 986 1014 1024 1025 1048 1069 1078 1081 1087 1094 1114 1115 1121 1132 1137 1150 1170 1171 1173 1174 1256 1257 1280 1282 1290 1308 1331 1347 1384 1394 1395 1444 1470 1483 1520 1523 1528 1530 1545 1546 1548 1577 1617 2694 3427 3449 3671 3798 , 0 2 4 % 109 , 3
1648 1678 1701 1729 1733 1736 1744 1785 1786 1792 1794 1823 1829 1843 1867 1892 1894 1896 1899 1901 1906 1982 1984 1988 2004 2009 2046 2076 2088 2114 2144 2154 2207 2224 2236 2239 2241 2246 2275 2293 2296 2309 2350 2361 2400 2430 2443 2452 2462 2470 2487 2496 2529 2541 2625 2631 2632 2728 2729 2743 2794 2814 2818 2832 2856 2901 2928 2933 2939 2954 2971 2973 2984 2990 2992 2993 3022 3066 3085 3123 3168 3200 3227 3228 3256 3274 3275 3298 3312 3315 3323 3335 3388 3461 3501 3507 3541 3542 3582 3594 3610 3652 3677 3687 3710 3733 3751 3769 3781 , 0 1 2 4 5 % 109 , 5
13 19 21 36 59 71 76 89 130 141 156 174 196 205 209 210 215 226 241 245 289 377 381 425 444 448 454 455 457 493 504 509 513 515 530 531 548 550 562 587 592 596 614 615 639 664 666 667 706 714 763 778 787 790 794 808 890 900 934 936 941 952 977 1023 1030 1045 1050 1067 1077 1078 1079 1081 1097 1100 1125 1132 1144 1150 1173 1246 1265 1284 1290 1294 1311 1342 1343 1347 1389 1399 1403 1416 1424 1427 1432 1457 1493 1499 1505 1520 1569 1577 1594 1617 1627 1762 2238 3575 , 2 3 % 108 , 2
1581 1652 1673 1694 1695 1758 1809 1816 1831 1858 1959 1965 1986 1999 2005 2007 2047 2071 2100 2151 2206 2248 2255 2259 2268 2287 2290 2304 2312 2318 2319 2326 2336 2351 2363 2368 2385 2396 2455 2472 2514 2532 2559 2569 2577 2578 2617 2633 2634 2637 2677 2682 2741 2750 2771 2816 2817 2827 2834 2845 2858 2860 2887 2890 2921 2922 2944 2953 2967 2970 2986 2994 2996 3011 3021 3112 3121 3136 3160 3165 3190 3207 3213 3216 3264 3265 3286 3415 3492 3507 3508 3513 3549 3586 3606 3611 3620 3634 3675 3684 3708 3717 3720 3726 3738 3740 3755 3768 , 1 2 3 % 108 , 3
3 30 101 133 320 399 478 523 528 537 547 553 575 650 651 663 683 684 723 754 767 792 807 846 873 891 968 1011 1019 1028 1060 1113 1163 1182 1267 1278 1299 1315 1326 1329 1370 1374 1387 1388 1406 1414 1421 1481 1497 1516 1519 1578 1583 1631 1638 1649 1654 1659 1683 1753 1788 1806 1818 1912 1917 1948 1977 2130 2174 2176 2179 2187 2433 2439 2442 2449 2503 2527 2543 2585 2601 2734 2785 2805 2937 2951 2955 2979 2985 3076 3097 3099 3105 3106 3161 3162 3219 3343 3399 3454 3469 3471 3474 3476 3482 3490 3495 3663 , 1 3 5 % 108 , 3
82 111 356 632 712 751 884 1086 1157 1321 1337 1372 1620 1642 1690 1706 1725 1730 1754 1759 1763 1778 1783 1805 1853 1889 1893 1909 1914 1915 1922 1923 1929 1931 1934 1937 1968 1978 1985 1994 2016 2034 2036 2051 2055 2099 2134 2169 2178 2191 2225 2227 2237 2257 2276 2315 2356 2409 2411 2421 2426 2437 2461 2528 2557 2570 2636 2660 2661 2679 2712 2722 2735 2777 2790 2823 2828 2868 2925 2931 2958 3008 3033 3036 3091 3119 3156 3191 3212 3223 3241 3326 3377 3436 3450 3465 3516 3572 3583 3596 3639 3657 3658 3685 3688 3772 3783 3807 , 1 4 5 % 108 , 3
69 1513 1581 1640 1641 1648 1660 1709 1736 1758 1781 1791 1841 1843 1899 1901 1910 1950 1955 1959 1965 1983 1988 2031 2037 2088 2151 2206 2236 2242 2248 2262 2275 2307 2308 2309 2368 2400 2430 2432 2514 2529 2542 2559 2578 2579 2591 2631 2633 2670 2677 2682 2701 2728 2729 2733 2743 2761 2771 2794 2801 2816 2818 2827 2856 2865 2883 2887 2890 2901 2921 2933 2944 2954 2973 2986 2990 3066 3085 3113 3118 3136 3150 3168 3184 3204 3205 3207 3298 3310 3335 3415 3440 3461 3501 3589 3647 3652 3662 3677 3701 3708 3710 3717 3721 3740 3755 3790 , 0 2 5 6 % 108 , 4
1644 1667 1680 1691 1715 1756 1875 1907 1966 1971 1998 2020 2030 2041 2043 2064 2090 2095 2104 2107 2115 2123 2183 2215 2272 2349 2364 2373 2384 2429 2453 2499 2504 2521 2533 2571 2592 2620 2635 2648 2649 2666 2684 2690 2721 2745 2807 2822 2854 2872 2891 2894 2895 2924 2934 2942 2997 3000 3001 3005 3007 3056 3128 3134 3142 3145 3169 3171 3229 3232 3281 3297 3317 3336 3338 3348 3350 3358 3373 3375 3376 3392 3517 3524 3532 3543 3554 3559 3584 3603 3616 3621 3631 3638 3654 3655 3682 3696 3697 3700 3737 3739 3748 3766 3774 3808 3809 , 2 % 107 , 1
1513 1581 1634 1640 1641 1648 1660 1709 1736 1758 1781 1791 1841 1843 1878 1899 1901 1910 1950 1959 1965 1988 1999 2031 2037 2088 2151 2206 2236 2242 2248 2262 2275 2307 2308 2309 2318 2368 2400 2430 2432 2514 2529 2542 2559 2578 2579 2631 2633 2677 2682 2728 2729 2733 2743 2751 2771 2794 2801 2809 2816 2818 2827 2856 2865 2883 2887 2890 2901 2921 2933 2944 2954 2973 2986 2990 3066 3085 3113 3136 3150 3168 3202 3204 3207 3298 3310 3316 3335 3415 3440 3461 3501 3589 3605 3647 3652 3662 3677 3701 3708 3710 3717 3721 3740 3755 3764 , 1 2 5 6 % 107 , 4
3 101 133 152 186 346 361 399 415 523 537 547 551 553 570 575 611 643 650 655 683 723 751 754 767 792 807 830 846 873 1019 1028 1033 1060 1113 1163 1182 1267 1278 1299 1315 1326 1329 1370 1374 1375 1387 1388 1406 1417 1481 1487 1491 1497 1516 1519 1578 1583 1631 1632 1659 1683 1722 1788 1818 1898 1912 1948 1977 2073 2130 2174 2176 2179 2187 2276 2439 2442 2447 2527 2543 2706 2734 2785 2937 2979 2985 3076 3099 3105 3106 3152 3161 3273 3313 3399 3454 3469 3471 3476 3477 3483 3490 3495 3663 3718 , 3 4 % 106 , 2
69 119 149 274 308 327 712 821 1086 1169 1179 1321 1337 1485 1563 1580 1608 1633 1636 1674 1690 1706 1751 1759 1763 1805 1830 1833 1908 1915 1929 1931 1932 1934 1945 1972 1978 1985 1993 1994 2013 2016 2049 2055 2092 2096 2134 2191 2196 2208 2225 2254 2298 2323 2356 2394 2395 2417 2437 2497 2528 2534 2572 2611 2621 2679 2681 2683 2688 2699 2700 2711 2731 2735 2737 2777 2811 2819 2925 2931 2956 2958 3036 3079 3091 3093 3140 3223 3235 3262 3267 3283 3411 3426 3429 3436 3437 3498 3510 3614 3658 3679 3688 3691 3779 3783 , 1 2 3 % 106 , 3
5 20 44 57 59 60 63 76 83 94 106 110 130 157 158 159 183 208 234 245 332 333 364 387 419 434 445 488 494 495 498 499 500 501 530 550 587 602 613 616 649 700 704 722 759 778 785 808 822 840 843 862 867 916 936 939 940 949 954 965 986 1014 1024 1025 1048 1069 1078 1080 1094 1115 1121 1132 1137 1150 1170 1171 1174 1228 1256 1257 1260 1280 1282 1290 1308 1331 1347 1384 1394 1395 1444 1470 1483 1523 1528 1530 1537 1545 1546 1548 1617 2693 2694 3427 3449 3671 , 0 1 4 5 % 106 , 4
1 11 17 34 35 38 49 78 93 105 144 176 189 200 212 219 224 227 233 239 246 251 253 256 262 264 267 303 330 348 355 365 373 385 511 519 552 554 581 582 584 597 617 624 634 636 660 673 674 681 711 717 731 740 741 749 796 798 810 851 864 910 918 943 956 1003 1021 1031 1035 1037 1041 1046 1074 1129 1133 1148 1155 1201 1209 1210 1248 1291 1293 1295 1300 1302 1333 1334 1385 1450 1454 1496 1512 1517 1524 1527 1593 1596 1669 2376 3147 3294 3408 3473 3486 , 3 5 % 105 , 2
1518 1544 1653 1688 1712 1738 1757 1784 1842 1873 1874 1951 1995 2006 2012 2020 2028 2045 2048 2057 2066 2070 2072 2097 2117 2128 2133 2159 2219 2230 2252 2289 2311 2331 2342 2345 2362 2371 2383 2389 2410 2416 2476 2515 2584 2589 2595 2599 2602 2609 2615 2641 2672 2673 2730 2774 2792 2796 2799 2813 2836 2844 2847 2857 2863 2889 2908 2926 2983 3006 3057 3080 3124 3148 3203 3215 3255 3271 3282 3301 3330 3347 3361 3370 3371 3463 3481 3534 3567 3570 3600 3624 3637 3641 3659 3668 3727 3728 3734 3745 3767 3771 3776 3785 3801 , 0 3 5 % 105 , 3
5 20 44 57 59 60 76 83 94 106 110 130 157 158 159 164 183 208 220 234 245 333 364 387 407 419 445 463 488 494 495 498 499 500 501 530 550 566 587 602 613 616 649 700 704 722 759 778 808 822 840 862 867 886 936 939 940 945 949 954 965 986 1014 1024 1025 1048 1069 1078 1094 1115 1121 1132 1137 1150 1170 1171 1174 1175 1256 1257 1280 1282 1290 1308 1311 1331 1347 1384 1394 1395 1444 1455 1470 1483 1523 1528 1530 1545 1546 1548 1617 2694 3427 3449 3671 , 1 2 4 5 % 105 , 4
2 5 15 99 111 158 164 271 356 407 445 500 539 643 663 743 767 791 807 862 923 1028 1048 1089 1119 1127 1163 1165 1182 1257 1274 1326 1329 1374 1375 1418 1481 1582 1600 1632 1642 1654 1659 1671 1682 1745 1778 1817 1822 1838 1904 1968 1977 2004 2027 2039 2051 2123 2130 2136 2155 2170 2184 2210 2227 2232 2233 2272 2333 2365 2397 2405 2467 2643 2651 2660 2661 2667 2757 2868 2873 2975 3009 3010 3108 3162 3191 3287 3343 3352 3375 3399 3482 3517 3521 3533 3590 3604 3615 3621 3671 3683 3782 3786 , 3 6 % 104 , 2
3 101 133 152 318 361 393 399 415 523 537 547 553 575 650 683 723 754 767 792 807 836 846 848 858 873 1019 1028 1060 1066 1075 1113 1163 1182 1264 1267 1278 1299 1315 1326 1329 1370 1374 1387 1388 1406 1481 1491 1497 1516 1519 1578 1583 1589 1631 1659 1683 1788 1818 1898 1912 1925 1948 1977 2130 2174 2176 2179 2187 2424 2439 2442 2446 2447 2501 2527 2543 2706 2734 2762 2785 2937 2979 2985 3047 3068 3076 3083 3099 3105 3106 3161 3399 3454 3469 3471 3476 3477 3483 3490 3495 3663 3718 3770 , 4 5 % 104 , 2
5 20 44 57 59 60 76 83 94 106 110 130 156 157 158 159 174 183 196 208 234 245 333 364 387 419 439 445 488 494 495 498 499 500 501 530 550 578 587 602 613 616 649 700 704 722 759 778 808 822 840 862 867 936 939 940 949 954 965 986 1014 1024 1025 1048 1069 1078 1094 1114 1115 1121 1132 1137 1150 1170 1171 1174 1256 1257 1280 1282 1290 1308 1331 1347 1384 1394 1395 1444 1470 1483 1520 1523 1528 1530 1545 1546 1548 1577 1617 2694 3427 3449 3671 3798 , 0 2 4 5 % 104 , 4
82 111 356 632 712 751 1086 1157 1321 1337 1372 1620 1642 1651 1690 1706 1725 1730 1754 1759 1763 1778 1783 1805 1817 1853 1854 1889 1893 1909 1914 1915 1929 1931 1934 1968 1978 1985 1994 2016 2034 2036 2051 2075 2099 2134 2169 2178 2191 2227 2237 2315 2356 2402 2411 2421 2426 2437 2461 2489 2503 2528 2557 2570 2660 2661 2679 2712 2720 2722 2735 2777 2868 2925 2931 3008 3033 3036 3086 3091 3156 3191 3198 3211 3223 3241 3293 3326 3377 3397 3436 3450 3465 3516 3596 3639 3656 3658 3685 3688 3711 3772 3783 3807 , 0 2 4 5 % 104 , 4
3 101 152 318 346 361 393 397 399 415 523 537 547 551 553 570 575 650 683 723 767 792 836 846 848 858 873 1019 1028 1060 1075 1076 1113 1163 1182 1264 1267 1278 1299 1315 1326 1329 1370 1374 1387 1388 1491 1497 1516 1519 1539 1578 1583 1589 1631 1659 1683 1788 1818 1898 1912 1925 1948 1977 2130 2174 2176 2179 2187 2276 2424 2439 2442 2446 2447 2501 2527 2543 2706 2734 2762 2785 2937 2979 3047 3068 3076 3083 3099 3105 3106 3161 3399 3454 3469 3476 3477 3483 3490 3495 3663 3718 3770 , 0 4 % 103 , 2
1 11 34 35 38 49 78 93 100 123 144 153 176 189 200 212 219 224 227 233 239 246 251 253 256 262 267 303 348 352 355 365 373 385 519 552 554 581 582 584 597 624 634 636 660 673 674 681 711 731 740 741 749 796 798 810 851 864 910 918 958 1003 1020 1021 1031 1032 1035 1037 1041 1046 1068 1133 1148 1155 1201 1209 1210 1248 1291 1293 1295 1300 1333 1334 1361 1385 1450 1454 1496 1512 1517 1527 1533 1588 1593 1596 1669 2376 3294 3408 3473 3486 , 0 3 % 102 , 2
1018 1513 1581 1640 1641 1648 1660 1709 1736 1758 1781 1791 1841 1843 1899 1901 1910 1950 1959 1965 1988 2031 2037 2088 2151 2206 2236 2242 2248 2262 2275 2307 2308 2309 2368 2400 2430 2432 2514 2529 2542 2559 2578 2579 2631 2633 2677 2682 2728 2729 2733 2743 2771 2794 2801 2816 2818 2827 2845 2856 2865 2879 2883 2887 2890 2901 2921 2933 2944 2954 2973 2986 2990 3066 3085 3113 3117 3136 3150 3168 3204 3207 3298 3310 3335 3415 3440 3461 3501 3589 3647 3652 3662 3673 3677 3701 3708 3710 3717 3721 3740 3755 , 0 1 2 6 % 102 , 4
1581 1652 1673 1694 1695 1758 1809 1858 1959 1965 1986 1999 2005 2007 2047 2071 2100 2151 2206 2248 2255 2259 2268 2287 2290 2304 2312 2318 2319 2326 2336 2351 2363 2368 2385 2396 2455 2472 2514 2532 2559 2569 2577 2578 2617 2633 2634 2637 2677 2682 2741 2771 2816 2827 2834 2858 2860 2887 2890 2921 2922 2944 2953 2967 2970 2986 2994 2996 3011 3021 3112 3121 3136 3160 3165 3190 3207 3213 3216 3265 3286 3415 3492 3507 3508 3513 3549 3586 3606 3611 3620 3634 3675 3684 3708 3717 3720 3726 3738 3740 3755 3768 , 1 2 3 5 % 102 , 4
1581 1652 1673 1694 1695 1758 1809 1816 1858 1959 1965 1986 2005 2007 2047 2071 2100 2151 2206 2248 2255 2259 2268 2287 2290 2304 2312 2319 2326 2336 2351 2363 2368 2385 2396 2455 2472 2514 2532 2559 2569 2577 2578 2617 2633 2634 2637 2677 2682 2741 2771 2816 2827 2834 2845 2858 2860 2887 2890 2921 2922 2944 2953 2967 2970 2986 2994 2996 3011 3021 3112 3121 3136 3160 3165 3190 3207 3213 3216 3265 3286 3415 3492 3507 3508 3513 3549 3586 3606 3611 3620 3634 3675 3684 3708 3717 3720 3726 3738 3740 3755 3768 , 0 1 2 3 % 102 , 4
82 111 356 632 712 751 884 1086 1157 1321 1337 1372 1620 1642 1690 1706 1725 1730 1754 1759 1763 1778 1783 1805 1853 1889 1893 1909 1914 1915 1922 1923 1929 1931 1934 1968 1978 1985 1994 2016 2034 2036 2051 2055 2099 2134 2169 2178 2191 2225 2227 2237 2257 2276 2315 2356 2409 2411 2421 2426 2437 2461 2528 2557 2570 2660 2661 2679 2712 2722 2735 2777 2823 2828 2868 2925 2931 2958 3008 3033 3036 3091 3156 3191 3223 3241 3326 3377 3436 3450 3465 3516 3596 3639 3657 3658 3685 3688 3772 3783 3807 , 1 2 4 5 % 101 , 4
298 751 775 821 997 1157 1168 1451 1485 1498 1501 1620 1636 1690 1728 1759 1802 1805 1836 1865 1866 1877 1909 1937 1978 2016 2017 2036 2099 2132 2145 2153 2199 2211 2237 2244 2249 2284 2298 2325 2407 2409 2411 2572 2621 2622 2623 2676 2679 2680 2703 2713 2722 2736 2766 2808 2831 2850 2878 2881 2907 2927 2965 2998 3033 3079 3094 3116 3140 3143 3149 3178 3185 3192 3195 3218 3223 3235 3260 3267 3326 3327 3377 3426 3437 3443 3467 3515 3618 3630 3639 3658 3688 3702 3719 3725 3743 3749 3750 3807 , 1 5 6 % 100 , 3
15 24 42 52 87 121 129 140 147 150 160 163 169 190 192 231 250 261 271 285 350 363 368 369 383 429 467 479 484 487 490 539 560 561 565 571 591 604 610 637 654 662 679 695 702 708 737 744 750 786 832 839 878 892 901 911 923 933 951 955 963 969 979 992 1006 1012 1027 1040 1042 1061 1083 1109 1146 1245 1253 1283 1305 1323 1332 1350 1377 1378 1437 1453 1463 1473 1486 1504 1514 1522 1525 1547 1553 1555 1564 1571 1590 1621 1626 2538 , 1 2 4 % 100 , 3
296 298 751 775 821 997 1157 1451 1485 1498 1501 1620 1636 1690 1728 1759 1802 1805 1836 1865 1866 1877 1909 1937 1978 2016 2017 2036 2099 2132 2145 2153 2199 2211 2237 2244 2249 2284 2298 2325 2411 2572 2621 2622 2623 2676 2679 2680 2703 2713 2722 2736 2766 2808 2825 2831 2850 2878 2881 2907 2927 2965 2998 3033 3079 3090 3094 3116 3140 3143 3149 3178 3185 3192 3195 3218 3223 3235 3260 3267 3326 3327 3377 3426 3437 3443 3467 3515 3618 3630 3639 3658 3688 3702 3719 3725 3743 3749 3750 3807 , 0 1 6 % 100 , 3
119 149 274 308 327 712 821 1086 1169 1179 1321 1337 1485 1563 1580 1608 1633 1636 1674 1690 1706 1751 1759 1763 1805 1833 1908 1915 1929 1931 1932 1934 1945 1972 1978 1985 1993 1994 2016 2055 2092 2096 2134 2191 2196 2208 2225 2254 2298 2323 2356 2395 2417 2437 2497 2528 2534 2572 2611 2621 2679 2681 2683 2688 2699 2700 2711 2731 2735 2777 2811 2819 2925 2931 2956 2958 3036 3079 3091 3093 3140 3223 3235 3262 3267 3283 3411 3426 3429 3436 3437 3498 3510 3614 3658 3679 3688 3691 3779 3783 , 1 2 3 5 % 100 , 4
1581 1652 1673 1694 1695 1758 1809 1858 1959 1965 1986 2005 2007 2047 2071 2100 2151 2206 2248 2255 2259 2268 2287 2290 2304 2312 2319 2326 2336 2351 2363 2368 2385 2396 2455 2472 2514 2532 2559 2569 2577 2578 2617 2633 2634 2637 2677 2682 2741 2771 2816 2827 2834 2858 2860 2887 2890 2921 2922 2944 2953 2967 2970 2986 2994 2996 3011 3021 3112 3121 3136 3160 3165 3190 3207 3213 3216 3265 3286 3415 3492 3507 3508 3513 3549 3586 3606 3611 3620 3634 3675 3684 3708 3717 3720 3726 3738 3740 3755 3768 , 0 1 2 3 5 % 100 , 5
5 9 20 44 57 59 60 76 83 94 106 110 130 157 158 159 183 208 234 245 333 364 387 419 445 488 494 495 498 499 500 501 530 550 587 602 613 616 649 700 704 722 759 778 808 822 840 862 867 936 939 940 949 954 960 965 986 1014 1024 1025 1048 1069 1078 1081 1087 1094 1115 1121 1132 1137 1150 1170 1171 1174 1256 1257 1280 1282 1290 1308 1331 1347 1384 1394 1395 1444 1470 1483 1523 1528 1530 1545 1546 1548 1617 2694 3427 3449 3671 , 0 1 2 4 % 99 , 4
2 4 15 24 42 99 121 139 160 163 170 201 238 250 254 255 268 270 271 285 325 343 350 368 383 384 406 409 410 414 429 431 470 471 484 539 560 561 565 593 610 621 627 637 654 670 672 679 702 709 716 721 743 757 817 832 868 878 892 911 933 946 951 969 978 998 1012 1015 1083 1104 1109 1112 1122 1131 1140 1159 1161 1165 1172 1233 1245 1301 1323 1338 1349 1350 1376 1377 1378 1379 1418 1437 1463 1532 1555 1562 1613 1626 , 0 4 5 % 98 , 3
119 149 274 308 327 712 821 1086 1169 1179 1321 1337 1485 1563 1580 1608 1633 1636 1674 1690 1706 1751 1759 1763 1805 1833 1908 1915 1929 1931 1932 1934 1945 1972 1978 1985 1993 1994 2013 2016 2092 2096 2134 2191 2196 2208 2254 2298 2323 2356 2394 2395 2417 2437 2497 2528 2534 2572 2611 2621 2679 2681 2683 2688 2699 2700 2731 2735 2777 2811 2819 2925 2931 2956 3036 3079 3091 3093 3140 3223 3235 3262 3267 3283 3411 3426 3429 3436 3437 3498 3510 3614 3658 3679 3688 3691 3779 3783 , 0 1 2 3 % 98 , 4
1 11 17 49 78 100 105 115 123 143 153 187 189 212 219 227 233 240 246 251 262 263 264 267 300 303 317 330 347 348 355 365 385 511 519 526 552 554 582 584 597 634 636 657 660 673 674 681 687 699 711 717 740 741 747 749 752 851 864 910 943 956 1003 1020 1031 1035 1046 1068 1074 1126 1129 1133 1139 1155 1209 1248 1281 1293 1295 1297 1300 1302 1361 1385 1450 1454 1474 1512 1517 1527 1588 1593 1669 2376 3147 3294 3486 , 1 3 % 97 , 2
16 47 48 58 72 75 132 142 162 165 167 171 179 184 191 198 199 252 259 275 305 326 336 340 344 354 401 404 420 436 438 447 502 541 549 586 588 603 607 608 635 698 703 713 720 724 727 728 729 764 773 777 780 789 803 804 812 852 879 887 888 913 935 985 1008 1047 1049 1054 1091 1093 1107 1111 1118 1123 1185 1206 1222 1225 1230 1252 1281 1325 1353 1364 1383 1433 1440 1447 1459 1465 1526 1534 1538 1559 1602 1619 1625 , 0 2 % 97 , 2
298 751 775 821 997 1157 1451 1485 1498 1501 1620 1636 1690 1728 1759 1802 1805 1836 1865 1866 1877 1909 1937 1978 2016 2017 2036 2099 2132 2145 2153 2199 2211 2237 2244 2249 2284 2298 2325 2411 2572 2621 2622 2623 2676 2679 2680 2703 2713 2722 2736 2766 2808 2831 2850 2878 2881 2907 2927 2965 2998 3033 3079 3094 3116 3140 3143 3149 3178 3185 3192 3195 3218 3223 3235 3260 3267 3326 3327 3377 3426 3437 3443 3467 3515 3618 3630 3639 3658 3688 3702 3719 3725 3743 3749 3750 3807 , 0 1 5 6 % 97 , 4
1513 1581 1640 1641 1648 1660 1709 1736 1758 1781 1791 1841 1843 1899 1901 1910 1950 1959 1965 1988 2031 2037 2088 2151 2206 2236 2242 2248 2262 2275 2307 2308 2309 2368 2400 2430 2432 2514 2529 2542 2559 2578 2579 2631 2633 2677 2682 2728 2729 2733 2743 2771 2794 2801 2816 2818 2827 2856 2865 2883 2887 2890 2901 2921 2933 2944 2954 2973 2986 2990 3066 3085 3113 3136 3150 3168 3204 3207 3298 3310 3335 3415 3440 3461 3501 3589 3647 3652 3662 3677 3701 3708 3710 3717 3721 3740 3755 , 0 1 2 5 6 % 97 , 5
