3 30 101 152 316 399 415 478 523 537 547 551 553 570 575 650 651 683 684 723 767 792 807 846 873 968 1019 1028 1033 1060 1113 1163 1182 1267 1278 1299 1315 1329 1370 1374 1375 1387 1388 1406 1491 1497 1516 1519 1578 1583 1631 1632 1649 1659 1683 1722 1753 1788 1806 1818 1898 1912 1948 1977 2130 2174 2176 2179 2439 2447 2527 2543 2706 2734 2785 2805 2937 2955 3076 3099 3105 3106 3161 3162 3379 3399 3454 3469 3471 3476 3477 3483 3490 3495 3663 3718 , 2 3 % 96 , 2
47 48 58 65 72 75 132 142 162 165 167 171 179 181 184 191 198 199 252 259 305 326 336 340 344 354 401 403 404 420 438 447 465 502 533 541 549 586 588 603 607 635 698 703 713 720 724 727 728 729 764 773 777 780 789 803 804 812 852 856 879 887 888 913 935 985 1008 1047 1049 1054 1091 1093 1107 1111 1118 1123 1185 1200 1206 1222 1230 1252 1281 1325 1353 1364 1383 1440 1447 1459 1465 1534 1538 1542 1559 1619 , 2 5 % 96 , 2
3 101 152 318 393 397 399 415 523 537 547 551 553 570 575 650 683 723 767 792 836 846 848 858 873 1019 1028 1060 1075 1076 1113 1163 1182 1264 1267 1278 1299 1315 1329 1370 1374 1387 1388 1491 1497 1516 1519 1539 1578 1583 1589 1631 1659 1683 1788 1818 1898 1912 1925 1948 1977 2130 2174 2176 2179 2424 2439 2446 2447 2501 2527 2543 2706 2734 2762 2785 2937 3047 3068 3076 3083 3099 3105 3106 3161 3399 3454 3469 3476 3477 3483 3490 3495 3663 3718 3770 , 0 2 4 % 96 , 3
3 101 152 318 361 393 399 415 523 537 547 553 575 650 683 723 767 792 836 846 848 858 873 1019 1028 1060 1075 1113 1163 1182 1264 1267 1278 1299 1315 1326 1329 1370 1374 1387 1388 1491 1497 1516 1519 1578 1583 1589 1631 1659 1683 1788 1818 1898 1912 1925 1948 1977 2130 2174 2176 2179 2187 2424 2439 2442 2446 2447 2501 2527 2543 2706 2734 2762 2785 2937 2979 3047 3068 3076 3083 3099 3105 3106 3161 3399 3454 3469 3476 3477 3483 3490 3495 3663 3718 3770 , 0 4 5 % 96 , 3
119 149 274 308 327 712 821 1086 1169 1179 1321 1337 1485 1563 1580 1608 1633 1636 1674 1690 1706 1751 1759 1763 1805 1833 1908 1915 1929 1931 1932 1934 1945 1972 1978 1985 1993 1994 2016 2092 2096 2134 2191 2196 2208 2254 2298 2323 2356 2395 2417 2437 2497 2528 2534 2572 2611 2621 2679 2681 2683 2688 2699 2700 2731 2735 2777 2811 2819 2925 2931 2956 3036 3079 3091 3093 3140 3223 3235 3262 3267 3283 3411 3426 3429 3436 3437 3498 3510 3614 3658 3679 3688 3691 3779 3783 , 0 1 2 3 5 % 96 , 5
13 19 59 71 76 89 130 146 209 210 215 245 289 294 322 345 377 382 397 444 448 454 509 513 515 530 545 548 550 562 587 594 596 639 664 667 706 714 763 778 787 790 794 808 890 900 925 936 952 977 1023 1030 1050 1076 1077 1078 1079 1100 1125 1132 1144 1150 1229 1246 1265 1273 1284 1290 1294 1311 1342 1345 1346 1347 1355 1389 1416 1424 1427 1432 1468 1493 1499 1505 1537 1550 1558 1584 1617 1627 1762 2163 2238 3487 3575 , 1 3 5 % 95 , 3
3 101 318 393 399 514 523 537 547 553 575 650 683 723 767 792 807 836 846 858 873 1019 1028 1033 1060 1066 1075 1113 1163 1182 1264 1267 1278 1299 1315 1329 1370 1371 1374 1375 1387 1388 1406 1497 1516 1519 1539 1578 1583 1631 1632 1643 1659 1683 1722 1788 1818 1912 1940 1948 1977 2130 2174 2176 2179 2424 2439 2446 2465 2501 2527 2543 2654 2708 2734 2762 2785 2937 3047 3068 3076 3083 3099 3105 3106 3154 3161 3399 3454 3469 3471 3476 3490 3495 3663 , 1 2 4 % 95 , 3
3 101 152 318 393 399 415 523 537 547 553 575 650 683 723 767 792 807 836 846 848 858 873 1019 1028 1060 1066 1075 1113 1163 1182 1264 1267 1278 1299 1315 1329 1370 1374 1387 1388 1406 1491 1497 1516 1519 1578 1583 1589 1631 1659 1683 1788 1818 1898 1912 1925 1948 1977 2130 2174 2176 2179 2424 2439 2446 2447 2501 2527 2543 2706 2734 2762 2785 2937 3047 3068 3076 3083 3099 3105 3106 3161 3399 3454 3469 3471 3476 3477 3483 3490 3495 3663 3718 3770 , 2 4 5 % 95 , 3
3 30 101 320 399 478 523 528 537 547 553 575 650 651 663 683 684 723 767 792 846 873 891 968 1019 1028 1060 1113 1163 1182 1267 1278 1299 1315 1326 1329 1370 1374 1387 1388 1414 1421 1497 1516 1519 1578 1583 1631 1638 1649 1654 1659 1683 1753 1788 1806 1818 1912 1948 1977 2130 2174 2176 2179 2187 2433 2439 2442 2449 2527 2543 2601 2734 2785 2805 2937 2951 2955 2979 3076 3099 3105 3106 3161 3162 3343 3399 3454 3469 3474 3476 3482 3490 3495 3663 , 0 1 3 5 % 95 , 4
5 20 44 57 59 60 76 83 94 106 110 130 157 158 159 183 208 234 245 333 364 387 419 445 488 494 495 498 499 500 501 530 550 587 602 613 616 649 700 704 722 759 778 808 822 840 862 867 936 939 940 949 954 965 986 1014 1024 1025 1048 1069 1078 1094 1115 1121 1132 1137 1150 1170 1171 1174 1256 1257 1280 1282 1290 1308 1331 1347 1384 1394 1395 1444 1470 1483 1523 1528 1530 1545 1546 1548 1617 2694 3427 3449 3671 , 0 1 2 4 5 % 95 , 5
82 111 356 632 712 751 1086 1157 1321 1337 1372 1620 1642 1690 1706 1725 1730 1754 1759 1763 1778 1783 1805 1853 1889 1893 1909 1914 1915 1929 1931 1934 1937 1968 1978 1985 1994 2013 2016 2034 2036 2051 2099 2134 2169 2178 2191 2227 2237 2315 2356 2411 2421 2426 2437 2461 2528 2557 2570 2636 2660 2661 2679 2712 2722 2735 2777 2790 2868 2925 2931 3008 3033 3036 3091 3119 3156 3191 3223 3241 3326 3377 3436 3450 3465 3516 3596 3639 3658 3685 3688 3772 3783 3807 , 0 1 4 % 94 , 3
1 17 49 55 78 80 100 105 115 123 143 153 187 212 219 233 237 240 262 263 264 267 300 303 317 330 347 348 349 355 365 370 385 398 489 506 507 511 519 526 552 554 582 584 597 624 636 657 673 674 680 687 699 711 717 747 749 752 826 851 864 910 943 956 958 1003 1020 1031 1032 1046 1068 1126 1129 1133 1139 1155 1195 1209 1248 1293 1295 1297 1300 1302 1361 1448 1450 1474 1512 1527 1533 1588 1669 , 2 3 % 93 , 2
47 48 58 65 72 75 132 142 162 165 167 171 179 181 184 191 199 252 259 305 336 340 344 354 401 403 404 420 438 447 465 502 533 541 549 586 588 603 607 635 698 703 713 720 724 727 728 729 764 773 777 780 789 803 804 812 852 856 879 887 888 913 935 985 1008 1047 1049 1054 1091 1093 1107 1111 1118 1123 1185 1200 1206 1222 1230 1252 1325 1353 1364 1383 1440 1447 1459 1465 1534 1538 1542 1559 1619 , 1 2 5 % 93 , 3
82 111 356 632 712 751 1086 1157 1321 1337 1372 1620 1642 1690 1706 1725 1730 1754 1759 1763 1778 1783 1805 1853 1889 1893 1909 1914 1915 1929 1931 1934 1937 1968 1978 1985 1994 2016 2034 2036 2051 2099 2134 2169 2178 2191 2227 2237 2315 2356 2411 2421 2426 2437 2461 2528 2557 2570 2636 2660 2661 2679 2712 2722 2735 2777 2790 2868 2925 2931 3008 3033 3036 3091 3119 3156 3191 3223 3241 3326 3377 3436 3450 3465 3516 3596 3639 3658 3685 3688 3772 3783 3807 , 0 1 4 5 % 93 , 4
1 11 34 35 38 49 78 93 144 176 189 200 212 219 224 227 233 239 246 251 253 256 262 267 303 348 355 365 373 385 519 552 554 581 582 584 597 624 634 636 660 673 674 681 711 731 740 741 749 796 798 810 851 864 910 918 1003 1021 1031 1035 1037 1041 1046 1133 1148 1155 1201 1209 1210 1248 1291 1293 1295 1300 1333 1334 1385 1450 1454 1496 1512 1517 1527 1593 1596 1669 2376 3294 3408 3473 3486 , 0 3 5 % 91 , 3
13 19 59 71 76 89 130 146 209 210 215 245 289 294 345 377 382 444 454 509 513 515 530 545 548 550 562 587 594 596 639 664 667 706 714 763 778 787 790 794 808 890 900 925 934 936 952 977 1023 1030 1050 1077 1078 1079 1081 1100 1125 1132 1144 1150 1229 1246 1265 1273 1284 1290 1294 1342 1345 1346 1347 1355 1389 1416 1424 1432 1468 1493 1499 1505 1537 1550 1558 1584 1617 1627 1762 2163 2238 3487 3575 , 0 1 3 % 91 , 3
3 101 152 318 393 399 415 523 537 547 553 575 650 683 723 767 792 836 846 848 858 873 1019 1028 1060 1075 1113 1163 1182 1264 1267 1278 1299 1315 1329 1370 1374 1387 1388 1491 1497 1516 1519 1578 1583 1589 1631 1659 1683 1788 1818 1898 1912 1925 1948 1977 2130 2174 2176 2179 2424 2439 2446 2447 2501 2527 2543 2706 2734 2762 2785 2937 3047 3068 3076 3083 3099 3105 3106 3161 3399 3454 3469 3476 3477 3483 3490 3495 3663 3718 3770 , 0 2 4 5 % 91 , 4
3 30 101 152 316 399 415 478 523 537 547 553 575 650 651 683 684 723 767 792 807 846 873 968 1019 1028 1060 1113 1163 1182 1267 1278 1299 1315 1329 1370 1374 1387 1388 1406 1491 1497 1516 1519 1578 1583 1631 1649 1659 1683 1753 1788 1806 1818 1898 1912 1948 1977 2130 2174 2176 2179 2439 2447 2527 2543 2706 2734 2785 2805 2937 2955 3076 3099 3105 3106 3161 3162 3379 3399 3454 3469 3471 3476 3477 3483 3490 3495 3663 3718 , 2 3 5 % 90 , 3
3 101 133 318 393 399 523 537 547 553 575 650 683 723 754 767 792 807 836 846 858 873 1019 1028 1060 1066 1075 1113 1163 1182 1264 1267 1278 1299 1315 1326 1329 1370 1374 1387 1388 1406 1481 1497 1516 1519 1578 1583 1631 1659 1683 1788 1818 1912 1948 1977 2130 2174 2176 2179 2187 2424 2439 2442 2446 2501 2527 2543 2734 2762 2785 2937 2979 2985 3047 3068 3076 3083 3099 3105 3106 3161 3399 3454 3469 3471 3476 3490 3495 3663 , 1 4 5 % 90 , 3
82 111 356 632 712 751 1086 1157 1321 1337 1372 1620 1642 1690 1706 1725 1730 1754 1759 1763 1778 1783 1805 1853 1889 1893 1909 1914 1915 1929 1931 1934 1968 1978 1985 1994 2013 2016 2034 2036 2051 2099 2134 2169 2178 2191 2227 2237 2315 2356 2411 2421 2426 2437 2461 2528 2557 2570 2660 2661 2679 2712 2722 2735 2777 2868 2925 2931 3008 3033 3036 3091 3156 3191 3223 3241 3326 3377 3436 3450 3465 3516 3596 3639 3658 3685 3688 3772 3783 3807 , 0 1 2 4 % 90 , 4
7 26 32 66 70 79 86 108 136 145 154 155 161 211 228 235 244 247 258 260 279 282 297 302 304 307 342 362 367 374 394 403 418 427 440 465 472 503 517 524 540 556 573 579 585 590 599 625 630 646 659 676 726 760 779 854 860 927 980 989 1013 1017 1026 1095 1106 1130 1142 1143 1158 1181 1192 1197 1205 1207 1213 1216 1224 1231 1232 1236 1237 1262 1279 1309 1382 1419 1443 1575 1579 , 0 % 89 , 1
3 30 101 152 316 399 415 478 523 537 547 551 553 570 575 650 651 683 684 723 767 792 846 873 968 1019 1028 1060 1113 1163 1182 1267 1278 1299 1315 1329 1370 1374 1387 1388 1491 1497 1516 1519 1578 1583 1631 1649 1659 1683 1753 1788 1806 1818 1898 1912 1948 1977 2130 2174 2176 2179 2439 2447 2527 2543 2706 2734 2785 2805 2937 2955 3076 3099 3105 3106 3161 3162 3379 3399 3454 3469 3476 3477 3483 3490 3495 3663 3718 , 0 2 3 % 89 , 3
47 48 58 72 75 132 142 162 165 167 171 179 184 191 199 252 259 275 305 336 340 344 354 401 404 420 438 447 502 541 549 586 588 603 607 635 698 703 713 720 724 727 728 729 764 773 777 780 789 803 804 812 852 879 887 888 913 935 985 1008 1047 1049 1054 1091 1093 1107 1111 1118 1123 1185 1206 1222 1230 1252 1325 1353 1364 1383 1440 1447 1459 1465 1526 1534 1538 1559 1602 1619 1625 , 0 1 2 % 89 , 3
13 19 59 71 76 89 130 146 209 210 215 245 289 294 345 377 382 444 454 509 513 515 530 545 548 550 562 587 594 596 639 664 667 706 714 763 778 787 790 794 808 890 900 925 936 952 977 1023 1030 1050 1077 1078 1079 1100 1125 1132 1144 1150 1229 1246 1265 1273 1284 1290 1294 1342 1345 1346 1347 1355 1389 1416 1424 1432 1468 1493 1499 1505 1537 1550 1558 1584 1617 1627 1762 2163 2238 3487 3575 , 0 1 3 5 % 89 , 4
82 111 356 632 712 751 1086 1157 1321 1337 1372 1620 1642 1690 1706 1725 1730 1754 1759 1763 1778 1783 1805 1853 1889 1893 1909 1914 1915 1929 1931 1934 1968 1978 1985 1994 2016 2034 2036 2051 2099 2134 2169 2178 2191 2227 2237 2315 2356 2411 2421 2426 2437 2461 2528 2557 2570 2660 2661 2679 2712 2722 2735 2777 2868 2925 2931 3008 3033 3036 3091 3156 3191 3223 3241 3326 3377 3436 3450 3465 3516 3596 3639 3658 3685 3688 3772 3783 3807 , 0 1 2 4 5 % 89 , 5
7 26 32 66 70 79 86 108 136 154 155 161 211 228 235 244 247 258 260 279 297 302 304 342 362 367 374 394 403 418 427 440 472 486 503 517 524 540 556 573 579 585 590 599 625 630 646 659 676 726 760 779 854 860 927 980 989 1013 1017 1026 1095 1130 1142 1143 1181 1184 1197 1205 1207 1213 1216 1224 1225 1231 1232 1236 1237 1262 1279 1309 1382 1419 1433 1443 1526 1575 1579 1625 , 5 % 88 , 1
47 48 58 72 75 132 142 162 165 167 171 179 184 191 198 199 252 259 305 326 336 340 344 354 401 404 420 438 447 502 541 549 586 588 603 607 635 698 703 713 720 724 727 728 729 764 773 777 780 789 803 804 812 852 879 887 888 913 935 985 1008 1047 1049 1054 1091 1093 1107 1111 1118 1123 1185 1206 1222 1230 1252 1281 1325 1353 1364 1383 1440 1447 1459 1465 1534 1538 1559 1619 , 0 2 5 % 88 , 3
3 30 101 152 316 399 415 478 523 537 547 553 575 650 651 683 684 723 767 792 846 873 968 1019 1028 1060 1113 1163 1182 1267 1278 1299 1315 1329 1370 1374 1387 1388 1491 1497 1516 1519 1578 1583 1631 1649 1659 1683 1753 1788 1806 1818 1898 1912 1948 1977 2130 2174 2176 2179 2439 2447 2527 2543 2706 2734 2785 2805 2937 2955 3076 3099 3105 3106 3161 3162 3379 3399 3454 3469 3476 3477 3483 3490 3495 3663 3718 , 0 2 3 5 % 87 , 4
3 101 133 152 361 399 415 523 537 547 553 575 650 683 723 754 767 792 807 846 873 1019 1028 1060 1113 1163 1182 1267 1278 1299 1315 1326 1329 1370 1374 1387 1388 1406 1481 1491 1497 1516 1519 1578 1583 1631 1659 1683 1788 1818 1898 1912 1948 1977 2130 2174 2176 2179 2187 2439 2442 2447 2527 2543 2706 2734 2785 2937 2979 2985 3076 3099 3105 3106 3161 3399 3454 3469 3471 3476 3477 3483 3490 3495 3663 3718 , 3 4 5 % 86 , 3
47 48 58 72 75 132 142 162 165 167 171 179 184 191 199 252 259 305 336 340 344 354 401 404 420 438 447 502 541 549 586 588 603 607 635 698 703 713 720 724 727 728 729 764 773 777 780 789 803 804 812 852 879 887 888 913 935 985 1008 1047 1049 1054 1091 1093 1107 1111 1118 1123 1185 1206 1222 1230 1252 1325 1353 1364 1383 1440 1447 1459 1465 1534 1538 1559 1619 , 0 1 2 5 % 85 , 4
1680 1715 1752 1768 1773 1775 1796 1875 1883 1907 2041 2064 2077 2095 2107 2125 2267 2288 2320 2334 2364 2369 2384 2412 2429 2499 2504 2507 2571 2594 2610 2620 2629 2635 2648 2649 2795 2807 2854 2872 2913 2940 2942 2988 2997 3001 3005 3027 3128 3201 3233 3261 3280 3285 3297 3319 3336 3345 3348 3358 3505 3559 3569 3587 3629 3631 3638 3649 3654 3655 3667 3680 3682 3696 3697 3699 3700 3739 3759 3774 3787 3796 3808 , 1 5 % 83 , 2
3 101 152 346 361 399 415 523 537 547 551 553 570 575 650 683 723 767 792 846 873 1019 1028 1060 1113 1163 1182 1267 1278 1299 1315 1326 1329 1370 1374 1387 1388 1491 1497 1516 1519 1578 1583 1631 1659 1683 1788 1818 1898 1912 1948 1977 2130 2174 2176 2179 2187 2276 2439 2442 2447 2527 2543 2706 2734 2785 2937 2979 3076 3099 3105 3106 3161 3399 3454 3469 3476 3477 3483 3490 3495 3663 3718 , 0 3 4 % 83 , 3
3 101 152 399 415 523 537 547 551 553 570 575 650 683 723 767 792 807 846 873 1019 1028 1033 1060 1113 1163 1182 1267 1278 1299 1315 1329 1370 1374 1375 1387 1388 1406 1491 1497 1516 1519 1578 1583 1631 1632 1659 1683 1722 1788 1818 1898 1912 1948 1977 2130 2174 2176 2179 2439 2447 2527 2543 2706 2734 2785 2937 3076 3099 3105 3106 3161 3399 3454 3469 3471 3476 3477 3483 3490 3495 3663 3718 , 2 3 4 % 83 , 3
3 101 133 399 523 537 547 553 575 650 683 723 754 767 792 807 846 873 1019 1028 1033 1060 1113 1163 1182 1267 1278 1299 1315 1326 1329 1370 1374 1375 1387 1388 1406 1481 1497 1516 1519 1578 1583 1631 1632 1659 1683 1722 1788 1818 1912 1948 1977 2073 2130 2174 2176 2179 2187 2439 2442 2527 2543 2734 2785 2937 2979 2985 3076 3099 3105 3106 3152 3161 3313 3399 3454 3469 3471 3476 3490 3495 3663 , 1 3 4 % 83 , 3
3 101 318 393 399 523 537 547 553 575 650 683 723 767 792 836 846 858 873 1019 1028 1060 1075 1113 1163 1182 1264 1267 1278 1299 1315 1326 1329 1370 1374 1387 1388 1497 1516 1519 1539 1578 1583 1631 1659 1683 1788 1818 1912 1948 1977 2130 2174 2176 2179 2187 2424 2439 2442 2446 2501 2527 2543 2734 2762 2785 2937 2979 3047 3068 3076 3083 3099 3105 3106 3161 3399 3454 3469 3476 3490 3495 3663 , 0 1 4 % 83 , 3
3 30 101 399 478 523 537 547 553 575 650 651 683 684 723 767 792 807 846 873 968 1019 1028 1033 1060 1113 1163 1182 1267 1278 1299 1315 1329 1370 1374 1375 1387 1388 1406 1497 1516 1519 1578 1583 1631 1632 1649 1659 1683 1722 1753 1788 1806 1818 1912 1948 1977 2130 2174 2176 2179 2439 2527 2543 2734 2785 2805 2937 2955 3076 3099 3105 3106 3161 3162 3399 3454 3469 3471 3476 3490 3495 3663 , 1 2 3 % 83 , 3
13 19 59 71 76 89 130 156 174 196 209 210 215 226 245 289 377 425 444 454 504 509 513 515 530 548 550 562 587 596 639 664 667 706 714 763 778 787 790 794 808 890 900 934 936 952 977 1023 1030 1050 1067 1077 1078 1079 1081 1100 1125 1132 1144 1150 1173 1246 1265 1284 1290 1294 1342 1347 1389 1403 1416 1424 1432 1493 1499 1505 1520 1577 1617 1627 1762 2238 3575 , 0 2 3 % 83 , 3
7 26 32 66 70 79 86 108 136 154 155 161 211 228 235 244 247 258 260 279 297 302 304 342 362 367 374 394 403 418 427 440 472 503 517 524 540 556 573 579 585 590 599 625 630 646 659 676 726 760 779 854 860 927 980 989 1013 1017 1026 1095 1130 1142 1143 1181 1197 1205 1207 1213 1216 1224 1231 1232 1236 1237 1262 1279 1309 1382 1419 1443 1575 1579 , 0 5 % 82 , 2
1664 1704 1737 1767 1776 1801 1807 1813 1828 1835 1846 1848 1855 1918 1930 1969 1992 1996 2024 2038 2061 2084 2093 2098 2126 2160 2212 2217 2256 2261 2263 2282 2310 2316 2328 2353 2451 2453 2483 2547 2555 2558 2582 2590 2686 2724 2810 2830 2870 2912 2948 2982 3002 3029 3075 3092 3145 3194 3225 3236 3244 3248 3250 3314 3317 3364 3373 3419 3431 3545 3547 3562 3571 3579 3581 3591 3622 3628 3712 3760 3762 3805 , 1 4 % 82 , 2
1680 1715 1752 1768 1773 1775 1796 1875 1883 1907 2041 2064 2077 2095 2107 2125 2267 2288 2320 2334 2364 2384 2412 2429 2499 2504 2507 2571 2610 2615 2620 2629 2635 2648 2649 2795 2807 2872 2913 2940 2942 2988 2997 3001 3005 3027 3128 3171 3201 3233 3261 3280 3281 3285 3297 3319 3336 3345 3348 3505 3559 3569 3587 3629 3631 3638 3649 3654 3655 3667 3680 3682 3696 3697 3699 3700 3739 3759 3774 3787 3796 3808 , 0 1 % 82 , 2
3 101 318 393 399 523 537 547 553 575 650 683 723 767 792 836 846 858 873 1019 1028 1060 1075 1113 1163 1182 1264 1267 1278 1299 1315 1326 1329 1370 1374 1387 1388 1497 1516 1519 1578 1583 1631 1659 1683 1788 1818 1912 1948 1977 2130 2174 2176 2179 2187 2424 2439 2442 2446 2501 2527 2543 2734 2762 2785 2937 2979 3047 3068 3076 3083 3099 3105 3106 3161 3399 3454 3469 3476 3490 3495 3663 , 0 1 4 5 % 82 , 4
3 101 318 393 399 523 537 547 553 575 650 683 723 767 792 807 836 846 858 873 1019 1028 1060 1066 1075 1113 1163 1182 1264 1267 1278 1299 1315 1329 1370 1374 1387 1388 1406 1497 1516 1519 1578 1583 1631 1659 1683 1788 1818 1912 1948 1977 2130 2174 2176 2179 2424 2439 2446 2501 2527 2543 2734 2762 2785 2937 3047 3068 3076 3083 3099 3105 3106 3161 3399 3454 3469 3471 3476 3490 3495 3663 , 1 2 4 5 % 82 , 4
31 61 62 76 110 153 174 220 245 304 310 354 362 364 407 417 433 453 473 476 505 566 582 587 645 682 700 758 778 822 837 883 887 928 936 959 1001 1003 1010 1024 1051 1118 1121 1173 1239 1242 1271 1306 1308 1324 1331 1335 1382 1407 1419 1520 1552 1619 1787 1842 1862 1869 1916 1935 2197 2375 2523 2583 2657 2768 2804 2991 3233 3318 3345 3384 3386 3563 3680 3798 3804 , 4 6 % 81 , 2
13 19 59 71 76 89 130 141 209 210 215 241 245 289 377 444 448 454 455 509 513 515 530 548 550 562 587 596 614 639 664 667 706 714 763 778 787 790 794 808 890 900 934 936 941 952 977 1023 1030 1045 1050 1077 1078 1079 1081 1100 1125 1132 1144 1150 1246 1265 1284 1290 1294 1311 1342 1347 1389 1416 1424 1427 1432 1493 1499 1505 1617 1627 1762 2238 3575 , 1 2 3 % 81 , 3
13 19 59 71 76 89 130 156 174 196 209 210 215 226 245 289 377 425 444 448 454 509 513 515 530 548 550 562 587 596 639 664 667 706 714 763 778 787 790 794 808 890 900 936 952 977 1023 1030 1050 1077 1078 1079 1100 1125 1132 1144 1150 1246 1265 1284 1290 1294 1311 1342 1347 1389 1416 1424 1427 1432 1493 1499 1505 1520 1569 1577 1617 1627 1762 2238 3575 , 2 3 5 % 81 , 3
1680 1715 1752 1768 1773 1775 1796 1875 1883 1907 2041 2064 2077 2095 2107 2125 2267 2288 2320 2334 2364 2384 2412 2429 2499 2504 2507 2571 2610 2620 2629 2635 2648 2649 2795 2807 2872 2913 2940 2942 2988 2997 3001 3005 3027 3128 3201 3233 3261 3280 3285 3297 3319 3336 3345 3348 3505 3559 3569 3587 3629 3631 3638 3649 3654 3655 3667 3680 3682 3696 3697 3699 3700 3739 3759 3774 3787 3796 3808 , 0 1 5 % 79 , 3
3 101 318 393 399 523 537 547 553 575 650 683 723 767 792 836 846 858 873 1019 1028 1060 1075 1113 1163 1182 1264 1267 1278 1299 1315 1329 1370 1374 1387 1388 1497 1516 1519 1539 1578 1583 1631 1659 1683 1788 1818 1912 1948 1977 2130 2174 2176 2179 2424 2439 2446 2501 2527 2543 2734 2762 2785 2937 3047 3068 3076 3083 3099 3105 3106 3161 3399 3454 3469 3476 3490 3495 3663 , 0 1 2 4 % 79 , 4
3 101 152 361 399 415 523 537 547 553 575 650 683 723 767 792 846 873 1019 1028 1060 1113 1163 1182 1267 1278 1299 1315 1326 1329 1370 1374 1387 1388 1491 1497 1516 1519 1578 1583 1631 1659 1683 1788 1818 1898 1912 1948 1977 2130 2174 2176 2179 2187 2439 2442 2447 2527 2543 2706 2734 2785 2937 2979 3076 3099 3105 3106 3161 3399 3454 3469 3476 3477 3483 3490 3495 3663 3718 , 0 3 4 5 % 79 , 4
3 30 101 399 478 523 537 547 553 575 650 651 683 684 723 767 792 807 846 873 968 1019 1028 1060 1113 1163 1182 1267 1278 1299 1315 1329 1370 1374 1387 1388 1406 1497 1516 1519 1578 1583 1631 1649 1659 1683 1753 1788 1806 1818 1912 1948 1977 2130 2174 2176 2179 2439 2527 2543 2734 2785 2805 2937 2955 3076 3099 3105 3106 3161 3162 3399 3454 3469 3471 3476 3490 3495 3663 , 1 2 3 5 % 79 , 4
3 101 318 393 399 523 537 547 553 575 650 683 723 767 792 836 846 858 873 1019 1028 1060 1075 1113 1163 1182 1264 1267 1278 1299 1315 1329 1370 1374 1387 1388 1497 1516 1519 1578 1583 1631 1659 1683 1788 1818 1912 1948 1977 2130 2174 2176 2179 2424 2439 2446 2501 2527 2543 2734 2762 2785 2937 3047 3068 3076 3083 3099 3105 3106 3161 3399 3454 3469 3476 3490 3495 3663 , 0 1 2 4 5 % 78 , 5
2 15 24 42 99 121 147 160 163 169 170 250 255 271 285 325 350 368 383 384 410 414 429 431 467 470 484 539 560 561 565 610 627 637 654 672 679 702 709 721 743 817 832 868 878 892 911 933 951 969 1012 1015 1083 1109 1112 1122 1131 1140 1159 1161 1233 1245 1288 1301 1323 1350 1377 1378 1418 1437 1463 1504 1522 1547 1555 1562 1626 , 1 4 5 % 77 , 3
13 19 59 71 76 89 130 156 174 196 209 210 215 226 245 289 377 425 444 454 509 513 515 530 548 550 562 587 596 639 664 667 706 714 763 778 787 790 794 808 890 900 936 952 977 1023 1030 1050 1077 1078 1079 1100 1125 1132 1144 1150 1246 1265 1284 1290 1294 1342 1347 1389 1416 1424 1432 1493 1499 1505 1520 1577 1617 1627 1762 2238 3575 , 0 2 3 5 % 77 , 4
3 101 152 399 415 523 537 547 553 575 650 683 723 767 792 807 846 873 1019 1028 1060 1113 1163 1182 1267 1278 1299 1315 1329 1370 1374 1387 1388 1406 1491 1497 1516 1519 1578 1583 1631 1659 1683 1788 1818 1898 1912 1948 1977 2130 2174 2176 2179 2439 2447 2527 2543 2706 2734 2785 2937 3076 3099 3105 3106 3161 3399 3454 3469 3471 3476 3477 3483 3490 3495 3663 3718 , 2 3 4 5 % 77 , 4
1 17 49 78 100 105 115 123 143 153 187 212 219 233 240 262 263 264 267 300 303 317 330 347 348 355 365 385 511 519 526 552 554 582 584 597 636 657 673 674 687 699 711 717 747 749 752 851 864 910 943 956 1003 1020 1031 1046 1068 1126 1129 1133 1139 1155 1209 1248 1293 1295 1297 1300 1302 1361 1450 1474 1512 1527 1588 1669 , 1 2 3 % 76 , 3
2 15 24 42 99 121 160 163 170 190 192 250 255 271 285 325 350 368 369 383 384 410 414 429 431 470 484 487 539 560 561 565 610 627 637 654 672 679 702 709 721 743 817 832 868 878 892 911 933 951 969 1012 1015 1083 1109 1112 1122 1131 1140 1146 1159 1161 1233 1245 1301 1323 1350 1377 1378 1418 1437 1463 1555 1562 1610 1626 , 0 1 4 % 76 , 3
1664 1704 1737 1767 1776 1801 1807 1813 1828 1835 1846 1848 1855 1918 1930 1969 1992 1996 2024 2038 2061 2084 2093 2098 2126 2160 2212 2217 2256 2261 2263 2282 2310 2316 2328 2353 2451 2483 2547 2555 2558 2582 2590 2686 2724 2810 2830 2870 2912 2948 2982 3002 3029 3092 3194 3225 3236 3244 3248 3250 3314 3364 3419 3431 3545 3547 3562 3571 3579 3581 3591 3622 3628 3712 3760 3762 , 1 2 4 % 76 , 3
3 101 152 399 415 523 537 547 551 553 570 575 650 683 723 767 792 846 873 1019 1028 1060 1113 1163 1182 1267 1278 1299 1315 1329 1370 1374 1387 1388 1491 1497 1516 1519 1578 1583 1631 1659 1683 1788 1818 1898 1912 1948 1977 2130 2174 2176 2179 2439 2447 2527 2543 2706 2734 2785 2937 3076 3099 3105 3106 3161 3399 3454 3469 3476 3477 3483 3490 3495 3663 3718 , 0 2 3 4 % 76 , 4
3 101 133 399 523 537 547 553 575 650 683 723 754 767 792 807 846 873 1019 1028 1060 1113 1163 1182 1267 1278 1299 1315 1326 1329 1370 1374 1387 1388 1406 1481 1497 1516 1519 1578 1583 1631 1659 1683 1788 1818 1912 1948 1977 2130 2174 2176 2179 2187 2439 2442 2527 2543 2734 2785 2937 2979 2985 3076 3099 3105 3106 3161 3399 3454 3469 3471 3476 3490 3495 3663 , 1 3 4 5 % 76 , 4
3 30 101 399 478 523 537 547 553 575 650 651 683 684 723 767 792 846 873 968 1019 1028 1060 1113 1163 1182 1267 1278 1299 1315 1329 1370 1374 1387 1388 1497 1516 1519 1578 1583 1631 1649 1659 1683 1753 1788 1806 1818 1912 1948 1977 2130 2174 2176 2179 2439 2527 2543 2734 2785 2805 2937 2955 3076 3099 3105 3106 3161 3162 3399 3454 3469 3476 3490 3495 3663 , 0 1 2 3 5 % 76 , 5
0 7 26 64 66 86 136 151 154 155 161 172 198 211 213 228 242 244 247 260 277 281 315 357 360 374 394 418 427 472 517 524 534 563 579 590 595 600 644 646 653 659 676 677 690 725 760 772 820 850 854 855 869 922 927 980 989 1017 1106 1130 1138 1142 1158 1197 1203 1207 1208 1213 1225 1232 1236 1382 1419 1433 1615 , 1 % 75 , 1
53 65 73 96 102 131 134 138 194 195 222 266 285 324 329 363 374 376 410 427 451 534 538 571 577 589 593 603 612 648 659 669 685 815 845 869 906 962 978 983 984 1007 1040 1042 1053 1101 1120 1153 1167 1211 1241 1398 1467 1484 1522 1536 1538 1556 1560 1566 1590 1592 1612 1734 2288 2427 2502 2525 2612 2715 3048 3263 3479 3539 3663 , 6 % 75 , 1
298 751 821 1157 1168 1451 1485 1620 1636 1687 1690 1759 1805 1836 1866 1909 1978 2016 2026 2036 2099 2137 2145 2153 2156 2175 2209 2211 2237 2298 2409 2411 2482 2572 2621 2639 2679 2722 2736 2789 2850 2936 2998 3023 3033 3079 3103 3140 3141 3170 3173 3174 3176 3185 3195 3223 3235 3252 3267 3326 3377 3414 3426 3437 3467 3504 3630 3639 3658 3688 3693 3698 3743 3807 , 1 2 6 % 74 , 3
3 101 152 399 415 523 537 547 553 575 650 683 723 767 792 846 873 1019 1028 1060 1113 1163 1182 1267 1278 1299 1315 1329 1370 1374 1387 1388 1491 1497 1516 1519 1578 1583 1631 1659 1683 1788 1818 1898 1912 1948 1977 2130 2174 2176 2179 2439 2447 2527 2543 2706 2734 2785 2937 3076 3099 3105 3106 3161 3399 3454 3469 3476 3477 3483 3490 3495 3663 3718 , 0 2 3 4 5 % 74 , 5
