1851
2207
2057
1570
1520
1957
106
2734
1370
1320
2990
2503
296
602
2809
471
2759
421
3486
2122
1635
2072
1048
3336
1485
3205
948
3461
1204
2924
2337
3551
3501
1600
3807
3757
1063
1419
1775
1725
601
501
14
2302
2252
2121
89
170
1890
2377
39
3204
3641
3591
3104
3054
2567
616
2417
566
2286
2236
29
691
285
641
3756
3219
1855
3169
2682
831
731
2532
2351
937
806
319
269
350
2070
706
3740
169
3334
1483
69
3153
1433
3640
3540
846
3134
2647
1283
1021
2822
971
1052
1648
3449
3805
234
1498
3168
2987
1623
1217
1523
499
886
1613
1563
3639
1788
3589
1738
1688
3052
3489
3002
1151
564
2265
2134
2084
2440
102
183
52
3704
133
2340
2
83
1753
3117
1266
1703
679
2967
2480
2380
2736
1893
529
42
348
2018
117
1431
67
3232
17
1818
2645
794
3001
3082
2595
744
2951
694
2495
1356
950
413
2133
282
2570
2033
3753
82
3247
1396
859
2660
809
1115
2835
934
1015
2685
834
2635
784
2048
3768
197
3362
1511
147
3312
974
1767
1280
1636
1717
3437
2950
2900
2700
312
2113
1626
1932
3652
81
1882
31
1701
3502
3015
3452
1601
1114
2915
1064
2865
1014
477
1791
146
15
3667
1816
96
3080
1716
2980
2493
2849
1129
592
2393
542
2749
717
311
261
1981
211
1931
80
1881
1344
3095
1244
2964
2558
707
1194
2733
1369
1319
2683
913
1269
782
426
863
732
245
2096
2046
2483
3716
95
3616
1409
45
1846
3160
1534
1128
1484
1434
3235
897
2698
847
2161
310
2598
697
3781
1524
3731
160
110
466
3550
1780
1649
1499
1449
2276
2663
812
1945
94
44
3615
3565
2151
927
746
259
2953
2547
696
209
565
3730
159
3680
59
3580
9
1242
1729
3530
1679
3043
1629
2993
2862
3605
1398
3068
861
3018
1944
93
1894
530
2331
124
3645
1794
1513
3720
1382
3183
2696
3133
1282
2546
2009
158
2446
3710
3579
8
2034
1984
1091
3298
810
2611
760
2561
223
2511
3338
2330
1843
1793
2149
2099
3413
1562
1512
1025
925
2676
825
157
594
107
2395
544
2264
2751
57
3578
1727
2164
3528
3428
1527
1040
578
122
3593
1692
2956
3131
3568
3081
2544
693
2981
643
1080
3758
2394
56
543
137
3708
443
3608
1757
1270
212
1445
1039
939
1295
808
3096
1245
608
121
558
3642
21
2178
1641
3361
1591
1947
1104
3798
1541
1360
2674
2624
723
236
2524
2037
186
2212
5
442
2162
1806
2243
2112
1706
3426
1475
988
2739
838
1144
657
2814
507
20
2714
226
1053
1490
2673
3029
3110
2442
2392
622
35
3606
2242
1655
1168
1605
2969
60
3144
3225
3581
887
1193
656
2944
606
2894
1043
150
506
19
100
456
1820
2307
1770
3490
406
2076
3796
1589
175
1539
952
1308
1795
3109
3009
2472
134
1935
3736
2372
340
2010
1960
3324
1910
3274
1860
2687
836
1273
3074
1223
686
2050
555
2356
505
2225
455
2612
2125
1769
1669
2025
1388
1338
3008
1157
2877
2521
2471
2827
2777
2677
470
2140
289
2040
1553
3354
2867
3304
1322
3429
735
2942
2892
554
504
454
2255
2205
1718
354
1487
1874
23
1256
1337
3057
750
1106
2420
569
1056
650
1006
163
600
1552
1989
1858
3609
915
3122
1352
734
1171
684
2485
1948
890
403
840
353
1973
3287
3237
1873
1823
1286
2650
2600
3037
2775
1005
2675
2269
2625
318
1988
1938
1451
3427
2890
2840
2921
1070
583
2334
483
352
433
2003
3542
3442
748
3392
648
1004
2805
954
548
2755
2218
11
3582
1681
2118
3707
36
3688
3507
1069
582
532
969
482
1796
738
3772
1921
201
1515
1871
101
1771
1284
1234
2548
778
1134
647
2985
2935
597
903
416
2217
2654
1630
2473
216
1936
2017
166
1836
1430
1068
1018
2819
968
2688
2638
2588
2538
2001
3752
1901
1414
1720
3521
1183
2984
1083
2803
3240
1033
496
365
396
1529
34
3686
3199
1248
3049
2918
1067
1148
1017
611
2281
24
380
330
2487
2000
2437
1950
99
49
3620
3701
3651
1800
1569
726
676
2883
545
801
751
2065
2015
164
1884
1965
114
3685
1915
1734
1328
1634
1097
2817
1403
916
2717
2667
2080
229
179
3650
1312
1393
1262
1568
1081
981
931
2651
444
2245
881
2501
2014
294
1964
113
63
369
1733
1683
3403
2997
1146
2897
1046
3203
2716
2797
328
359
2566
2385
534
1798
1311
3518
3599
3549
3368
3318
1111
980
1061
2731
2244
37
2681
474
2500
2013
1913
549
62
3583
1326
1682
3614
1763
1632
1145
1582
3383
1532
508
2665
2615
764
2565
1491
77
1878
1391
1747
3598
3548
3061
1697
1210
1291
1647
1160
2830
3267
1416
1366
2599
2193
2499
729
2043
3663
1812
1094
3251
1044
994
2795
457
407
2614
3051
2027
126
2414
76
2233
382
2183
1646
3316
3397
3266
2779
1009
2629
291
2092
241
3762
2398
10
1274
3481
3562
1711
3512
637
1074
943
1024
662
612
512
25
1745
3596
3677
1695
1189
702
2678
1314
3115
1264
727
2041
2478
1891
1841
3561
1304
1479
1429
2743
892
2643
2593
255
2462
2056
2006
3726
155
2312
3626
1544
180
3345
2858
3164
2627
3064
2527
139
3791
220
2296
445
526
2196
1659
3379
3460
1609
1122
3410
3279
3360
1022
2742
435
872
2592
2105
610
2898
2411
2361
510
3675
2261
1774
3625
1674
1187
1137
1574
3294
1087
3244
2757
1037
575
88
38
2326
1302
1658
1608
3409
1071
665
1864
13
790
740
3028
2004
153
2441
103
2310
2391
3624
2260
53
3524
1673
1542
3343
128
1492
3293
78
1392
3143
805
2475
2375
1838
2144
3408
1557
1994
920
3077
2621
2977
458
539
895
489
1722
2159
2109
258
3473
3423
2936
3292
1522
1035
3729
985
935
448
398
754
2605
2424
960
473
1787
2224
1737
3488
1637
1587
3307
1050
3563
1712
1225
1852
1
488
3522
3472
1827
1777
753
1967
2323
16
1736
1455
3743
868
3075
1255
768
2975
2388
2469
3702
2338