298 751 821 997 1157 1168 1485 1501 1636 1690 1728 1802 1865 1866 1877 1909 2016 2099 2132 2237 2244 2284 2407 2409 2411 2572 2621 2622 2623 2722 2850 2907 2998 3116 3140 3178 3192 3218 3223 3235 3267 3327 3377 3426 3515 3688 3719 3725 3743 3750 3807 , 1 5 6 % 51 , 3
3 101 537 547 553 575 650 683 723 767 792 1060 1113 1163 1267 1299 1329 1370 1388 1481 1497 1519 1578 1659 1683 1788 1818 1898 1912 1948 1977 2130 2174 2179 2187 2439 2442 2447 2527 2706 2785 2937 3099 3105 3106 3161 3454 3471 3476 3477 3483 3663 , 3 4 5 % 52 , 3
48 72 75 142 162 165 171 179 184 191 199 252 305 336 354 403 404 438 447 502 541 586 588 607 698 713 720 727 729 773 777 803 879 887 888 935 1008 1047 1054 1091 1107 1123 1222 1252 1325 1353 1383 1459 1465 1534 1538 1559 , 1 2 5 % 52 , 3
1456 1518 1688 1713 1790 1798 1808 1815 1847 1951 1955 2100 2106 2165 2252 2331 2345 2371 2410 2515 2531 2567 2638 2664 2673 2677 2750 2769 2817 2836 2847 2863 2886 2983 3006 3148 3177 3183 3215 3255 3264 3306 3322 3328 3331 3382 3567 3637 3705 3727 3745 3771 , 1 2 3 % 52 , 3
3 101 537 547 553 575 650 683 723 767 792 1060 1113 1163 1267 1278 1299 1329 1370 1388 1497 1519 1578 1583 1632 1659 1683 1722 1788 1818 1898 1912 1948 1977 2130 2174 2179 2439 2447 2527 2706 2785 2937 3099 3105 3106 3161 3454 3471 3476 3477 3483 3663 , 2 3 4 % 53 , 3
21 36 141 205 226 236 241 246 430 448 455 457 493 504 531 584 592 614 634 666 763 784 794 798 893 908 934 941 952 961 987 990 1044 1045 1065 1067 1125 1255 1312 1340 1343 1356 1392 1399 1427 1454 1457 1496 1505 1517 1569 1594 3473 , 0 2 3 % 53 , 3
3 101 537 547 553 575 650 683 723 767 792 858 1060 1113 1163 1264 1267 1299 1329 1370 1388 1481 1497 1578 1631 1659 1683 1788 1912 1948 1977 2130 2174 2179 2187 2424 2439 2442 2446 2527 2785 2937 3076 3083 3099 3105 3106 3161 3399 3454 3471 3476 3490 , 1 4 5 % 53 , 3
3 101 537 547 553 575 650 723 767 792 1060 1113 1163 1267 1278 1299 1329 1370 1388 1497 1519 1578 1583 1659 1683 1788 1818 1898 1912 1948 1977 2130 2174 2179 2187 2276 2439 2442 2447 2527 2706 2785 2937 3099 3105 3106 3161 3454 3476 3477 3483 3663 3718 , 0 3 4 % 53 , 3
1670 1684 1699 1767 1801 1826 1828 1846 1855 1880 1930 1961 1969 1970 1973 1996 2080 2084 2110 2121 2138 2160 2229 2328 2341 2483 2547 2566 2582 2662 2748 2765 2800 2832 2884 2897 2906 3039 3123 3130 3187 3225 3236 3253 3368 3369 3514 3542 3581 3627 3712 3760 3773 , 1 4 5 % 53 , 3
1018 1634 1641 1648 1740 1786 1841 1871 1876 1878 1910 1919 1936 1944 1997 2053 2060 2151 2242 2245 2262 2265 2307 2308 2398 2419 2542 2559 2608 2631 2729 2771 2783 2809 2879 2882 2883 2890 2899 2984 3066 3069 3084 3133 3168 3310 3316 3335 3428 3461 3501 3583 3708 3761 , 0 2 6 % 54 , 3
1 21 36 49 141 182 189 226 236 241 246 267 430 448 455 457 493 504 505 531 546 592 614 634 666 674 763 784 794 864 893 934 941 952 990 1041 1045 1065 1067 1125 1242 1293 1340 1343 1356 1392 1393 1399 1457 1496 1505 1517 1569 1594 1669 3473 , 1 2 3 % 56 , 3
3 101 537 547 553 575 650 723 767 792 858 1060 1113 1163 1264 1267 1299 1329 1370 1388 1497 1519 1578 1589 1631 1659 1683 1788 1818 1898 1912 1925 1948 1977 2130 2174 2179 2187 2424 2439 2442 2446 2447 2527 2706 2785 2937 3083 3099 3105 3106 3161 3454 3476 3477 3483 3663 , 0 4 5 % 57 , 3
3 101 399 523 537 547 553 575 650 723 767 792 858 1060 1113 1163 1264 1267 1278 1299 1329 1370 1388 1497 1519 1578 1583 1589 1631 1659 1683 1788 1818 1898 1912 1925 1948 1977 2130 2174 2179 2424 2439 2446 2447 2527 2706 2785 2937 3083 3099 3105 3106 3161 3454 3476 3477 3483 3663 , 0 2 4 % 59 , 3
3 101 152 537 547 553 575 650 723 767 792 1060 1113 1163 1182 1267 1278 1299 1315 1329 1370 1374 1387 1388 1497 1519 1578 1583 1649 1659 1683 1788 1806 1818 1898 1912 1948 1977 2130 2174 2176 2179 2439 2447 2527 2543 2706 2734 2785 2937 3099 3105 3106 3161 3379 3454 3476 3477 3483 3663 , 0 2 3 % 60 , 3
3 101 320 478 537 547 553 575 650 723 767 792 891 1060 1113 1163 1182 1267 1299 1329 1370 1374 1388 1497 1516 1578 1583 1649 1659 1683 1753 1788 1806 1912 1948 1977 2130 2174 2176 2179 2187 2433 2439 2442 2449 2527 2543 2785 2805 2937 2951 3099 3105 3106 3161 3162 3343 3454 3476 3482 , 0 1 3 % 60 , 3
120 921 1513 1640 1770 1809 1820 1821 1826 1831 1864 1873 1951 1999 2028 2097 2128 2256 2318 2345 2366 2410 2472 2514 2520 2602 2633 2644 2677 2682 2750 2799 2817 2838 2846 2863 2921 2944 3057 3136 3148 3150 3172 3186 3207 3270 3322 3331 3347 3371 3413 3418 3447 3456 3512 3531 3534 3717 3726 3801 , 0 5 6 % 60 , 3
3 101 537 547 553 575 650 683 723 767 792 858 1060 1113 1163 1264 1267 1299 1329 1370 1388 1497 1519 1578 1589 1631 1659 1683 1788 1818 1898 1912 1925 1948 1977 2130 2174 2179 2424 2439 2446 2447 2527 2706 2785 2937 3076 3083 3099 3105 3106 3161 3399 3454 3471 3476 3477 3483 3490 3663 , 2 4 5 % 60 , 3
3 101 152 537 547 553 575 650 683 723 767 792 1060 1113 1163 1182 1267 1299 1315 1329 1370 1374 1387 1388 1497 1519 1578 1649 1659 1683 1788 1806 1818 1898 1912 1948 1977 2130 2174 2176 2179 2439 2447 2527 2543 2706 2734 2785 2937 3099 3105 3106 3161 3379 3454 3471 3476 3477 3483 3663 , 2 3 5 % 60 , 3
1697 1757 1773 1775 1787 1834 1874 1943 1995 2057 2113 2117 2164 2167 2219 2230 2258 2266 2289 2311 2383 2476 2584 2593 2594 2595 2615 2672 2793 2813 2857 2864 2889 2908 2926 2989 3012 3020 3045 3124 3167 3181 3182 3203 3245 3271 3282 3301 3330 3370 3393 3505 3601 3641 3659 3668 3758 3767 3787 3808 , 0 3 5 % 60 , 3
3 101 514 523 537 547 553 575 650 683 723 767 792 858 873 1060 1066 1113 1163 1264 1267 1299 1329 1370 1388 1497 1578 1583 1631 1632 1659 1683 1722 1788 1912 1948 1977 2130 2174 2179 2424 2439 2446 2527 2654 2708 2785 2937 3076 3083 3099 3105 3106 3154 3161 3399 3454 3469 3471 3476 3490 , 1 2 4 % 61 , 3
63 87 121 140 147 160 229 287 290 291 332 341 371 400 434 479 487 529 558 656 695 718 785 838 843 861 871 872 903 919 955 959 966 979 982 1014 1043 1080 1083 1084 1109 1116 1119 1174 1187 1228 1260 1266 1305 1332 1338 1363 1384 1473 1489 1492 1504 1537 1605 1611 1626 , 0 1 4 % 61 , 3
1456 1518 1688 1713 1790 1798 1808 1815 1847 1921 1951 1955 2100 2106 2129 2165 2188 2252 2327 2343 2345 2371 2410 2515 2531 2567 2624 2652 2664 2677 2750 2769 2817 2836 2847 2855 2863 2886 2983 3006 3017 3070 3112 3148 3177 3183 3215 3255 3264 3306 3322 3328 3331 3334 3382 3567 3637 3705 3727 3745 3771 , 2 3 5 % 61 , 3
1456 1518 1688 1712 1713 1790 1798 1808 1815 1847 1921 1951 1955 2067 2100 2106 2129 2165 2188 2252 2327 2343 2345 2371 2410 2531 2567 2624 2652 2664 2677 2750 2769 2796 2817 2855 2863 2874 2886 2983 3006 3017 3070 3112 3148 3177 3215 3255 3264 3306 3322 3328 3331 3334 3361 3382 3567 3637 3705 3727 3745 3771 , 0 2 3 % 62 , 3
63 87 121 140 147 160 225 229 287 290 291 332 341 371 400 434 479 487 529 558 602 718 785 838 843 861 871 872 901 903 919 923 955 959 966 979 982 1014 1043 1080 1083 1084 1109 1116 1119 1174 1187 1228 1260 1266 1305 1332 1338 1363 1384 1473 1489 1492 1504 1537 1605 1611 1626 , 1 4 5 % 63 , 3
149 274 308 327 712 1086 1179 1321 1337 1485 1580 1636 1674 1690 1751 1763 1805 1908 1915 1929 1931 1932 1934 1945 1972 1993 1994 2016 2092 2096 2191 2196 2208 2298 2323 2395 2417 2437 2497 2528 2534 2683 2699 2700 2735 2811 2925 2956 3079 3093 3140 3223 3235 3267 3283 3426 3429 3437 3498 3510 3658 3688 3691 3783 , 1 2 3 % 64 , 3
19 60 76 158 208 289 318 345 382 397 444 488 494 501 515 548 551 570 596 611 643 655 664 790 808 830 848 873 925 936 1023 1030 1033 1066 1076 1100 1156 1246 1256 1273 1294 1342 1346 1375 1381 1406 1417 1432 1438 1468 1491 1493 1499 1539 1558 1618 1749 1762 2073 2173 3065 3396 3445 3469 , 0 3 5 % 64 , 3
17 23 29 78 100 115 123 126 143 187 212 219 237 240 251 267 303 330 347 348 351 359 370 373 385 507 554 636 660 673 680 689 711 717 731 740 741 796 910 938 956 1031 1032 1046 1068 1092 1126 1129 1139 1155 1210 1270 1297 1302 1333 1361 1385 1450 1549 1588 1593 1609 2376 3486 , 0 3 5 % 64 , 3
1434 1603 1652 1655 1673 1695 1720 1809 1812 1858 1871 1919 1965 1967 1980 2060 2150 2255 2265 2278 2290 2299 2326 2336 2351 2363 2368 2380 2385 2419 2448 2464 2537 2539 2559 2617 2634 2771 2783 2827 2841 2858 2887 2890 2918 2953 2967 2996 3011 3049 3069 3160 3165 3190 3308 3310 3464 3492 3606 3620 3675 3701 3707 3720 3726 3768 , 1 2 3 % 66 , 3
21 36 93 141 144 176 210 226 236 241 246 430 448 453 455 457 493 504 531 562 592 614 617 634 640 666 681 706 714 763 784 794 893 900 914 918 934 941 952 990 1035 1045 1065 1067 1074 1079 1125 1144 1284 1293 1340 1343 1356 1392 1399 1403 1424 1457 1496 1505 1517 1524 1569 1594 2238 3147 3473 3575 , 1 3 5 % 68 , 3
1434 1603 1652 1655 1673 1695 1720 1812 1858 1871 1919 1965 1967 1980 1986 2060 2150 2255 2265 2278 2290 2299 2312 2326 2336 2351 2363 2380 2385 2419 2448 2464 2532 2537 2539 2598 2634 2711 2783 2788 2827 2841 2852 2858 2887 2890 2916 2918 2953 2967 2996 3011 3049 3069 3160 3165 3308 3310 3464 3492 3549 3606 3620 3675 3701 3707 3708 3720 3768 , 2 3 5 % 69 , 3
3 101 320 478 537 547 553 575 650 683 723 767 792 891 1011 1060 1113 1163 1182 1267 1299 1329 1370 1374 1388 1414 1481 1497 1516 1578 1649 1659 1683 1753 1788 1806 1912 1917 1948 1977 2130 2174 2176 2179 2187 2433 2439 2442 2449 2503 2527 2543 2585 2785 2805 2937 2951 3097 3099 3105 3106 3161 3162 3343 3454 3471 3476 3482 3495 , 1 3 5 % 69 , 3
1719 1757 1764 1773 1775 1793 1881 1890 1966 2045 2066 2070 2090 2095 2107 2117 2133 2167 2217 2230 2267 2282 2310 2311 2330 2367 2389 2416 2453 2533 2555 2586 2589 2592 2599 2615 2772 2784 2793 2835 2866 2869 2898 2929 2972 2988 3034 3056 3145 3232 3281 3282 3317 3319 3337 3338 3416 3481 3505 3532 3565 3591 3616 3667 3703 3728 3734 3774 3785 , 0 1 2 % 69 , 3
1434 1603 1655 1660 1673 1695 1720 1812 1858 1871 1919 1967 1980 1986 2060 2150 2255 2265 2278 2299 2312 2326 2336 2351 2363 2368 2380 2385 2419 2448 2464 2532 2537 2539 2559 2598 2634 2711 2771 2783 2788 2827 2841 2852 2858 2890 2916 2918 2953 2996 3011 3021 3049 3069 3160 3165 3190 3308 3310 3464 3492 3549 3606 3620 3675 3701 3707 3708 3720 , 0 2 3 % 69 , 3
1670 1684 1699 1737 1767 1782 1826 1828 1846 1855 1880 1897 1930 1961 1969 1970 1973 1996 2080 2084 2110 2121 2138 2160 2229 2316 2328 2329 2341 2463 2483 2484 2509 2544 2547 2565 2566 2582 2640 2662 2748 2765 2787 2800 2832 2884 2885 2897 2906 2912 3039 3043 3130 3225 3236 3248 3250 3253 3368 3419 3514 3542 3545 3547 3581 3627 3633 3712 3760 3773 , 0 4 5 % 70 , 3
1456 1518 1688 1694 1713 1784 1790 1798 1808 1815 1847 1888 1951 1955 2071 2100 2106 2159 2165 2252 2345 2371 2410 2515 2531 2567 2597 2633 2664 2677 2682 2701 2750 2769 2817 2836 2845 2847 2861 2863 2886 2922 2944 2983 2994 3006 3148 3150 3155 3177 3183 3186 3193 3215 3247 3255 3264 3306 3322 3328 3331 3382 3413 3475 3567 3637 3705 3727 3745 3771 , 1 3 5 % 70 , 3
5 9 22 60 76 133 186 346 361 407 415 419 444 476 488 494 495 499 500 611 616 655 663 671 688 722 754 791 808 813 830 886 902 930 945 954 960 968 1023 1024 1025 1069 1094 1099 1115 1137 1170 1175 1257 1282 1294 1308 1326 1331 1417 1455 1458 1477 1483 1487 1523 1546 1548 1654 1671 2694 2979 2985 3671 3798 , 0 1 4 % 70 , 3
