915 1648 1676 1701 1729 1735 1739 1744 1777 1786 1804 1841 1850 1868 1893 1901 1902 1910 1937 1944 1997 2029 2046 2053 2054 2105 2144 2149 2184 2236 2241 2245 2246 2295 2307 2355 2357 2392 2397 2443 2452 2468 2493 2506 2522 2530 2542 2553 2574 2579 2631 2646 2674 2729 2773 2775 2781 2790 2794 2882 2910 2941 2952 2960 2978 2984 3009 3015 3022 3053 3109 3133 3168 3184 3185 3199 3200 3202 3226 3246 3249 3256 3277 3316 3324 3335 3352 3380 3394 3428 3453 3461 3497 3501 3617 3623 3640 3645 3648 3690 3707 3753 3754 3764 3799 3802 , 1 2 4 % 106 , 3
3 46 98 101 112 152 392 393 537 547 553 575 633 650 651 684 723 767 792 811 823 836 858 953 973 1001 1060 1062 1075 1102 1113 1163 1182 1263 1264 1267 1299 1315 1329 1352 1370 1374 1387 1388 1497 1502 1519 1578 1589 1597 1631 1649 1659 1683 1724 1788 1806 1818 1898 1912 1925 1948 1963 1977 2130 2174 2176 2179 2424 2438 2439 2446 2447 2501 2519 2527 2536 2543 2568 2619 2669 2706 2734 2746 2762 2764 2785 2937 2955 3047 3068 3083 3099 3105 3106 3161 3217 3266 3372 3379 3448 3454 3476 3477 3483 3663 3770 , 0 2 5 % 107 , 3
5 9 19 22 28 56 60 76 133 164 186 220 289 345 346 361 382 386 407 415 419 444 454 494 495 499 500 515 551 570 594 611 616 626 643 655 663 664 671 688 722 754 790 791 807 808 813 830 886 902 905 930 939 945 954 960 971 1023 1024 1025 1028 1030 1033 1069 1087 1089 1094 1099 1100 1115 1137 1170 1175 1229 1246 1257 1273 1282 1294 1326 1331 1342 1345 1346 1373 1375 1406 1416 1417 1432 1455 1468 1477 1483 1487 1491 1493 1499 1523 1539 1546 1548 1558 1654 1671 1762 2197 2694 2979 2985 3671 3718 3798 , 1 2 5 % 113 , 3
1434 1476 1568 1587 1603 1633 1655 1658 1673 1695 1720 1789 1795 1812 1830 1833 1836 1858 1871 1919 1928 1967 1980 1986 2033 2056 2060 2120 2137 2145 2150 2250 2254 2255 2265 2271 2278 2285 2299 2312 2326 2336 2351 2363 2380 2385 2387 2390 2394 2396 2403 2419 2422 2448 2464 2532 2537 2539 2550 2598 2606 2607 2611 2634 2656 2695 2711 2714 2736 2739 2759 2783 2788 2803 2819 2827 2841 2852 2858 2890 2916 2918 2953 2961 2996 3011 3018 3049 3069 3094 3122 3160 3164 3165 3210 3308 3310 3383 3464 3492 3522 3540 3549 3585 3589 3606 3620 3675 3701 3707 3708 3720 3756 , 0 3 5 % 113 , 3
1667 1697 1719 1756 1757 1764 1773 1774 1775 1793 1834 1874 1881 1890 1966 1995 2012 2014 2045 2063 2066 2070 2090 2095 2107 2117 2118 2133 2167 2230 2258 2267 2310 2311 2330 2367 2389 2416 2453 2469 2476 2533 2555 2584 2586 2589 2592 2593 2595 2599 2615 2671 2672 2772 2784 2792 2793 2813 2835 2857 2866 2869 2889 2898 2908 2926 2929 2972 2988 2989 3020 3032 3034 3045 3056 3134 3145 3169 3181 3182 3189 3209 3232 3245 3281 3282 3290 3317 3330 3337 3338 3361 3370 3373 3393 3416 3481 3505 3526 3532 3565 3591 3616 3641 3659 3667 3668 3682 3703 3728 3730 3734 3758 3774 3776 3785 , 0 1 5 % 116 , 3
5 9 19 22 28 60 76 133 164 186 209 220 289 345 346 361 372 382 390 407 415 419 444 454 476 494 495 499 500 515 551 570 594 611 616 643 655 663 664 671 686 688 722 754 790 791 807 808 813 830 886 890 902 930 939 945 954 960 968 971 1023 1024 1025 1028 1030 1033 1069 1087 1094 1099 1100 1115 1137 1170 1175 1229 1246 1254 1257 1273 1282 1286 1294 1326 1331 1342 1345 1346 1375 1406 1416 1417 1432 1455 1458 1468 1477 1483 1487 1491 1493 1499 1523 1539 1546 1548 1558 1654 1671 1762 2197 2694 2719 2979 2985 3661 3671 3798 , 0 1 2 % 118 , 3
5 9 19 22 28 60 76 133 158 164 186 220 289 345 346 361 364 382 407 415 419 444 445 454 494 495 499 500 515 528 548 551 570 594 596 611 616 643 655 663 664 671 688 719 722 754 790 791 807 808 813 830 886 902 930 936 939 945 954 960 971 1023 1024 1025 1028 1030 1033 1069 1076 1087 1094 1099 1100 1115 1121 1137 1170 1175 1229 1246 1256 1257 1273 1282 1294 1326 1331 1342 1345 1346 1375 1406 1416 1417 1432 1455 1468 1477 1483 1487 1491 1493 1499 1523 1539 1546 1548 1558 1654 1671 1762 2073 2197 2694 2979 2985 3487 3671 3798 , 0 2 5 % 119 , 3
1018 1451 1634 1641 1648 1658 1661 1698 1709 1736 1781 1786 1829 1841 1843 1871 1878 1887 1892 1899 1910 1919 1936 1944 1950 1988 1997 2015 2031 2035 2050 2053 2060 2065 2088 2151 2153 2201 2242 2245 2262 2264 2265 2275 2285 2307 2308 2309 2344 2358 2387 2390 2398 2400 2401 2414 2419 2430 2470 2494 2495 2529 2542 2556 2573 2605 2606 2608 2631 2729 2733 2743 2783 2809 2818 2865 2879 2882 2883 2890 2904 2905 2911 2954 2961 2963 2973 2984 2990 3018 3029 3066 3069 3081 3085 3107 3113 3117 3122 3133 3164 3168 3197 3227 3310 3316 3335 3383 3390 3428 3461 3501 3564 3578 3583 3589 3647 3652 3662 3677 3694 3708 3722 3761 , 0 5 6 % 124 , 3
4 10 16 62 77 88 100 105 113 128 143 153 163 170 175 197 204 233 240 249 254 255 262 264 268 272 280 310 330 347 349 355 370 384 385 409 416 429 436 470 489 507 511 519 532 564 565 582 597 605 608 610 623 637 645 661 670 679 682 691 702 709 710 717 743 748 749 765 789 801 863 878 892 894 942 943 950 951 958 969 1003 1005 1015 1020 1031 1046 1051 1098 1112 1118 1126 1129 1131 1133 1139 1151 1159 1161 1172 1194 1199 1209 1239 1245 1248 1276 1297 1300 1301 1320 1323 1357 1361 1366 1367 1418 1423 1452 1472 1527 1531 1532 1552 1557 1574 1598 , 0 1 2 % 126 , 3
4 10 16 62 77 88 100 105 113 114 128 143 153 163 170 175 197 204 233 240 249 254 255 262 264 268 272 280 310 317 330 347 349 355 370 385 409 416 429 436 470 507 511 519 532 561 564 565 582 597 605 608 610 623 637 645 670 679 682 691 699 702 710 717 743 748 749 765 789 801 863 878 892 894 942 943 950 951 958 969 1003 1005 1015 1020 1031 1046 1051 1055 1098 1112 1118 1126 1129 1131 1133 1139 1159 1161 1172 1194 1199 1209 1239 1245 1248 1276 1297 1300 1301 1320 1357 1358 1361 1366 1367 1378 1418 1423 1425 1452 1472 1527 1531 1532 1552 1557 1574 1598 , 1 2 5 % 128 , 3
21 36 37 59 63 94 110 118 141 156 174 196 224 226 227 236 241 245 246 287 291 322 332 371 381 388 400 430 433 434 448 455 457 479 493 504 509 529 531 558 587 592 614 615 634 656 666 695 700 718 758 763 778 784 785 794 822 838 843 861 862 871 893 903 919 924 934 940 941 952 955 966 979 982 990 999 1014 1029 1039 1045 1065 1067 1080 1081 1084 1097 1116 1119 1125 1132 1134 1150 1173 1174 1187 1220 1228 1260 1266 1290 1305 1311 1340 1343 1344 1347 1356 1363 1384 1392 1399 1445 1457 1466 1489 1492 1496 1500 1505 1517 1520 1537 1569 1577 1594 1605 1606 1611 1617 3473 , 0 1 2 % 130 , 3
4 10 16 55 62 77 88 100 105 113 128 143 153 163 170 175 181 197 204 233 237 240 249 254 255 262 264 268 272 280 301 310 330 347 349 355 370 385 409 416 429 436 470 507 511 519 532 564 565 582 597 605 608 610 623 637 645 670 679 680 682 691 702 710 717 743 748 749 765 789 801 863 878 892 894 942 943 950 951 958 969 994 1003 1005 1015 1020 1031 1046 1049 1051 1098 1112 1118 1126 1129 1131 1133 1136 1139 1159 1161 1172 1194 1199 1209 1239 1245 1248 1276 1297 1300 1301 1320 1357 1361 1366 1367 1418 1423 1452 1472 1475 1527 1531 1532 1533 1552 1555 1557 1574 1598 , 0 2 5 % 131 , 3
21 36 37 59 63 94 110 118 141 156 174 196 224 225 226 227 234 236 241 245 246 287 291 322 332 371 381 388 400 430 433 434 448 455 457 479 493 504 509 529 530 531 558 587 592 602 614 615 634 666 700 718 758 763 778 784 785 794 822 838 843 861 871 893 901 903 919 923 924 934 940 941 952 955 965 966 979 982 990 999 1014 1029 1039 1045 1065 1067 1080 1081 1084 1097 1116 1119 1125 1132 1134 1150 1173 1174 1187 1201 1220 1228 1260 1266 1290 1293 1305 1311 1340 1343 1344 1347 1356 1363 1384 1392 1399 1445 1457 1466 1489 1492 1496 1500 1505 1517 1520 1537 1569 1577 1594 1596 1605 1606 1611 1617 3473 , 1 2 5 % 137 , 3
21 36 37 59 63 94 110 118 141 156 174 196 205 215 224 226 227 236 241 245 246 278 287 291 322 332 371 380 381 388 400 426 430 433 434 448 455 457 479 493 504 509 529 531 558 583 587 592 614 615 634 666 700 718 758 763 778 784 785 794 798 822 838 843 861 871 893 903 908 919 924 934 940 941 952 955 961 966 979 982 987 990 999 1014 1029 1039 1045 1065 1067 1078 1080 1081 1084 1097 1116 1119 1125 1132 1134 1150 1173 1174 1187 1220 1228 1255 1260 1266 1290 1305 1311 1340 1343 1344 1347 1356 1363 1384 1392 1399 1427 1445 1454 1457 1466 1470 1489 1492 1496 1500 1505 1517 1520 1537 1569 1577 1594 1605 1606 1611 1617 3473 , 0 2 5 % 142 , 3
82 111 119 149 298 327 356 632 712 751 821 883 1086 1157 1179 1310 1321 1337 1372 1485 1563 1580 1608 1620 1633 1636 1642 1674 1690 1700 1725 1730 1751 1754 1763 1778 1783 1805 1837 1853 1866 1889 1908 1909 1914 1915 1929 1931 1932 1934 1945 1968 1972 1993 1994 2008 2016 2018 2034 2092 2096 2099 2178 2191 2196 2208 2211 2227 2297 2298 2315 2323 2354 2395 2417 2421 2426 2437 2440 2467 2497 2524 2528 2534 2549 2557 2564 2570 2572 2621 2683 2688 2699 2700 2712 2717 2722 2731 2735 2811 2920 2925 2956 2975 3008 3033 3050 3079 3093 3140 3156 3191 3223 3235 3241 3262 3267 3273 3283 3326 3377 3425 3426 3429 3437 3450 3465 3466 3498 3510 3516 3580 3596 3614 3639 3658 3685 3688 3691 3772 3775 3783 3807 , 0 1 2 % 143 , 3
82 111 149 274 298 327 356 632 712 751 821 883 884 1086 1157 1168 1169 1179 1310 1321 1337 1372 1485 1563 1580 1608 1620 1636 1642 1674 1690 1725 1730 1751 1754 1763 1778 1783 1805 1837 1853 1866 1889 1908 1909 1914 1915 1922 1923 1929 1931 1932 1934 1945 1968 1972 1993 1994 2008 2016 2018 2032 2034 2092 2099 2178 2191 2196 2208 2211 2227 2257 2276 2281 2297 2298 2315 2323 2354 2395 2409 2413 2417 2421 2426 2437 2467 2497 2524 2528 2534 2549 2557 2564 2570 2572 2621 2683 2687 2688 2699 2700 2712 2717 2722 2731 2735 2811 2823 2828 2920 2925 2956 2975 3008 3033 3050 3079 3093 3140 3156 3191 3223 3235 3241 3262 3267 3273 3283 3326 3377 3426 3437 3450 3465 3498 3516 3596 3639 3657 3658 3685 3688 3691 3772 3783 3807 , 1 2 5 % 147 , 3
82 111 149 298 327 356 543 632 712 751 821 883 1086 1157 1179 1310 1321 1337 1372 1485 1563 1580 1608 1620 1636 1642 1674 1690 1725 1730 1751 1754 1759 1763 1778 1783 1805 1817 1837 1853 1866 1889 1908 1909 1914 1915 1929 1931 1932 1934 1945 1968 1972 1978 1985 1993 1994 2008 2016 2018 2034 2092 2099 2116 2169 2178 2191 2196 2208 2211 2227 2297 2298 2315 2323 2354 2395 2417 2421 2426 2437 2467 2489 2497 2503 2524 2528 2534 2549 2557 2564 2570 2572 2621 2683 2688 2692 2699 2700 2707 2712 2717 2722 2731 2735 2782 2811 2920 2925 2956 2975 3008 3033 3036 3050 3079 3086 3091 3093 3140 3152 3156 3191 3223 3235 3241 3262 3267 3273 3283 3293 3313 3326 3377 3397 3426 3437 3450 3465 3498 3516 3596 3639 3658 3685 3688 3691 3772 3783 3807 , 0 2 5 % 150 , 3
5 9 14 18 19 22 28 31 57 60 76 117 133 146 164 186 220 289 294 312 318 339 345 346 361 382 397 407 415 419 444 454 488 494 495 499 500 515 545 551 570 594 601 611 613 616 643 655 663 664 671 675 688 722 736 746 753 754 790 791 807 808 813 818 830 833 840 847 848 886 902 925 930 939 945 949 954 960 971 974 1004 1016 1023 1024 1025 1028 1030 1033 1052 1069 1087 1094 1099 1100 1115 1137 1170 1175 1189 1229 1246 1257 1272 1273 1280 1282 1294 1308 1326 1331 1342 1345 1346 1355 1360 1375 1381 1406 1416 1417 1432 1438 1444 1455 1468 1477 1479 1483 1487 1488 1491 1493 1499 1508 1515 1523 1529 1530 1535 1539 1546 1548 1550 1558 1572 1584 1586 1654 1671 1749 1762 1891 1924 1964 2163 2197 2359 2642 2694 2979 2985 3040 3396 3417 3427 3449 3472 3632 3643 3671 3784 3798 , 0 1 5 % 172 , 3
4 10 16 17 23 62 77 88 100 105 113 115 123 128 143 153 163 170 175 187 197 201 204 212 219 233 238 240 249 254 255 262 264 268 272 280 310 328 330 338 343 347 348 349 355 359 365 370 385 406 409 414 416 429 431 436 470 483 507 511 519 525 532 552 554 564 565 569 582 597 605 608 610 619 623 624 636 637 641 645 670 672 673 679 682 691 692 702 707 710 711 716 717 721 743 748 749 757 765 789 793 801 804 812 817 851 852 863 878 892 894 942 943 946 950 951 958 969 985 1003 1005 1015 1020 1031 1032 1046 1051 1068 1098 1112 1118 1122 1126 1129 1131 1133 1139 1140 1155 1159 1161 1165 1172 1194 1199 1209 1233 1239 1245 1248 1276 1295 1297 1300 1301 1302 1320 1349 1357 1361 1364 1366 1367 1379 1385 1418 1423 1430 1450 1452 1472 1512 1527 1531 1532 1552 1557 1562 1574 1588 1598 1600 1609 1616 1624 3486 , 0 1 5 % 186 , 3
1456 1518 1670 1684 1688 1699 1713 1748 1758 1770 1771 1790 1798 1808 1815 1816 1826 1828 1831 1839 1847 1851 1855 1864 1880 1906 1930 1947 1951 1955 1959 1961 1970 1982 1983 1984 1989 1996 1999 2001 2005 2010 2047 2080 2081 2084 2100 2106 2110 2114 2121 2135 2138 2140 2160 2165 2195 2203 2206 2229 2248 2252 2268 2287 2304 2318 2319 2328 2335 2341 2342 2345 2362 2371 2377 2410 2435 2455 2460 2487 2531 2545 2546 2547 2554 2566 2567 2578 2582 2591 2614 2625 2641 2651 2662 2664 2677 2728 2740 2741 2748 2750 2761 2765 2769 2791 2800 2817 2832 2834 2856 2860 2863 2886 2897 2900 2906 2921 2933 2962 2964 2981 2983 2986 2993 3006 3028 3039 3118 3121 3130 3148 3159 3177 3205 3215 3216 3225 3228 3234 3236 3253 3254 3255 3264 3265 3275 3286 3300 3303 3304 3306 3322 3328 3331 3355 3368 3382 3415 3499 3507 3512 3514 3525 3529 3542 3548 3551 3567 3598 3610 3619 3624 3626 3627 3634 3637 3642 3670 3681 3684 3689 3692 3705 3727 3738 3745 3771 3773 3777 3790 , 0 1 2 % 191 , 3
3 25 40 46 98 101 112 122 177 180 185 292 320 335 392 393 421 424 460 468 478 491 492 508 527 537 547 553 557 575 650 651 684 723 735 767 769 781 792 811 823 836 858 874 877 891 932 944 953 973 995 996 1001 1060 1062 1075 1102 1113 1163 1182 1183 1263 1264 1267 1285 1299 1328 1329 1351 1370 1374 1386 1388 1407 1439 1471 1497 1502 1516 1578 1597 1631 1638 1649 1659 1663 1675 1683 1702 1718 1724 1732 1746 1750 1753 1755 1788 1806 1840 1860 1870 1912 1948 1963 1975 1977 2082 2122 2130 2174 2176 2179 2187 2214 2235 2243 2322 2340 2348 2370 2424 2433 2438 2439 2442 2445 2446 2449 2481 2492 2501 2519 2527 2536 2543 2562 2568 2575 2601 2619 2653 2669 2723 2725 2746 2762 2763 2764 2785 2805 2821 2853 2937 2951 2955 2987 3004 3013 3047 3068 3083 3099 3105 3106 3110 3127 3137 3161 3162 3217 3259 3266 3268 3289 3343 3372 3448 3451 3452 3454 3468 3474 3476 3482 3491 3523 3544 3573 3714 3742 3746 3792 , 0 1 5 % 192 , 3
1456 1518 1670 1684 1688 1699 1713 1748 1758 1770 1771 1790 1798 1801 1808 1815 1816 1826 1828 1831 1839 1847 1851 1855 1864 1867 1880 1906 1930 1947 1951 1955 1959 1961 1970 1982 1983 1989 1996 1999 2001 2005 2010 2047 2080 2081 2084 2100 2106 2110 2114 2121 2135 2138 2140 2160 2165 2195 2203 2206 2229 2248 2252 2268 2287 2304 2313 2318 2319 2328 2335 2341 2342 2345 2362 2371 2372 2377 2410 2435 2455 2460 2487 2515 2531 2545 2546 2547 2554 2566 2567 2578 2582 2591 2614 2625 2641 2651 2662 2664 2677 2728 2740 2741 2748 2750 2761 2765 2769 2791 2800 2817 2832 2834 2836 2844 2847 2856 2860 2863 2886 2897 2906 2921 2933 2962 2964 2981 2983 2986 2993 3006 3028 3039 3118 3121 3123 3130 3135 3148 3159 3177 3183 3187 3205 3215 3216 3225 3228 3234 3236 3253 3254 3255 3264 3265 3275 3286 3300 3303 3304 3306 3322 3328 3331 3355 3368 3369 3382 3415 3499 3507 3512 3514 3525 3529 3542 3548 3551 3567 3598 3619 3626 3627 3634 3637 3642 3670 3681 3684 3689 3692 3705 3721 3727 3738 3745 3771 3773 3777 3790 , 1 2 5 % 201 , 3
915 1018 1434 1603 1607 1634 1641 1648 1652 1655 1673 1692 1695 1701 1706 1720 1729 1731 1735 1744 1777 1780 1786 1791 1804 1812 1841 1854 1858 1868 1871 1878 1901 1902 1910 1919 1936 1942 1944 1965 1967 1976 1980 1997 2004 2013 2027 2037 2046 2049 2053 2060 2075 2105 2131 2134 2144 2147 2149 2150 2151 2161 2221 2224 2231 2236 2241 2242 2245 2246 2255 2262 2265 2278 2290 2295 2299 2307 2308 2326 2336 2338 2351 2363 2380 2381 2385 2392 2398 2419 2432 2443 2448 2452 2459 2464 2493 2506 2508 2522 2526 2530 2535 2537 2539 2542 2553 2560 2579 2600 2608 2618 2631 2634 2637 2667 2670 2720 2729 2737 2773 2775 2783 2794 2801 2827 2841 2858 2877 2879 2882 2883 2887 2890 2892 2918 2941 2953 2958 2967 2978 2984 2996 3011 3022 3049 3069 3109 3133 3160 3163 3165 3168 3184 3198 3199 3200 3202 3204 3211 3212 3226 3238 3246 3256 3305 3308 3310 3316 3324 3335 3339 3428 3461 3464 3492 3501 3528 3583 3586 3605 3606 3615 3617 3620 3623 3640 3645 3656 3673 3675 3690 3695 3701 3707 3720 3752 3754 3761 3764 3768 3797 3799 3800 , 1 2 5 % 204 , 3
915 1018 1434 1603 1607 1634 1641 1648 1655 1673 1692 1695 1701 1706 1720 1729 1735 1740 1744 1777 1780 1786 1791 1804 1812 1841 1854 1858 1871 1876 1878 1901 1902 1910 1919 1936 1942 1944 1967 1976 1980 1997 2004 2013 2027 2029 2037 2046 2049 2053 2054 2060 2075 2105 2108 2131 2134 2144 2147 2149 2150 2151 2161 2224 2231 2236 2241 2242 2245 2246 2255 2262 2265 2278 2299 2307 2308 2326 2336 2338 2351 2355 2363 2368 2375 2380 2381 2385 2398 2419 2432 2443 2448 2452 2459 2464 2493 2506 2508 2522 2526 2530 2535 2537 2539 2542 2559 2560 2579 2600 2608 2618 2631 2634 2637 2667 2670 2729 2737 2771 2773 2775 2783 2794 2801 2827 2841 2858 2871 2877 2879 2882 2883 2890 2899 2918 2941 2953 2958 2978 2984 2996 3011 3022 3049 3069 3084 3109 3133 3160 3163 3165 3168 3184 3190 3198 3199 3200 3202 3204 3211 3212 3226 3238 3246 3249 3256 3305 3308 3310 3316 3324 3335 3339 3428 3460 3461 3464 3492 3501 3528 3583 3586 3605 3606 3617 3620 3623 3640 3645 3656 3673 3675 3690 3695 3701 3707 3720 3752 3754 3761 3764 3765 3797 3799 3800 , 0 1 2 % 206 , 3
8 21 35 36 37 42 52 59 63 87 89 93 94 110 118 121 130 140 141 144 147 156 160 174 176 192 196 200 202 210 214 216 224 226 227 229 236 239 241 245 246 253 256 287 290 291 295 321 322 332 341 369 371 381 388 400 430 433 434 448 455 457 479 487 493 504 509 512 529 531 558 562 567 581 587 591 592 604 614 615 617 634 640 666 667 681 700 706 708 714 718 737 750 758 763 778 784 785 794 810 822 825 838 843 861 871 872 893 903 914 918 919 924 934 940 941 952 955 959 963 966 977 979 982 990 992 999 1014 1029 1035 1039 1043 1045 1065 1067 1074 1079 1080 1081 1083 1084 1097 1109 1116 1119 1125 1132 1134 1144 1146 1150 1173 1174 1187 1204 1220 1228 1244 1260 1265 1266 1284 1290 1305 1311 1314 1332 1338 1340 1343 1344 1347 1356 1363 1384 1392 1399 1403 1424 1445 1457 1466 1473 1489 1492 1496 1500 1504 1505 1514 1517 1520 1524 1537 1569 1577 1594 1605 1606 1611 1617 1626 2238 3147 3408 3473 3575 , 0 1 5 % 207 , 3
69 915 1018 1434 1603 1607 1634 1641 1648 1655 1673 1692 1695 1701 1706 1720 1729 1735 1744 1777 1780 1786 1791 1804 1812 1841 1854 1858 1871 1878 1901 1902 1910 1919 1936 1942 1944 1967 1976 1980 1986 1997 2004 2013 2027 2037 2046 2049 2053 2055 2060 2075 2105 2131 2134 2144 2147 2149 2150 2151 2161 2162 2224 2225 2231 2236 2239 2241 2242 2245 2246 2255 2262 2265 2278 2299 2307 2308 2312 2326 2336 2338 2351 2363 2380 2381 2385 2398 2419 2432 2443 2448 2452 2459 2464 2493 2506 2508 2522 2526 2530 2532 2535 2537 2539 2542 2560 2579 2598 2600 2608 2618 2631 2632 2634 2637 2667 2670 2711 2729 2737 2773 2775 2783 2788 2794 2801 2809 2827 2841 2852 2858 2877 2879 2882 2883 2890 2916 2918 2941 2950 2953 2958 2978 2984 2996 3011 3022 3049 3066 3069 3109 3133 3143 3160 3163 3165 3168 3184 3198 3199 3200 3202 3204 3211 3212 3226 3238 3246 3256 3276 3305 3308 3310 3316 3324 3335 3339 3428 3461 3464 3492 3501 3528 3549 3550 3572 3583 3586 3605 3606 3617 3620 3623 3640 3645 3656 3673 3675 3690 3695 3701 3707 3708 3720 3752 3754 3761 3764 3797 3799 3800 , 0 2 5 % 212 , 3
1456 1518 1670 1684 1688 1699 1713 1748 1758 1770 1771 1790 1798 1808 1815 1816 1826 1828 1831 1839 1847 1851 1855 1861 1864 1880 1897 1906 1921 1930 1947 1951 1955 1959 1961 1970 1982 1983 1989 1996 1999 2001 2005 2010 2047 2059 2080 2081 2084 2100 2106 2110 2114 2121 2129 2135 2138 2140 2160 2165 2188 2195 2203 2206 2229 2248 2252 2268 2287 2302 2304 2318 2319 2327 2328 2335 2341 2342 2343 2345 2362 2371 2377 2404 2410 2435 2455 2460 2463 2487 2509 2531 2544 2545 2546 2547 2554 2566 2567 2578 2582 2591 2613 2614 2624 2625 2641 2651 2652 2662 2664 2677 2728 2740 2741 2748 2750 2761 2765 2769 2791 2797 2800 2817 2832 2834 2855 2856 2860 2863 2886 2897 2906 2912 2921 2923 2933 2946 2962 2964 2969 2981 2983 2986 2993 3006 3017 3028 3039 3070 3112 3118 3121 3130 3148 3159 3177 3205 3215 3216 3225 3228 3234 3236 3253 3254 3255 3264 3265 3275 3286 3300 3303 3304 3306 3322 3325 3328 3331 3334 3355 3368 3371 3382 3415 3499 3507 3512 3514 3525 3529 3542 3548 3551 3567 3598 3619 3626 3627 3634 3637 3642 3670 3681 3684 3689 3692 3705 3727 3733 3738 3740 3745 3755 3771 3773 3777 3790 3801 , 0 2 5 % 219 , 3
61 82 111 149 298 327 356 411 542 632 712 751 761 775 821 842 883 926 975 997 1086 1141 1157 1167 1179 1190 1310 1321 1337 1372 1413 1461 1485 1501 1503 1563 1580 1608 1620 1636 1642 1650 1662 1666 1672 1674 1677 1679 1690 1693 1696 1725 1728 1730 1747 1751 1754 1763 1778 1783 1802 1805 1837 1853 1865 1866 1877 1889 1903 1908 1909 1914 1915 1920 1926 1929 1931 1932 1933 1934 1939 1945 1949 1956 1968 1972 1979 1993 1994 2000 2002 2008 2011 2016 2018 2022 2023 2034 2040 2042 2051 2092 2094 2099 2111 2132 2141 2155 2178 2185 2189 2190 2191 2196 2199 2200 2208 2211 2222 2223 2227 2234 2237 2244 2251 2279 2280 2284 2291 2292 2297 2298 2315 2323 2325 2354 2356 2374 2395 2411 2417 2421 2426 2428 2437 2457 2461 2467 2497 2524 2528 2534 2540 2549 2557 2564 2570 2572 2621 2622 2623 2630 2636 2646 2660 2661 2665 2675 2683 2688 2699 2700 2709 2712 2713 2717 2722 2731 2735 2760 2808 2811 2829 2842 2850 2851 2868 2878 2907 2919 2920 2925 2931 2956 2965 2975 2998 3008 3010 3033 3035 3050 3061 3079 3093 3108 3111 3115 3116 3140 3146 3156 3158 3178 3191 3192 3195 3218 3223 3235 3241 3242 3260 3262 3267 3273 3283 3288 3302 3307 3309 3326 3327 3329 3367 3377 3426 3432 3436 3437 3450 3455 3465 3480 3496 3498 3500 3503 3506 3515 3516 3521 3533 3535 3536 3568 3593 3595 3596 3604 3618 3630 3639 3658 3664 3685 3688 3691 3702 3719 3725 3743 3750 3772 3783 3804 3807 , 0 1 5 % 277 , 3
1456 1518 1581 1640 1653 1670 1682 1684 1688 1694 1699 1713 1738 1748 1758 1767 1770 1771 1784 1790 1798 1799 1807 1808 1810 1815 1816 1821 1826 1828 1831 1839 1846 1847 1848 1851 1855 1864 1873 1880 1888 1906 1930 1947 1951 1955 1959 1961 1969 1970 1973 1982 1983 1989 1996 1999 2001 2005 2006 2007 2010 2024 2028 2038 2047 2048 2061 2071 2072 2080 2081 2084 2087 2093 2100 2106 2110 2114 2121 2126 2128 2135 2138 2140 2159 2160 2165 2195 2203 2206 2212 2229 2248 2252 2256 2261 2268 2274 2287 2304 2318 2319 2328 2335 2341 2342 2345 2353 2362 2371 2377 2410 2435 2451 2455 2460 2483 2486 2487 2514 2520 2531 2545 2546 2547 2554 2561 2566 2567 2569 2578 2582 2590 2591 2597 2602 2609 2614 2625 2633 2641 2643 2644 2651 2657 2662 2664 2677 2682 2698 2701 2728 2730 2740 2741 2748 2750 2761 2765 2769 2791 2800 2810 2817 2832 2834 2837 2845 2856 2860 2861 2863 2870 2884 2886 2897 2906 2921 2922 2933 2944 2962 2964 2980 2981 2983 2986 2993 2994 3006 3028 3030 3039 3057 3080 3118 3121 3130 3148 3150 3155 3159 3172 3177 3186 3193 3205 3215 3216 3225 3228 3234 3236 3247 3253 3254 3255 3264 3265 3270 3275 3286 3292 3296 3300 3303 3304 3306 3314 3322 3328 3331 3333 3347 3350 3351 3355 3364 3368 3376 3382 3413 3415 3431 3463 3499 3507 3512 3513 3514 3525 3529 3534 3542 3548 3551 3552 3553 3567 3570 3581 3598 3599 3619 3622 3626 3627 3634 3637 3642 3670 3681 3684 3689 3692 3705 3712 3727 3738 3745 3760 3762 3771 3773 3777 3782 3790 , 0 1 5 % 287 , 3
837 895 912 915 1018 1324 1434 1568 1587 1603 1607 1634 1641 1648 1655 1673 1692 1695 1701 1706 1707 1720 1729 1733 1735 1736 1744 1745 1777 1780 1781 1786 1789 1791 1792 1795 1804 1812 1838 1841 1843 1852 1854 1857 1858 1871 1878 1885 1887 1894 1896 1899 1901 1902 1910 1911 1919 1927 1928 1936 1942 1944 1952 1962 1967 1976 1980 1997 2004 2013 2015 2027 2031 2035 2037 2046 2049 2053 2056 2060 2065 2075 2088 2105 2112 2131 2134 2136 2137 2142 2144 2145 2147 2149 2150 2151 2154 2161 2198 2201 2207 2210 2213 2224 2228 2231 2232 2233 2236 2241 2242 2245 2246 2250 2254 2255 2262 2264 2265 2271 2278 2285 2286 2293 2296 2299 2307 2308 2309 2326 2336 2338 2350 2351 2363 2365 2380 2381 2385 2387 2388 2390 2394 2398 2400 2401 2403 2419 2422 2432 2443 2448 2450 2452 2459 2462 2464 2470 2478 2493 2506 2508 2522 2526 2530 2535 2537 2539 2542 2550 2556 2560 2573 2579 2600 2606 2608 2611 2618 2631 2634 2637 2658 2667 2670 2695 2716 2729 2733 2737 2739 2743 2751 2755 2759 2768 2773 2775 2776 2783 2794 2801 2803 2814 2818 2827 2833 2839 2840 2841 2858 2859 2865 2877 2879 2882 2883 2890 2903 2905 2909 2915 2917 2918 2932 2938 2941 2953 2954 2958 2959 2978 2984 2990 2991 2996 3011 3018 3022 3049 3054 3060 3069 3085 3101 3109 3113 3117 3133 3139 3153 3160 3163 3164 3165 3168 3184 3196 3197 3198 3199 3200 3202 3204 3210 3211 3212 3226 3238 3243 3246 3256 3257 3272 3274 3287 3291 3298 3299 3305 3308 3310 3315 3316 3321 3324 3335 3339 3341 3365 3374 3383 3386 3388 3390 3411 3420 3428 3459 3461 3464 3492 3501 3522 3528 3574 3582 3583 3585 3586 3605 3606 3617 3620 3623 3636 3640 3645 3647 3652 3656 3662 3673 3675 3677 3690 3695 3701 3707 3710 3720 3752 3754 3756 3761 3764 3781 3797 3799 3800 , 0 1 5 % 340 , 3
3 101 537 547 553 575 650 683 723 767 792 858 1060 1113 1163 1264 1267 1299 1329 1370 1388 1497 1578 1631 1659 1683 1788 1912 1948 1977 2130 2174 2179 2424 2439 2446 2527 2785 2937 3076 3083 3099 3105 3106 3161 3399 3454 3471 3476 3490 , 1 2 4 5 % 50 , 4
21 36 141 205 226 236 241 246 430 448 455 457 493 504 531 592 614 634 666 763 784 794 798 893 908 934 941 952 961 987 990 1045 1065 1067 1125 1255 1340 1343 1356 1392 1399 1427 1454 1457 1496 1505 1517 1569 1594 3473 , 0 2 3 5 % 50 , 4
1018 1634 1641 1648 1740 1786 1841 1871 1876 1878 1910 1919 1936 1944 1997 2053 2060 2151 2242 2245 2262 2265 2307 2308 2398 2419 2542 2559 2608 2631 2729 2771 2783 2879 2882 2883 2890 2899 2984 3069 3084 3133 3168 3310 3316 3335 3428 3461 3501 3583 3761 , 0 1 2 6 % 51 , 4
3 101 537 547 553 575 650 723 767 792 858 1060 1113 1163 1264 1267 1299 1329 1370 1388 1497 1519 1578 1589 1631 1659 1683 1788 1818 1898 1912 1925 1948 1977 2130 2174 2179 2424 2439 2446 2447 2527 2706 2785 2937 3083 3099 3105 3106 3161 3454 3476 3477 3483 3663 , 0 2 4 5 % 55 , 4
1456 1518 1688 1713 1790 1798 1808 1815 1847 1921 1951 1955 2100 2106 2129 2165 2188 2252 2327 2343 2345 2371 2410 2531 2567 2624 2652 2664 2677 2750 2769 2817 2855 2863 2886 2983 3006 3017 3070 3112 3148 3177 3215 3255 3264 3306 3322 3328 3331 3334 3382 3567 3637 3705 3727 3745 3771 , 0 2 3 5 % 57 , 4
1434 1603 1655 1673 1695 1720 1812 1858 1871 1919 1967 1980 2060 2150 2255 2265 2278 2299 2326 2336 2351 2363 2368 2380 2385 2419 2448 2464 2537 2539 2559 2634 2771 2783 2827 2841 2858 2890 2918 2953 2996 3011 3049 3069 3160 3165 3190 3308 3310 3464 3492 3606 3620 3675 3701 3707 3720 , 0 1 2 3 % 57 , 4
