3 101 152 537 547 553 575 650 723 767 792 1060 1113 1163 1182 1267 1299 1315 1329 1370 1374 1387 1388 1497 1519 1578 1649 1659 1683 1788 1806 1818 1898 1912 1948 1977 2130 2174 2176 2179 2439 2447 2527 2543 2706 2734 2785 2937 3099 3105 3106 3161 3379 3454 3476 3477 3483 3663 , 0 2 3 5 % 58 , 4
1434 1603 1652 1655 1673 1695 1720 1812 1858 1871 1919 1965 1967 1980 2060 2150 2255 2265 2278 2290 2299 2326 2336 2351 2363 2380 2385 2419 2448 2464 2537 2539 2634 2783 2827 2841 2858 2887 2890 2918 2953 2967 2996 3011 3049 3069 3160 3165 3308 3310 3464 3492 3606 3620 3675 3701 3707 3720 3768 , 1 2 3 5 % 59 , 4
63 87 121 140 147 160 229 287 290 291 332 341 371 400 434 479 487 529 558 718 785 838 843 861 871 872 903 919 955 959 966 979 982 1014 1043 1080 1083 1084 1109 1116 1119 1174 1187 1228 1260 1266 1305 1332 1338 1363 1384 1473 1489 1492 1504 1537 1605 1611 1626 , 0 1 4 5 % 59 , 4
3 101 320 478 537 547 553 575 650 723 767 792 891 1060 1113 1163 1182 1267 1299 1329 1370 1374 1388 1497 1516 1578 1649 1659 1683 1753 1788 1806 1912 1948 1977 2130 2174 2176 2179 2187 2433 2439 2442 2449 2527 2543 2785 2805 2937 2951 3099 3105 3106 3161 3162 3343 3454 3476 3482 , 0 1 3 5 % 59 , 4
149 274 327 712 1086 1179 1321 1337 1485 1580 1636 1674 1690 1751 1763 1805 1908 1915 1929 1931 1932 1934 1945 1972 1993 1994 2016 2092 2191 2196 2208 2298 2323 2395 2417 2437 2497 2528 2534 2683 2699 2700 2735 2811 2925 2956 3079 3093 3140 3223 3235 3267 3283 3426 3437 3498 3658 3688 3691 3783 , 1 2 3 5 % 60 , 4
149 327 712 1086 1179 1321 1337 1485 1580 1636 1674 1690 1751 1763 1805 1908 1915 1929 1931 1932 1934 1945 1972 1993 1994 2016 2092 2096 2191 2196 2208 2298 2323 2395 2417 2437 2497 2528 2534 2683 2699 2700 2735 2811 2925 2956 3079 3093 3140 3223 3235 3267 3283 3426 3429 3437 3498 3510 3658 3688 3691 3783 , 0 1 2 3 % 62 , 4
1434 1603 1655 1673 1695 1720 1812 1858 1871 1919 1967 1980 1986 2060 2150 2255 2265 2278 2299 2312 2326 2336 2351 2363 2380 2385 2419 2448 2464 2532 2537 2539 2598 2634 2711 2783 2788 2827 2841 2852 2858 2890 2916 2918 2953 2996 3011 3049 3069 3160 3165 3308 3310 3464 3492 3549 3606 3620 3675 3701 3707 3708 3720 , 0 2 3 5 % 63 , 4
21 36 93 141 144 176 210 226 236 241 246 430 448 455 457 493 504 531 562 592 614 617 634 640 666 681 706 714 763 784 794 893 914 918 934 941 952 990 1035 1045 1065 1067 1074 1079 1125 1144 1284 1340 1343 1356 1392 1399 1403 1424 1457 1496 1505 1517 1524 1569 1594 2238 3147 3473 3575 , 0 1 3 5 % 65 , 4
1456 1518 1688 1694 1713 1784 1790 1798 1808 1815 1847 1888 1951 1955 2071 2100 2106 2159 2165 2252 2345 2371 2410 2531 2567 2597 2633 2664 2677 2682 2701 2750 2769 2817 2845 2861 2863 2886 2922 2944 2983 2994 3006 3148 3150 3155 3177 3186 3193 3215 3247 3255 3264 3306 3322 3328 3331 3382 3413 3567 3637 3705 3727 3745 3771 , 0 1 3 5 % 65 , 4
1719 1757 1764 1773 1775 1793 1881 1890 1966 2045 2066 2070 2090 2095 2107 2117 2133 2167 2230 2267 2310 2311 2330 2367 2389 2416 2453 2533 2555 2586 2589 2592 2599 2615 2772 2784 2793 2835 2866 2869 2898 2929 2972 2988 3034 3056 3145 3232 3281 3282 3317 3337 3338 3416 3481 3505 3532 3565 3591 3616 3667 3703 3728 3734 3774 3785 , 0 1 2 5 % 66 , 4
5 9 22 60 76 133 186 346 361 407 415 419 444 488 494 495 499 500 611 616 655 663 671 688 722 754 791 808 813 830 886 902 930 945 954 960 1023 1024 1025 1069 1094 1099 1115 1137 1170 1175 1257 1282 1294 1308 1326 1331 1417 1455 1477 1483 1487 1523 1546 1548 1654 1671 2694 2979 2985 3671 3798 , 0 1 4 5 % 67 , 4
82 111 356 632 712 751 1086 1157 1321 1337 1372 1620 1642 1690 1725 1730 1754 1763 1778 1805 1853 1889 1914 1915 1929 1931 1934 1968 1994 2016 2034 2099 2178 2191 2227 2315 2356 2421 2426 2437 2528 2557 2570 2712 2722 2735 2868 2925 2931 3033 3156 3191 3223 3241 3326 3377 3436 3450 3465 3516 3596 3639 3658 3685 3688 3783 3807 , 0 1 4 5 % 67 , 4
5 9 22 60 76 133 186 346 361 407 415 419 444 476 494 495 499 500 611 616 655 663 671 688 722 754 791 808 813 830 886 902 930 945 954 960 968 1023 1024 1025 1069 1094 1099 1115 1137 1170 1175 1257 1282 1294 1326 1331 1417 1455 1458 1477 1483 1487 1523 1546 1548 1654 1671 2694 2979 2985 3671 3798 , 0 1 2 4 % 68 , 4
5 9 22 56 60 76 133 186 346 361 407 415 419 444 494 495 499 500 611 616 655 663 671 688 722 754 791 808 813 830 886 902 905 930 945 954 960 1023 1024 1025 1069 1089 1094 1099 1115 1137 1170 1175 1257 1282 1294 1326 1331 1417 1455 1477 1483 1487 1523 1546 1548 1654 1671 2694 2979 2985 3671 3798 , 1 2 4 5 % 68 , 4
149 327 543 712 1086 1179 1321 1337 1485 1580 1636 1674 1690 1751 1759 1763 1805 1908 1915 1929 1931 1932 1934 1945 1972 1978 1985 1993 1994 2016 2092 2116 2191 2196 2208 2298 2323 2395 2417 2437 2497 2528 2534 2683 2692 2699 2700 2707 2735 2782 2811 2925 2956 3036 3079 3091 3093 3140 3223 3235 3267 3283 3397 3426 3437 3498 3658 3688 3691 3783 , 0 2 3 5 % 70 , 4
82 111 356 632 712 751 884 1086 1157 1321 1337 1372 1620 1642 1690 1725 1730 1754 1763 1778 1805 1853 1889 1914 1915 1922 1923 1929 1931 1934 1968 1994 2016 2034 2099 2178 2191 2227 2257 2276 2315 2409 2421 2426 2437 2528 2557 2570 2712 2722 2735 2828 2925 3033 3156 3191 3223 3241 3326 3377 3450 3465 3516 3596 3639 3658 3685 3688 3783 3807 , 1 2 4 5 % 70 , 4
149 327 712 842 926 1086 1179 1321 1337 1485 1580 1636 1674 1690 1751 1763 1805 1908 1915 1926 1929 1931 1932 1934 1939 1945 1972 1993 1994 2016 2092 2191 2196 2208 2298 2323 2356 2395 2417 2437 2497 2528 2534 2636 2665 2683 2699 2700 2735 2811 2919 2925 2931 2956 3079 3093 3140 3223 3235 3267 3283 3302 3426 3436 3437 3498 3658 3688 3691 3783 , 0 1 3 5 % 70 , 4
915 1648 1701 1729 1735 1744 1777 1786 1804 1841 1868 1901 1902 1910 1944 1997 2046 2053 2105 2144 2149 2236 2241 2245 2246 2295 2307 2392 2443 2452 2493 2506 2522 2530 2542 2553 2579 2631 2729 2773 2775 2794 2882 2941 2978 2984 3022 3109 3133 3168 3184 3199 3200 3202 3226 3246 3256 3316 3324 3335 3428 3461 3501 3617 3623 3640 3645 3690 3707 3754 3764 3799 , 1 2 4 5 % 72 , 4
915 1648 1701 1729 1735 1744 1777 1786 1804 1841 1901 1902 1910 1944 1997 2029 2046 2053 2054 2105 2144 2149 2236 2241 2245 2246 2307 2355 2443 2452 2493 2506 2522 2530 2542 2579 2631 2729 2773 2775 2794 2882 2941 2978 2984 3022 3109 3133 3168 3184 3199 3200 3202 3226 3246 3249 3256 3316 3324 3335 3428 3461 3501 3617 3623 3640 3645 3690 3707 3754 3764 3799 , 0 1 2 4 % 72 , 4
5 9 22 60 76 133 158 186 346 361 364 407 415 419 444 445 494 495 499 500 528 611 616 655 663 671 688 722 754 791 808 813 830 886 902 930 936 945 954 960 1023 1024 1025 1069 1094 1099 1115 1121 1137 1170 1175 1256 1257 1282 1294 1326 1331 1417 1455 1477 1483 1487 1523 1546 1548 1654 1671 2694 2979 2985 3671 3798 , 0 2 4 5 % 72 , 4
915 1648 1701 1729 1735 1744 1777 1786 1804 1841 1901 1902 1910 1944 1997 2046 2053 2105 2144 2149 2236 2239 2241 2245 2246 2307 2443 2452 2493 2506 2522 2530 2542 2579 2631 2632 2729 2773 2775 2794 2809 2882 2941 2978 2984 3022 3066 3109 3133 3143 3168 3184 3199 3200 3202 3226 3246 3256 3316 3324 3335 3428 3461 3501 3550 3617 3623 3640 3645 3690 3707 3754 3764 3799 , 0 2 4 5 % 74 , 4
82 111 356 632 712 751 1086 1157 1321 1337 1372 1620 1642 1690 1725 1730 1754 1759 1763 1778 1805 1817 1853 1889 1914 1915 1929 1931 1934 1968 1978 1985 1994 2016 2034 2099 2169 2178 2191 2227 2315 2421 2426 2437 2489 2503 2528 2557 2570 2712 2722 2735 2925 3033 3036 3086 3091 3156 3191 3223 3241 3293 3326 3377 3397 3450 3465 3516 3596 3639 3658 3685 3688 3783 3807 , 0 2 4 5 % 75 , 4
915 1648 1701 1729 1733 1735 1744 1777 1786 1804 1841 1843 1894 1901 1902 1910 1944 1997 2046 2053 2105 2144 2149 2207 2236 2241 2245 2246 2296 2307 2400 2443 2452 2470 2493 2506 2522 2530 2542 2579 2631 2729 2773 2775 2794 2818 2882 2941 2978 2984 3022 3109 3133 3168 3184 3199 3200 3202 3226 3246 3256 3298 3316 3324 3335 3388 3428 3461 3501 3617 3623 3640 3645 3677 3690 3707 3754 3764 3799 , 0 1 4 5 % 79 , 4
1434 1568 1587 1603 1655 1673 1695 1720 1789 1795 1812 1858 1871 1919 1928 1967 1980 2056 2060 2137 2145 2150 2250 2254 2255 2265 2271 2278 2285 2299 2326 2336 2351 2363 2380 2385 2387 2390 2394 2403 2419 2422 2448 2464 2537 2539 2550 2606 2611 2634 2695 2739 2759 2783 2803 2827 2841 2858 2890 2918 2953 2996 3011 3018 3049 3069 3160 3164 3165 3210 3308 3310 3383 3464 3492 3522 3585 3606 3620 3675 3701 3707 3720 3756 , 0 1 3 5 % 84 , 4
1018 1634 1641 1648 1736 1781 1786 1841 1843 1871 1878 1887 1899 1910 1919 1936 1944 1997 2015 2031 2035 2053 2060 2065 2088 2151 2201 2242 2245 2262 2264 2265 2285 2307 2308 2309 2387 2390 2398 2400 2401 2419 2470 2542 2556 2573 2606 2608 2631 2729 2733 2743 2783 2818 2865 2879 2882 2883 2890 2905 2954 2984 2990 3018 3069 3085 3113 3117 3133 3164 3168 3197 3310 3316 3335 3383 3390 3428 3461 3501 3583 3647 3652 3662 3677 3761 , 0 1 5 6 % 86 , 4
3 46 98 101 112 392 393 537 547 553 575 650 651 684 723 767 792 811 823 836 858 953 973 1001 1060 1062 1075 1102 1113 1163 1182 1263 1264 1267 1299 1329 1370 1374 1388 1497 1502 1578 1597 1631 1649 1659 1683 1724 1788 1806 1912 1948 1963 1977 2130 2174 2176 2179 2424 2438 2439 2446 2501 2519 2527 2536 2543 2568 2619 2669 2746 2762 2764 2785 2937 2955 3047 3068 3083 3099 3105 3106 3161 3217 3266 3372 3448 3454 3476 , 0 1 2 5 % 89 , 4
5 9 19 22 28 60 76 133 164 186 220 289 345 346 361 382 407 415 419 444 454 494 495 499 500 515 551 570 594 611 616 643 655 663 664 671 688 722 754 790 791 807 808 813 830 886 902 930 939 945 954 960 971 1023 1024 1025 1028 1030 1033 1069 1087 1094 1099 1100 1115 1137 1170 1175 1229 1246 1257 1273 1282 1294 1326 1331 1342 1345 1346 1375 1406 1416 1417 1432 1455 1468 1477 1483 1487 1491 1493 1499 1523 1539 1546 1548 1558 1654 1671 1762 2197 2694 2979 2985 3671 3798 , 0 1 2 5 % 106 , 4
4 10 16 62 77 88 100 105 113 128 143 153 163 170 175 197 204 233 240 249 254 255 262 264 268 272 280 310 330 347 349 355 370 385 409 416 429 436 470 507 511 519 532 564 565 582 597 605 608 610 623 637 645 670 679 682 691 702 710 717 743 748 749 765 789 801 863 878 892 894 942 943 950 951 958 969 1003 1005 1015 1020 1031 1046 1051 1098 1112 1118 1126 1129 1131 1133 1139 1159 1161 1172 1194 1199 1209 1239 1245 1248 1276 1297 1300 1301 1320 1357 1361 1366 1367 1418 1423 1452 1472 1527 1531 1532 1552 1557 1574 1598 , 0 1 2 5 % 120 , 4
21 36 37 59 63 94 110 118 141 156 174 196 224 226 227 236 241 245 246 287 291 322 332 371 381 388 400 430 433 434 448 455 457 479 493 504 509 529 531 558 587 592 614 615 634 666 700 718 758 763 778 784 785 794 822 838 843 861 871 893 903 919 924 934 940 941 952 955 966 979 982 990 999 1014 1029 1039 1045 1065 1067 1080 1081 1084 1097 1116 1119 1125 1132 1134 1150 1173 1174 1187 1220 1228 1260 1266 1290 1305 1311 1340 1343 1344 1347 1356 1363 1384 1392 1399 1445 1457 1466 1489 1492 1496 1500 1505 1517 1520 1537 1569 1577 1594 1605 1606 1611 1617 3473 , 0 1 2 5 % 127 , 4
82 111 149 298 327 356 632 712 751 821 883 1086 1157 1179 1310 1321 1337 1372 1485 1563 1580 1608 1620 1636 1642 1674 1690 1725 1730 1751 1754 1763 1778 1783 1805 1837 1853 1866 1889 1908 1909 1914 1915 1929 1931 1932 1934 1945 1968 1972 1993 1994 2008 2016 2018 2034 2092 2099 2178 2191 2196 2208 2211 2227 2297 2298 2315 2323 2354 2395 2417 2421 2426 2437 2467 2497 2524 2528 2534 2549 2557 2564 2570 2572 2621 2683 2688 2699 2700 2712 2717 2722 2731 2735 2811 2920 2925 2956 2975 3008 3033 3050 3079 3093 3140 3156 3191 3223 3235 3241 3262 3267 3273 3283 3326 3377 3426 3437 3450 3465 3498 3516 3596 3639 3658 3685 3688 3691 3772 3783 3807 , 0 1 2 5 % 131 , 4
1456 1518 1670 1684 1688 1699 1713 1748 1758 1770 1771 1790 1798 1808 1815 1816 1826 1828 1831 1839 1847 1851 1855 1864 1880 1906 1930 1947 1951 1955 1959 1961 1970 1982 1983 1989 1996 1999 2001 2005 2010 2047 2080 2081 2084 2100 2106 2110 2114 2121 2135 2138 2140 2160 2165 2195 2203 2206 2229 2248 2252 2268 2287 2304 2318 2319 2328 2335 2341 2342 2345 2362 2371 2377 2410 2435 2455 2460 2487 2531 2545 2546 2547 2554 2566 2567 2578 2582 2591 2614 2625 2641 2651 2662 2664 2677 2728 2740 2741 2748 2750 2761 2765 2769 2791 2800 2817 2832 2834 2856 2860 2863 2886 2897 2906 2921 2933 2962 2964 2981 2983 2986 2993 3006 3028 3039 3118 3121 3130 3148 3159 3177 3205 3215 3216 3225 3228 3234 3236 3253 3254 3255 3264 3265 3275 3286 3300 3303 3304 3306 3322 3328 3331 3355 3368 3382 3415 3499 3507 3512 3514 3525 3529 3542 3548 3551 3567 3598 3619 3626 3627 3634 3637 3642 3670 3681 3684 3689 3692 3705 3727 3738 3745 3771 3773 3777 3790 , 0 1 2 5 % 187 , 4
915 1018 1434 1603 1607 1634 1641 1648 1655 1673 1692 1695 1701 1706 1720 1729 1735 1744 1777 1780 1786 1791 1804 1812 1841 1854 1858 1871 1878 1901 1902 1910 1919 1936 1942 1944 1967 1976 1980 1997 2004 2013 2027 2037 2046 2049 2053 2060 2075 2105 2131 2134 2144 2147 2149 2150 2151 2161 2224 2231 2236 2241 2242 2245 2246 2255 2262 2265 2278 2299 2307 2308 2326 2336 2338 2351 2363 2380 2381 2385 2398 2419 2432 2443 2448 2452 2459 2464 2493 2506 2508 2522 2526 2530 2535 2537 2539 2542 2560 2579 2600 2608 2618 2631 2634 2637 2667 2670 2729 2737 2773 2775 2783 2794 2801 2827 2841 2858 2877 2879 2882 2883 2890 2918 2941 2953 2958 2978 2984 2996 3011 3022 3049 3069 3109 3133 3160 3163 3165 3168 3184 3198 3199 3200 3202 3204 3211 3212 3226 3238 3246 3256 3305 3308 3310 3316 3324 3335 3339 3428 3461 3464 3492 3501 3528 3583 3586 3605 3606 3617 3620 3623 3640 3645 3656 3673 3675 3690 3695 3701 3707 3720 3752 3754 3761 3764 3797 3799 3800 , 0 1 2 5 % 189 , 4
1434 1603 1655 1673 1695 1720 1812 1858 1871 1919 1967 1980 2060 2150 2255 2265 2278 2299 2326 2336 2351 2363 2380 2385 2419 2448 2464 2537 2539 2634 2783 2827 2841 2858 2890 2918 2953 2996 3011 3049 3069 3160 3165 3308 3310 3464 3492 3606 3620 3675 3701 3707 3720 , 0 1 2 3 5 % 53 , 5
149 327 712 1086 1179 1321 1337 1485 1580 1636 1674 1690 1751 1763 1805 1908 1915 1929 1931 1932 1934 1945 1972 1993 1994 2016 2092 2191 2196 2208 2298 2323 2395 2417 2437 2497 2528 2534 2683 2699 2700 2735 2811 2925 2956 3079 3093 3140 3223 3235 3267 3283 3426 3437 3498 3658 3688 3691 3783 , 0 1 2 3 5 % 59 , 5
82 111 356 632 712 751 1086 1157 1321 1337 1372 1620 1642 1690 1725 1730 1754 1763 1778 1805 1853 1889 1914 1915 1929 1931 1934 1968 1994 2016 2034 2099 2178 2191 2227 2315 2421 2426 2437 2528 2557 2570 2712 2722 2735 2925 3033 3156 3191 3223 3241 3326 3377 3450 3465 3516 3596 3639 3658 3685 3688 3783 3807 , 0 1 2 4 5 % 63 , 5
5 9 22 60 76 133 186 346 361 407 415 419 444 494 495 499 500 611 616 655 663 671 688 722 754 791 808 813 830 886 902 930 945 954 960 1023 1024 1025 1069 1094 1099 1115 1137 1170 1175 1257 1282 1294 1326 1331 1417 1455 1477 1483 1487 1523 1546 1548 1654 1671 2694 2979 2985 3671 3798 , 0 1 2 4 5 % 65 , 5
915 1648 1701 1729 1735 1744 1777 1786 1804 1841 1901 1902 1910 1944 1997 2046 2053 2105 2144 2149 2236 2241 2245 2246 2307 2443 2452 2493 2506 2522 2530 2542 2579 2631 2729 2773 2775 2794 2882 2941 2978 2984 3022 3109 3133 3168 3184 3199 3200 3202 3226 3246 3256 3316 3324 3335 3428 3461 3501 3617 3623 3640 3645 3690 3707 3754 3764 3799 , 0 1 2 4 5 % 68 , 5
