957 1456 1513 1518 1561 1688 1694 1712 1713 1741 1779 1784 1790 1798 1808 1815 1847 1888 1921 1951 1955 2067 2071 2100 2106 2129 2159 2165 2188 2220 2252 2259 2294 2327 2343 2345 2371 2410 2472 2512 2531 2567 2577 2597 2624 2633 2652 2664 2677 2682 2701 2742 2750 2769 2796 2816 2817 2845 2855 2861 2863 2874 2886 2922 2944 2970 2983 2994 3006 3017 3070 3112 3136 3148 3150 3155 3177 3186 3193 3207 3213 3215 3247 3255 3264 3269 3306 3322 3328 3331 3334 3361 3382 3413 3440 3447 3456 3484 3508 3520 3567 3611 3637 3705 3717 3727 3745 3771 , 0 3 % 108 , 2
82 111 320 356 632 712 751 884 1011 1086 1157 1196 1321 1337 1372 1620 1638 1642 1651 1690 1718 1725 1730 1732 1754 1759 1763 1778 1805 1817 1853 1870 1889 1914 1915 1917 1922 1923 1929 1931 1934 1968 1978 1985 1994 2016 2034 2068 2082 2099 2169 2178 2191 2227 2257 2276 2315 2386 2409 2421 2426 2433 2437 2449 2479 2489 2503 2528 2557 2570 2596 2601 2639 2653 2685 2712 2722 2735 2756 2828 2843 2925 2951 3033 3036 3086 3091 3095 3097 3156 3191 3223 3241 3293 3326 3343 3377 3397 3450 3465 3482 3516 3596 3639 3658 3685 3688 3783 3807 , 2 4 % 109 , 2
915 1648 1701 1729 1733 1735 1743 1744 1769 1777 1785 1786 1794 1804 1841 1843 1868 1892 1894 1901 1902 1910 1944 1950 1984 1997 2009 2046 2053 2105 2144 2149 2207 2236 2239 2241 2245 2246 2295 2296 2307 2361 2392 2400 2430 2443 2452 2470 2493 2506 2522 2529 2530 2542 2553 2579 2631 2632 2729 2773 2775 2794 2809 2818 2856 2882 2901 2939 2941 2971 2978 2984 3022 3066 3109 3133 3143 3168 3184 3199 3200 3202 3226 3227 3246 3256 3298 3312 3316 3324 3335 3388 3428 3461 3501 3550 3589 3594 3610 3617 3623 3640 3645 3677 3690 3707 3754 3764 3799 , 4 5 % 109 , 2
915 1648 1701 1729 1733 1735 1743 1744 1769 1777 1785 1786 1794 1804 1841 1843 1867 1892 1894 1901 1902 1910 1944 1950 1997 2029 2046 2053 2054 2105 2144 2149 2207 2236 2239 2241 2245 2246 2296 2307 2313 2355 2361 2400 2430 2443 2452 2470 2493 2506 2522 2529 2530 2542 2579 2631 2632 2662 2729 2773 2775 2794 2809 2818 2882 2939 2941 2971 2978 2984 3022 3066 3109 3119 3133 3143 3168 3184 3199 3200 3202 3226 3227 3246 3249 3256 3298 3312 3316 3324 3335 3388 3428 3461 3501 3550 3589 3594 3617 3623 3640 3645 3646 3677 3690 3707 3721 3754 3764 3799 , 0 4 % 110 , 2
44 45 63 83 87 106 107 121 140 147 150 160 225 229 287 290 291 332 333 341 371 379 387 400 434 462 463 479 482 487 497 498 529 558 566 602 649 656 662 695 704 718 719 732 759 785 786 834 838 843 861 871 872 901 903 916 919 923 955 959 966 979 982 986 1014 1038 1043 1056 1061 1080 1083 1084 1109 1114 1116 1119 1145 1174 1187 1228 1253 1260 1266 1283 1305 1317 1332 1338 1363 1384 1395 1473 1479 1480 1486 1489 1492 1504 1528 1537 1541 1545 1555 1570 1571 1605 1611 1626 1628 2693 , 1 4 % 110 , 2
149 327 514 543 668 712 776 842 926 1086 1179 1298 1321 1337 1371 1485 1580 1636 1639 1643 1651 1674 1690 1751 1759 1763 1805 1900 1908 1915 1926 1929 1931 1932 1934 1939 1940 1945 1960 1972 1978 1985 1993 1994 2016 2092 2096 2116 2191 2196 2208 2221 2298 2323 2356 2395 2417 2437 2465 2497 2528 2534 2587 2636 2654 2665 2679 2681 2683 2692 2699 2700 2707 2708 2720 2735 2777 2782 2790 2811 2892 2919 2925 2931 2956 3024 3036 3079 3082 3091 3093 3140 3154 3223 3235 3267 3283 3295 3302 3397 3426 3429 3436 3437 3498 3510 3576 3658 3688 3691 3783 , 0 3 % 111 , 2
957 1456 1513 1518 1561 1688 1694 1713 1779 1784 1790 1798 1808 1815 1847 1888 1921 1951 1955 2071 2100 2106 2108 2119 2129 2147 2159 2165 2188 2220 2252 2259 2327 2343 2345 2371 2375 2410 2472 2512 2515 2531 2567 2577 2597 2624 2633 2652 2664 2677 2682 2701 2742 2750 2769 2816 2817 2836 2845 2847 2855 2861 2863 2871 2886 2922 2944 2970 2983 2994 3006 3017 3070 3084 3112 3136 3148 3150 3155 3177 3183 3186 3193 3207 3213 3215 3247 3255 3264 3306 3322 3328 3331 3334 3382 3413 3440 3447 3456 3460 3475 3484 3508 3567 3611 3637 3705 3717 3727 3745 3771 , 3 5 % 111 , 2
48 53 65 72 75 102 139 142 145 162 165 171 179 184 191 199 201 235 252 258 275 279 304 305 336 344 354 362 375 403 404 438 447 469 471 486 502 533 538 541 549 556 573 585 586 588 593 603 607 621 622 642 676 698 703 713 720 726 727 728 729 730 773 777 780 803 856 879 887 888 913 935 978 998 1008 1017 1047 1054 1091 1093 1104 1107 1123 1188 1200 1205 1214 1216 1218 1222 1237 1252 1279 1287 1309 1313 1325 1353 1376 1383 1459 1465 1526 1534 1538 1542 1559 1560 1585 1602 1613 1625 , 1 2 % 112 , 2
3 46 98 101 112 152 313 392 393 399 523 537 547 553 575 633 650 651 684 723 767 792 811 823 836 858 953 973 1001 1060 1062 1075 1102 1113 1163 1182 1263 1264 1267 1278 1299 1315 1329 1352 1370 1374 1387 1388 1497 1502 1519 1578 1583 1589 1597 1631 1649 1659 1683 1724 1788 1806 1818 1898 1912 1925 1948 1963 1977 2130 2174 2176 2179 2180 2424 2438 2439 2446 2447 2501 2519 2527 2536 2543 2568 2619 2669 2706 2734 2746 2762 2764 2785 2937 2955 3047 3068 3083 3099 3105 3106 3161 3217 3266 3372 3379 3384 3448 3454 3476 3477 3483 3527 3663 3770 , 0 2 % 115 , 2
3 46 98 101 112 152 392 393 537 547 553 575 633 650 651 668 683 684 723 767 792 811 823 836 858 953 973 1001 1060 1062 1075 1102 1113 1163 1182 1263 1264 1267 1299 1315 1329 1352 1370 1374 1387 1388 1497 1502 1509 1519 1578 1589 1597 1631 1649 1659 1683 1724 1788 1806 1818 1898 1912 1925 1948 1963 1977 2130 2174 2176 2179 2424 2438 2439 2446 2447 2501 2519 2527 2536 2543 2568 2619 2669 2706 2734 2746 2762 2764 2785 2937 2955 3047 3068 3076 3083 3099 3105 3106 3161 3217 3266 3372 3379 3399 3434 3448 3454 3471 3476 3477 3483 3490 3663 3770 , 2 5 % 115 , 2
5 9 22 25 30 40 56 60 76 130 133 158 177 180 186 314 316 346 361 364 378 405 407 415 419 444 445 460 468 476 478 494 495 499 500 527 528 550 574 611 616 639 655 663 671 688 722 754 791 808 813 830 846 874 886 891 902 905 930 936 945 954 960 968 972 977 1019 1023 1024 1025 1069 1089 1094 1099 1115 1121 1137 1170 1175 1256 1257 1265 1282 1294 1326 1331 1351 1414 1417 1421 1455 1458 1477 1483 1487 1516 1523 1546 1548 1654 1671 1675 1746 1753 1916 2694 2805 2979 2985 3127 3162 3180 3495 3561 3671 3798 , 2 4 % 116 , 2
14 31 44 57 63 83 106 107 117 138 150 225 287 291 312 332 333 339 371 379 387 400 413 434 462 463 479 482 497 498 529 558 566 571 602 606 613 649 656 662 695 704 718 732 759 785 786 818 833 834 838 840 841 843 847 861 871 901 903 916 919 923 949 955 966 974 979 982 986 1014 1016 1038 1052 1056 1061 1080 1082 1084 1114 1116 1119 1145 1174 1187 1189 1228 1253 1260 1261 1266 1280 1283 1305 1317 1360 1363 1384 1395 1444 1479 1480 1486 1489 1492 1528 1529 1530 1537 1541 1545 1570 1571 1605 1611 1628 2693 3427 3449 , 2 4 % 118 , 2
1667 1697 1719 1756 1757 1764 1773 1774 1775 1793 1834 1874 1881 1890 1966 1995 2012 2014 2045 2063 2066 2070 2090 2095 2107 2117 2118 2133 2167 2217 2230 2258 2267 2282 2310 2311 2330 2367 2389 2416 2453 2469 2476 2533 2555 2584 2586 2589 2592 2593 2595 2599 2615 2671 2672 2772 2784 2792 2793 2813 2835 2857 2866 2869 2889 2898 2908 2926 2929 2972 2988 2989 3020 3032 3034 3045 3056 3134 3145 3169 3181 3182 3189 3209 3232 3233 3245 3281 3282 3290 3317 3319 3330 3337 3338 3361 3370 3373 3393 3416 3481 3505 3526 3532 3565 3591 3616 3641 3659 3667 3668 3682 3703 3728 3730 3734 3748 3758 3774 3776 3785 , 0 1 % 121 , 2
915 1648 1676 1701 1729 1733 1735 1739 1744 1777 1786 1804 1841 1843 1850 1868 1893 1894 1901 1902 1910 1937 1944 1997 2009 2029 2046 2053 2054 2105 2144 2149 2184 2207 2236 2241 2245 2246 2295 2296 2307 2355 2357 2392 2397 2400 2443 2452 2468 2470 2493 2506 2522 2530 2542 2553 2574 2579 2631 2646 2674 2729 2773 2775 2781 2790 2794 2818 2882 2901 2910 2941 2952 2960 2978 2984 3009 3015 3022 3053 3109 3133 3168 3184 3185 3199 3200 3202 3226 3246 3249 3256 3277 3298 3316 3324 3335 3352 3380 3388 3394 3428 3453 3461 3497 3501 3617 3623 3640 3645 3648 3677 3690 3707 3733 3753 3754 3755 3764 3799 3802 , 1 4 % 121 , 2
518 1169 1434 1476 1568 1587 1603 1633 1655 1658 1660 1673 1695 1720 1789 1795 1812 1830 1833 1836 1858 1871 1919 1928 1967 1980 1986 2032 2033 2056 2060 2120 2137 2145 2150 2250 2254 2255 2265 2271 2278 2285 2299 2312 2326 2336 2351 2363 2368 2380 2385 2387 2390 2394 2396 2403 2419 2422 2448 2464 2532 2537 2539 2550 2559 2598 2606 2607 2611 2634 2656 2695 2711 2714 2736 2739 2759 2771 2783 2788 2803 2819 2827 2841 2852 2858 2890 2916 2918 2953 2961 2996 3011 3018 3021 3049 3069 3094 3122 3160 3164 3165 3190 3210 3308 3310 3383 3464 3492 3522 3540 3549 3585 3589 3606 3620 3675 3701 3707 3708 3720 3721 3756 , 0 3 % 123 , 2
1656 1670 1678 1681 1684 1699 1703 1709 1736 1781 1792 1797 1801 1823 1826 1828 1829 1855 1880 1896 1897 1899 1904 1927 1930 1961 1970 1988 1996 2031 2035 2050 2076 2080 2084 2086 2088 2110 2112 2121 2138 2142 2154 2158 2160 2201 2210 2228 2229 2232 2233 2275 2293 2309 2328 2341 2344 2350 2365 2388 2462 2463 2466 2495 2496 2509 2541 2544 2547 2566 2582 2662 2743 2748 2765 2800 2814 2832 2833 2897 2903 2906 2912 2915 2928 2954 2973 2977 2990 2992 3029 3039 3054 3075 3081 3085 3117 3123 3130 3153 3187 3225 3236 3253 3257 3274 3291 3315 3323 3365 3368 3369 3514 3530 3541 3542 3582 3627 3647 3652 3687 3710 3751 3769 3773 3781 3803 3805 , 2 4 % 128 , 2
5 9 19 22 28 45 56 60 76 133 158 164 186 220 289 345 346 361 364 382 386 407 415 419 444 445 454 494 495 499 500 515 528 548 550 551 570 594 596 611 616 626 643 655 663 664 671 688 719 722 754 790 791 807 808 813 830 886 902 905 930 936 939 945 954 960 971 1023 1024 1025 1028 1030 1033 1069 1076 1087 1089 1094 1099 1100 1115 1121 1137 1170 1175 1229 1246 1256 1257 1273 1282 1294 1326 1331 1342 1345 1346 1373 1375 1406 1416 1417 1432 1455 1468 1477 1483 1487 1491 1493 1499 1523 1539 1546 1548 1558 1654 1671 1762 2073 2197 2694 2979 2985 3487 3671 3718 3798 , 2 5 % 128 , 2
1667 1697 1712 1719 1723 1756 1757 1760 1764 1773 1774 1775 1793 1834 1874 1881 1890 1966 1995 2012 2014 2045 2063 2066 2067 2070 2090 2095 2104 2107 2117 2118 2133 2167 2230 2258 2267 2294 2310 2311 2330 2334 2367 2389 2416 2453 2469 2476 2523 2533 2555 2584 2586 2589 2592 2593 2595 2599 2615 2671 2672 2686 2772 2784 2792 2793 2796 2813 2835 2857 2866 2869 2874 2889 2891 2898 2908 2926 2929 2972 2988 2989 3020 3032 3034 3045 3056 3134 3145 3169 3181 3182 3189 3209 3232 3245 3269 3281 3282 3290 3317 3330 3337 3338 3361 3370 3373 3393 3416 3481 3505 3526 3532 3565 3591 3616 3641 3659 3667 3668 3682 3703 3728 3730 3734 3758 3774 3776 3785 , 1 5 % 129 , 2
119 1434 1476 1568 1587 1603 1633 1652 1655 1658 1673 1695 1720 1789 1795 1812 1830 1833 1836 1849 1858 1871 1919 1928 1965 1967 1980 1986 2009 2033 2056 2058 2060 2120 2137 2145 2150 2250 2254 2255 2265 2271 2278 2285 2290 2299 2312 2326 2336 2351 2363 2380 2385 2387 2390 2394 2396 2403 2419 2422 2440 2448 2464 2532 2537 2539 2550 2598 2606 2607 2611 2634 2656 2695 2711 2714 2736 2739 2759 2783 2788 2803 2819 2827 2841 2852 2858 2887 2890 2916 2918 2953 2961 2967 2996 3011 3018 3049 3069 3094 3122 3160 3164 3165 3210 3308 3310 3383 3425 3464 3492 3522 3540 3549 3576 3580 3585 3589 3606 3614 3620 3675 3679 3701 3707 3708 3720 3756 3768 3775 3779 , 3 5 % 131 , 2
32 43 188 265 283 492 559 805 1021 1143 1178 1204 1219 1648 1650 1672 1758 1786 1839 1841 1843 1851 1868 1892 1893 1910 1921 1944 1950 1964 1979 1997 2005 2053 2070 2094 2129 2140 2141 2189 2195 2206 2211 2243 2245 2291 2307 2340 2359 2400 2416 2430 2470 2492 2529 2542 2553 2564 2574 2591 2614 2631 2652 2662 2687 2726 2728 2729 2761 2790 2791 2797 2809 2818 2823 2851 2856 2882 2901 2923 2929 2933 2952 2962 2969 2984 3008 3015 3040 3050 3066 3071 3100 3118 3133 3168 3195 3227 3251 3268 3304 3316 3328 3335 3380 3381 3412 3415 3423 3428 3433 3434 3451 3461 3474 3501 3551 3565 3589 3630 3657 3667 3677 3716 3721 3733 3739 3753 3755 3784 3790 , 4 6 % 131 , 2
274 1018 1451 1634 1641 1648 1658 1661 1698 1709 1736 1740 1781 1786 1829 1841 1843 1871 1876 1878 1887 1892 1899 1910 1919 1936 1944 1950 1988 1997 2015 2031 2035 2050 2053 2060 2065 2088 2151 2153 2201 2242 2245 2262 2264 2265 2275 2285 2307 2308 2309 2344 2358 2372 2387 2390 2398 2400 2401 2414 2419 2430 2470 2494 2495 2529 2542 2556 2559 2573 2605 2606 2608 2631 2662 2729 2733 2743 2771 2783 2809 2818 2865 2879 2882 2883 2890 2899 2904 2905 2911 2954 2961 2963 2973 2984 2990 3018 3029 3066 3069 3081 3084 3085 3107 3113 3117 3122 3133 3164 3168 3197 3227 3310 3316 3335 3383 3390 3428 3461 3501 3564 3578 3583 3589 3647 3652 3662 3677 3694 3708 3721 3722 3761 , 0 6 % 134 , 2
1018 1105 1451 1634 1641 1648 1658 1661 1698 1709 1736 1781 1786 1829 1841 1843 1868 1871 1878 1887 1892 1899 1910 1919 1936 1944 1950 1965 1988 1997 2015 2031 2035 2050 2053 2060 2065 2088 2151 2153 2201 2242 2245 2262 2264 2265 2275 2285 2307 2308 2309 2344 2358 2387 2390 2398 2400 2401 2414 2419 2430 2470 2494 2495 2529 2542 2553 2556 2573 2605 2606 2608 2631 2681 2729 2733 2743 2783 2809 2818 2849 2856 2865 2879 2882 2883 2890 2901 2904 2905 2911 2954 2961 2963 2973 2984 2990 3018 3029 3066 3069 3081 3085 3107 3113 3117 3122 3133 3164 3168 3197 3222 3227 3310 3316 3335 3383 3390 3428 3461 3501 3520 3564 3578 3583 3589 3614 3647 3652 3662 3677 3694 3708 3722 3761 3779 , 5 6 % 136 , 2
5 9 19 22 28 60 76 133 158 164 186 209 220 289 345 346 361 364 372 377 382 390 407 415 419 425 444 445 454 476 494 495 499 500 515 528 548 551 570 594 596 611 616 639 643 655 663 664 671 686 688 719 722 754 790 791 807 808 813 830 886 890 891 900 902 930 936 939 945 954 960 968 971 1023 1024 1025 1028 1030 1033 1069 1076 1087 1094 1099 1100 1115 1121 1137 1170 1175 1229 1246 1254 1256 1257 1273 1282 1286 1294 1326 1331 1342 1345 1346 1375 1406 1414 1416 1417 1432 1455 1458 1468 1477 1483 1487 1491 1493 1499 1523 1539 1546 1548 1558 1654 1671 1762 2073 2197 2694 2719 2979 2985 3487 3495 3661 3671 3798 , 0 2 % 138 , 2
296 1018 1581 1634 1641 1648 1650 1662 1672 1677 1686 1740 1786 1841 1868 1871 1876 1878 1893 1910 1919 1936 1944 1954 1965 1979 1997 2006 2011 2042 2053 2060 2083 2094 2113 2141 2151 2175 2189 2199 2218 2223 2240 2242 2245 2262 2265 2277 2291 2307 2308 2324 2325 2347 2356 2398 2419 2471 2473 2488 2540 2542 2553 2559 2574 2608 2631 2689 2701 2713 2729 2771 2777 2783 2790 2808 2809 2816 2825 2845 2851 2878 2879 2880 2882 2883 2890 2899 2947 2952 2965 2984 3015 3064 3066 3069 3084 3115 3124 3133 3146 3158 3168 3173 3195 3221 3258 3260 3310 3316 3320 3329 3335 3357 3380 3414 3428 3436 3438 3440 3443 3461 3501 3557 3568 3583 3597 3618 3630 3686 3693 3702 3708 3715 3741 3753 3761 3794 , 2 6 % 138 , 2
4 10 16 55 62 77 88 100 105 113 128 143 153 163 170 175 181 197 204 233 237 240 249 254 255 262 264 268 272 280 301 310 330 347 349 355 370 384 385 409 416 429 436 453 470 489 507 511 519 532 564 565 582 597 605 608 610 623 637 645 661 670 679 680 682 691 702 709 710 717 743 748 749 765 789 801 863 878 892 894 942 943 950 951 958 969 994 1003 1005 1015 1020 1031 1046 1049 1051 1098 1112 1118 1126 1129 1131 1133 1136 1139 1151 1159 1161 1164 1172 1194 1199 1209 1239 1245 1248 1276 1297 1300 1301 1320 1323 1357 1361 1366 1367 1418 1423 1452 1472 1475 1527 1531 1532 1533 1552 1555 1557 1574 1598 , 0 2 % 139 , 2
4 10 16 55 62 77 88 100 105 113 114 128 143 153 163 170 175 181 197 204 233 237 240 249 254 255 262 264 268 272 280 301 310 317 330 347 349 355 370 385 409 416 429 436 470 507 511 519 532 561 564 565 582 597 605 608 610 623 637 645 670 679 680 682 691 699 702 710 717 743 748 749 765 789 801 863 878 892 894 942 943 950 951 958 969 994 1003 1005 1015 1020 1031 1046 1049 1051 1055 1098 1112 1118 1126 1129 1131 1133 1136 1139 1159 1161 1172 1194 1199 1209 1239 1245 1248 1276 1297 1300 1301 1320 1357 1358 1361 1366 1367 1378 1418 1423 1425 1452 1472 1475 1527 1531 1532 1533 1552 1555 1557 1574 1598 , 2 5 % 139 , 2
1664 1719 1737 1757 1764 1773 1775 1776 1779 1782 1793 1796 1835 1881 1890 1918 1966 1992 2025 2045 2066 2070 2090 2095 2098 2104 2107 2117 2123 2125 2133 2167 2170 2217 2226 2230 2263 2267 2270 2272 2282 2294 2310 2311 2316 2320 2329 2330 2334 2346 2367 2369 2389 2416 2453 2484 2507 2516 2521 2533 2555 2558 2565 2586 2589 2592 2599 2615 2640 2686 2690 2724 2772 2784 2787 2793 2830 2835 2866 2869 2885 2891 2894 2898 2929 2934 2948 2972 2982 2988 3000 3002 3034 3043 3056 3092 3142 3145 3194 3232 3244 3248 3250 3251 3269 3280 3281 3282 3285 3317 3319 3337 3338 3409 3416 3419 3431 3481 3505 3532 3545 3547 3562 3565 3571 3579 3591 3616 3628 3633 3649 3667 3699 3703 3728 3734 3759 3774 3785 3809 , 1 2 % 140 , 2
396 1018 1105 1634 1641 1648 1736 1740 1759 1766 1781 1786 1841 1843 1868 1871 1876 1878 1887 1893 1899 1910 1919 1936 1944 1965 1978 1997 2015 2031 2035 2053 2060 2065 2078 2088 2091 2151 2157 2201 2240 2242 2245 2249 2262 2264 2265 2277 2285 2307 2308 2309 2324 2347 2387 2390 2398 2400 2401 2419 2470 2488 2542 2553 2556 2559 2573 2574 2606 2608 2631 2681 2689 2713 2729 2733 2743 2771 2777 2783 2790 2816 2818 2865 2879 2880 2882 2883 2890 2899 2901 2905 2947 2952 2954 2984 2990 3015 3018 3064 3069 3084 3085 3113 3117 3124 3133 3164 3168 3197 3221 3222 3258 3310 3316 3335 3380 3383 3390 3402 3428 3438 3440 3443 3461 3501 3502 3520 3537 3583 3597 3647 3652 3662 3677 3715 3733 3740 3741 3753 3755 3761 3779 3794 , 1 6 % 144 , 2
915 1413 1648 1650 1666 1672 1676 1701 1729 1735 1739 1744 1777 1786 1804 1841 1850 1868 1877 1893 1901 1902 1910 1937 1944 1979 1997 2029 2046 2051 2053 2054 2094 2105 2141 2144 2149 2155 2184 2189 2236 2237 2239 2241 2245 2246 2284 2291 2295 2307 2355 2357 2392 2397 2411 2443 2452 2461 2468 2493 2506 2522 2530 2542 2549 2553 2574 2579 2631 2632 2636 2646 2660 2661 2674 2729 2773 2775 2781 2790 2794 2809 2850 2851 2882 2907 2910 2941 2952 2960 2978 2984 2998 3009 3010 3015 3022 3053 3066 3109 3119 3133 3143 3168 3184 3185 3195 3199 3200 3202 3226 3246 3249 3256 3277 3316 3324 3327 3335 3352 3380 3394 3428 3453 3461 3480 3497 3501 3521 3535 3550 3604 3617 3623 3630 3640 3645 3646 3648 3664 3690 3707 3743 3753 3754 3764 3799 3802 , 2 4 % 148 , 2
6 12 47 48 50 51 58 72 75 80 92 125 127 132 151 165 167 171 179 184 191 198 199 213 217 230 242 252 259 263 282 284 286 299 300 305 309 311 315 319 326 336 337 340 354 395 398 401 402 404 420 423 441 447 464 466 506 526 534 541 559 586 588 595 598 607 631 635 638 647 657 687 697 698 705 713 720 724 727 729 742 747 752 764 768 773 777 788 803 809 814 826 827 855 879 887 888 904 909 920 922 935 1008 1036 1047 1054 1063 1088 1091 1106 1107 1110 1111 1123 1127 1128 1185 1195 1206 1208 1219 1222 1230 1234 1247 1250 1251 1252 1268 1277 1281 1325 1353 1368 1383 1396 1440 1447 1448 1459 1465 1474 1534 1538 1559 1576 1599 1601 1619 1879 , 0 5 % 150 , 2
21 36 37 59 63 94 110 118 141 156 174 196 205 215 224 225 226 227 234 236 241 245 246 278 287 291 322 332 371 380 381 388 400 426 430 433 434 448 455 457 479 493 504 509 529 530 531 558 583 587 592 602 614 615 634 666 700 718 758 763 778 784 785 794 798 822 838 843 861 871 893 901 903 908 919 923 924 934 940 941 952 955 961 965 966 979 982 987 990 999 1014 1029 1039 1045 1065 1067 1078 1080 1081 1084 1097 1116 1119 1125 1132 1134 1150 1173 1174 1187 1201 1220 1228 1255 1260 1266 1290 1293 1305 1311 1340 1343 1344 1347 1356 1363 1384 1392 1399 1427 1445 1454 1457 1466 1470 1489 1492 1496 1500 1505 1517 1520 1537 1569 1577 1594 1596 1605 1606 1611 1617 3473 , 2 5 % 152 , 2
11 21 36 37 59 63 94 110 118 141 156 157 174 196 205 215 224 226 227 236 241 245 246 278 287 291 322 332 371 380 381 388 400 413 426 430 433 434 448 455 457 479 493 504 509 529 531 558 583 584 587 592 614 615 634 656 666 695 700 718 758 763 778 784 785 794 798 822 838 843 861 862 871 893 903 908 919 924 934 940 941 952 955 961 966 979 982 987 990 999 1014 1029 1039 1044 1045 1065 1067 1078 1080 1081 1084 1097 1116 1119 1125 1132 1134 1150 1171 1173 1174 1187 1220 1228 1255 1260 1266 1290 1305 1311 1312 1340 1343 1344 1347 1356 1363 1384 1392 1399 1427 1445 1454 1457 1466 1470 1489 1492 1496 1500 1505 1517 1520 1537 1569 1577 1594 1605 1606 1611 1617 3473 , 0 2 % 152 , 2
82 111 149 274 298 327 356 518 543 632 712 751 821 883 884 1086 1157 1168 1169 1179 1310 1321 1337 1372 1485 1563 1580 1608 1620 1636 1642 1674 1690 1725 1730 1751 1754 1759 1763 1778 1783 1805 1817 1837 1853 1866 1889 1908 1909 1914 1915 1922 1923 1929 1931 1932 1934 1945 1968 1972 1978 1985 1993 1994 2008 2016 2018 2032 2034 2092 2099 2116 2169 2178 2191 2196 2208 2211 2227 2257 2276 2281 2297 2298 2315 2323 2354 2395 2409 2413 2417 2421 2426 2437 2467 2489 2497 2503 2524 2528 2534 2549 2557 2564 2570 2572 2621 2683 2687 2688 2692 2699 2700 2707 2712 2717 2722 2731 2735 2782 2811 2823 2828 2920 2925 2956 2975 3008 3033 3036 3050 3079 3086 3091 3093 3140 3152 3156 3191 3223 3235 3241 3262 3267 3273 3283 3293 3313 3326 3377 3397 3426 3437 3450 3465 3498 3516 3596 3639 3657 3658 3685 3688 3691 3772 3783 3807 , 2 5 % 167 , 2
82 111 119 149 298 327 356 543 632 712 751 821 883 1011 1086 1157 1179 1310 1321 1337 1372 1481 1485 1563 1580 1608 1620 1633 1636 1642 1651 1674 1690 1700 1725 1730 1751 1754 1759 1763 1778 1783 1805 1817 1837 1849 1853 1866 1889 1908 1909 1914 1915 1917 1929 1931 1932 1934 1945 1968 1972 1978 1985 1993 1994 2008 2016 2018 2034 2092 2096 2099 2116 2169 2178 2191 2196 2208 2211 2227 2297 2298 2315 2323 2354 2395 2417 2421 2426 2437 2440 2467 2489 2497 2503 2524 2528 2534 2549 2557 2564 2570 2572 2585 2621 2681 2683 2688 2692 2699 2700 2707 2712 2717 2722 2731 2735 2782 2811 2920 2925 2956 2975 3008 3033 3036 3050 3079 3086 3091 3093 3097 3140 3152 3156 3191 3219 3223 3235 3241 3262 3267 3273 3283 3293 3313 3326 3377 3397 3425 3426 3429 3437 3450 3465 3466 3498 3510 3516 3576 3580 3596 3614 3639 3658 3679 3685 3688 3691 3772 3775 3779 3783 3807 , 0 2 % 174 , 2
3 33 46 98 101 112 148 188 206 276 293 313 392 393 412 459 473 514 523 537 542 547 553 568 575 620 650 651 668 683 684 723 745 767 776 792 802 811 823 836 858 866 873 928 953 973 993 1001 1057 1060 1062 1066 1071 1075 1102 1113 1149 1152 1156 1163 1166 1176 1182 1249 1263 1264 1267 1298 1299 1329 1335 1339 1359 1370 1371 1374 1388 1401 1402 1464 1497 1502 1509 1566 1578 1583 1597 1618 1631 1632 1639 1643 1649 1659 1665 1683 1722 1724 1749 1788 1806 1900 1912 1935 1940 1948 1960 1963 1977 2074 2089 2130 2148 2152 2173 2174 2176 2177 2179 2180 2358 2391 2424 2438 2439 2446 2465 2501 2519 2527 2536 2543 2568 2587 2619 2654 2669 2678 2708 2746 2747 2762 2764 2785 2902 2937 2955 3024 3047 3062 3063 3065 3068 3071 3074 3076 3082 3083 3099 3105 3106 3154 3161 3217 3266 3295 3372 3384 3399 3403 3423 3433 3434 3445 3448 3454 3469 3471 3476 3490 3609 3625 3650 3666 3678 3716 , 1 2 % 186 , 2
5 9 14 18 19 22 28 31 57 60 76 117 133 146 164 186 209 220 269 289 294 312 318 339 345 346 361 372 382 390 397 407 415 419 444 454 476 488 494 495 499 500 515 545 551 570 594 601 611 613 616 643 655 658 663 664 671 675 686 688 722 736 746 753 754 790 791 807 808 813 818 830 833 840 847 848 886 890 902 925 930 939 945 948 949 954 960 968 971 974 1004 1016 1023 1024 1025 1028 1030 1033 1052 1069 1087 1094 1099 1100 1115 1137 1170 1175 1189 1229 1246 1254 1257 1272 1273 1280 1282 1286 1294 1308 1326 1331 1342 1345 1346 1355 1360 1375 1381 1406 1416 1417 1432 1438 1444 1455 1458 1468 1477 1479 1483 1487 1488 1491 1493 1499 1508 1515 1523 1529 1530 1535 1539 1546 1548 1550 1558 1572 1584 1586 1654 1671 1749 1762 1891 1924 1964 2163 2197 2359 2642 2694 2719 2979 2985 3040 3396 3417 3427 3449 3472 3632 3643 3661 3671 3784 3798 , 0 1 % 187 , 2
