53 99 139 201 238 254 255 275 343 344 406 414 431 438 471 549 603 621 622 627 672 721 728 743 757 780 817 852 856 946 985 998 1093 1104 1140 1165 1200 1214 1218 1349 1376 1379 1418 1542 1560 1562 1585 1600 1602 1613 , 4 5 % 50 , 2
1770 1826 1831 1864 1883 1943 1951 1974 1999 2057 2118 2318 2331 2345 2383 2406 2410 2593 2672 2677 2750 2751 2817 2844 2863 2864 2888 2921 2926 2957 3012 3032 3148 3181 3182 3209 3245 3271 3290 3298 3301 3319 3322 3331 3371 3512 3641 3710 3758 3776 3801 , 2 6 % 51 , 2
124 389 576 663 701 767 932 988 1072 1163 1182 1254 1304 1316 1318 1328 1329 1374 1409 1422 1481 1540 1589 1659 1718 1750 1953 1977 2085 2102 2130 2214 2300 2619 2627 2663 2669 2732 2853 3013 3068 3125 3162 3289 3343 3399 3430 3466 3482 3538 3676 3742 , 5 6 % 52 , 2
477 522 857 1235 1249 1303 1461 1513 1773 1951 2052 2062 2108 2133 2147 2222 2253 2331 2345 2391 2410 2472 2618 2633 2637 2655 2677 2682 2696 2750 2817 2863 2902 2909 2917 2944 3104 3136 3148 3150 3186 3207 3322 3331 3413 3447 3456 3460 3475 3555 3717 3776 , 3 6 % 52 , 2
76 110 174 181 245 318 433 453 587 643 672 742 758 778 780 790 856 925 936 969 995 1023 1055 1112 1186 1200 1325 1342 1378 1381 1418 1438 1520 1724 1726 1856 1957 2111 2172 2378 2413 2603 2653 2717 2760 2763 2779 2976 3058 3292 3536 3556 3566 3806 , 3 6 % 54 , 2
50 80 100 132 143 230 237 240 259 263 300 317 326 330 337 340 347 370 385 398 401 423 489 506 507 526 635 657 680 687 717 720 724 747 752 826 827 1031 1046 1111 1126 1129 1139 1195 1230 1277 1281 1297 1361 1440 1448 1474 1576 1619 , 2 3 % 54 , 2
19 60 76 215 289 318 345 382 397 399 444 488 494 513 515 551 570 611 643 655 664 790 808 830 848 890 925 1023 1030 1033 1078 1100 1246 1273 1294 1342 1346 1375 1381 1406 1417 1432 1438 1468 1470 1491 1493 1499 1539 1558 1749 1762 3396 3527 , 1 3 % 54 , 2
2 15 99 190 194 201 238 254 255 270 325 343 406 410 414 431 450 467 490 539 627 654 669 672 709 721 743 757 817 852 868 946 985 1027 1040 1053 1140 1147 1165 1226 1288 1349 1350 1377 1379 1418 1453 1460 1522 1547 1562 1565 1567 1582 1600 1610 , 1 4 % 56 , 2
48 58 72 75 142 162 165 171 179 184 191 198 199 252 305 336 354 403 404 438 447 502 541 586 588 607 698 713 720 727 729 764 773 777 803 879 887 888 935 1008 1047 1054 1091 1107 1123 1185 1222 1252 1325 1353 1383 1459 1465 1534 1538 1559 , 2 5 % 56 , 2
48 58 72 75 165 171 179 184 191 198 199 252 305 336 344 354 404 447 541 586 588 607 698 713 720 727 729 764 773 777 803 879 887 888 935 1008 1047 1054 1091 1107 1123 1185 1222 1225 1252 1325 1353 1383 1433 1459 1465 1526 1534 1538 1559 1625 , 0 2 % 56 , 2
19 60 76 89 130 158 289 345 377 382 425 444 494 513 515 548 550 551 570 596 611 639 643 655 664 667 790 808 830 890 936 977 1023 1030 1033 1076 1100 1246 1256 1265 1273 1294 1342 1346 1375 1406 1417 1432 1468 1491 1493 1499 1539 1558 1762 2073 , 2 3 % 56 , 2
76 110 174 245 304 314 340 362 364 393 407 433 453 476 500 505 506 573 574 582 587 645 680 758 778 822 936 1001 1003 1023 1024 1089 1111 1242 1324 1326 1331 1340 1520 1563 1654 1787 1842 1862 1869 1926 1935 1976 2375 2477 2523 2576 2920 3284 3318 3386 3459 3543 3804 , 4 6 % 59 , 2
70 307 594 751 779 810 929 1148 1157 1509 1690 1775 1790 1808 1989 2012 2016 2036 2075 2082 2099 2106 2304 2319 2351 2363 2409 2429 2464 2560 2634 2639 2673 2679 2722 2796 2834 2874 2889 2967 3086 3097 3112 3177 3198 3211 3223 3293 3294 3377 3408 3527 3584 3620 3634 3675 3688 3705 3771 3807 , 4 6 % 60 , 2
273 292 298 518 751 821 895 1157 1160 1168 1485 1636 1690 1789 1836 1866 1909 2016 2026 2082 2099 2137 2139 2145 2156 2322 2409 2562 2572 2621 2639 2722 2736 2754 2776 2918 2932 3023 3086 3097 3102 3103 3140 3170 3223 3235 3267 3293 3377 3420 3421 3426 3467 3491 3504 3576 3688 3698 3744 3792 3807 , 2 6 % 61 , 2
16 48 58 62 65 72 75 88 128 142 171 175 184 197 213 252 284 305 310 436 502 532 533 586 588 605 608 623 682 691 698 710 713 727 729 764 765 777 789 803 887 888 894 913 935 994 1049 1051 1054 1106 1118 1164 1185 1192 1194 1199 1239 1252 1364 1459 1531 1552 1598 , 3 4 % 63 , 2
1697 1757 1773 1775 1787 1834 1874 1943 1995 2057 2113 2117 2164 2167 2219 2230 2258 2266 2289 2311 2383 2476 2584 2593 2594 2595 2610 2615 2672 2793 2813 2844 2857 2864 2889 2908 2926 2989 3012 3020 3045 3124 3167 3181 3182 3203 3245 3271 3282 3284 3301 3330 3370 3393 3505 3601 3641 3659 3668 3758 3767 3787 3808 , 0 3 % 63 , 2
3 101 537 547 553 575 650 683 723 767 792 858 1060 1113 1163 1264 1267 1299 1329 1370 1388 1481 1497 1519 1578 1589 1631 1659 1683 1788 1818 1898 1912 1925 1948 1977 2130 2174 2179 2187 2424 2439 2442 2446 2447 2527 2706 2785 2937 3076 3083 3099 3105 3106 3161 3399 3454 3471 3476 3477 3483 3490 3663 , 4 5 % 63 , 2
1697 1757 1773 1775 1787 1834 1874 1943 1995 2057 2113 2117 2164 2167 2219 2230 2258 2266 2289 2311 2334 2383 2476 2511 2584 2593 2594 2595 2615 2672 2793 2813 2857 2864 2889 2908 2926 2989 3012 3020 3045 3124 3167 3181 3182 3203 3245 3271 3282 3301 3330 3370 3393 3505 3601 3624 3641 3659 3668 3758 3767 3787 3808 , 3 5 % 63 , 2
120 921 1513 1640 1652 1770 1809 1820 1821 1826 1831 1864 1873 1951 1999 2028 2097 2128 2256 2318 2345 2366 2410 2472 2511 2514 2520 2602 2633 2644 2677 2682 2750 2799 2817 2838 2846 2863 2887 2921 2944 3057 3136 3148 3150 3172 3186 3207 3270 3322 3331 3347 3371 3413 3418 3447 3456 3512 3531 3534 3717 3726 3801 , 0 6 % 63 , 2
3 101 399 523 537 547 553 575 650 723 767 792 858 1060 1113 1163 1264 1267 1278 1299 1329 1370 1388 1497 1519 1578 1583 1589 1631 1659 1683 1788 1818 1898 1912 1925 1948 1977 2130 2174 2179 2187 2276 2424 2439 2442 2446 2447 2527 2706 2785 2937 3083 3099 3105 3106 3161 3454 3476 3477 3483 3663 3718 , 0 4 % 63 , 2
3 101 537 547 553 575 650 683 723 751 767 792 807 1028 1060 1113 1163 1267 1278 1299 1329 1370 1388 1481 1497 1519 1578 1583 1632 1659 1683 1722 1788 1818 1898 1912 1948 1977 2130 2174 2179 2187 2276 2439 2442 2447 2527 2706 2785 2937 3099 3105 3106 3152 3161 3273 3313 3454 3471 3476 3477 3483 3663 3718 , 3 4 % 64 , 2
1664 1682 1776 1807 1810 1835 1848 1918 1966 1992 2024 2038 2061 2093 2098 2104 2126 2212 2226 2256 2261 2263 2282 2310 2346 2353 2451 2453 2516 2555 2558 2590 2643 2724 2810 2830 2837 2849 2870 2891 2900 2948 2982 3002 3056 3092 3145 3172 3194 3232 3244 3314 3333 3338 3351 3364 3431 3562 3571 3579 3616 3622 3628 3762 , 2 4 % 64 , 2
1640 1660 1770 1821 1826 1831 1832 1864 1873 1943 1951 1974 1999 2028 2057 2062 2128 2256 2260 2318 2331 2345 2360 2383 2406 2410 2511 2514 2520 2602 2633 2644 2677 2682 2750 2780 2817 2820 2844 2863 2864 2888 2921 2944 3012 3057 3148 3150 3172 3179 3186 3270 3271 3301 3322 3331 3340 3347 3353 3413 3475 3512 3534 3767 , 1 6 % 64 , 2
3 101 152 537 547 553 575 650 683 723 767 792 1060 1113 1163 1182 1267 1278 1299 1315 1329 1370 1374 1387 1388 1497 1519 1578 1583 1632 1649 1659 1683 1722 1788 1806 1818 1898 1912 1948 1977 2130 2174 2176 2179 2439 2447 2527 2543 2706 2734 2785 2937 3099 3105 3106 3161 3379 3454 3471 3476 3477 3483 3663 , 2 3 % 64 , 2
11 17 23 50 74 80 100 115 123 143 187 212 219 240 263 300 317 326 330 337 347 348 359 370 385 489 506 507 526 554 636 657 673 687 711 717 724 747 752 826 827 1031 1032 1046 1068 1126 1129 1139 1155 1195 1277 1281 1297 1302 1361 1385 1440 1450 1474 1576 1588 1609 1619 3294 3486 , 1 3 % 65 , 2
5 15 99 111 271 356 445 539 663 767 791 923 1048 1127 1163 1182 1257 1329 1374 1481 1582 1600 1632 1642 1659 1671 1682 1745 1778 1822 1838 1968 1977 2027 2123 2130 2155 2170 2210 2227 2232 2333 2365 2397 2405 2467 2643 2660 2661 2868 2975 3009 3010 3162 3287 3343 3375 3482 3517 3521 3604 3615 3671 3683 3782 , 3 6 % 65 , 2
11 17 23 29 78 100 115 123 126 143 187 212 219 237 240 251 267 303 317 330 347 348 351 359 370 373 385 507 554 636 660 673 680 689 711 717 731 740 741 796 910 938 956 1031 1032 1046 1068 1092 1126 1129 1139 1155 1210 1270 1297 1302 1333 1361 1385 1450 1549 1588 1593 1609 2376 3294 3486 , 3 5 % 67 , 2
19 60 76 158 208 289 318 345 382 397 399 444 488 494 501 515 523 548 550 551 570 596 611 643 655 664 790 808 830 848 862 873 925 936 1023 1030 1033 1066 1076 1100 1156 1246 1256 1273 1294 1342 1346 1375 1381 1406 1417 1432 1438 1468 1491 1493 1499 1539 1558 1618 1749 1762 2073 2173 3065 3396 3445 3469 3527 , 3 5 % 69 , 2
17 23 29 74 78 100 115 123 126 143 187 212 219 237 239 240 251 267 303 330 347 348 351 359 370 373 385 489 507 554 636 660 673 680 689 711 717 731 740 741 796 910 938 956 1031 1032 1046 1068 1092 1126 1129 1139 1155 1201 1210 1270 1297 1302 1333 1361 1385 1450 1549 1588 1593 1596 1609 1623 2376 3486 , 0 3 % 70 , 2
120 921 1513 1640 1660 1770 1809 1820 1821 1826 1831 1864 1873 1951 1999 2028 2097 2108 2128 2147 2256 2318 2345 2366 2368 2410 2472 2514 2520 2602 2633 2644 2677 2682 2750 2799 2817 2838 2844 2846 2863 2921 2944 3057 3136 3148 3150 3172 3186 3190 3207 3270 3322 3331 3347 3353 3371 3413 3418 3447 3456 3460 3475 3512 3531 3534 3717 3726 3767 3801 , 5 6 % 70 , 2
1670 1684 1699 1737 1767 1782 1826 1828 1846 1855 1880 1897 1930 1961 1969 1970 1973 1996 2080 2084 2110 2121 2138 2160 2229 2316 2328 2329 2341 2463 2483 2484 2509 2544 2547 2565 2566 2582 2640 2662 2686 2748 2765 2787 2800 2832 2884 2885 2897 2906 2912 3039 3043 3130 3225 3236 3248 3250 3253 3368 3419 3514 3542 3545 3547 3581 3627 3633 3712 3760 3773 , 0 4 % 71 , 2
221 392 450 469 675 732 766 847 953 981 1102 1485 1514 1597 1636 1643 1690 1701 1729 1756 1823 1867 1894 1930 1940 2016 2024 2046 2075 2104 2105 2126 2144 2207 2226 2246 2346 2424 2452 2465 2536 2560 2679 2719 2764 2773 2992 2993 3082 3130 3140 3187 3194 3198 3211 3223 3235 3246 3267 3314 3426 3562 3576 3582 3594 3610 3616 3617 3628 3688 3751 3760 , 3 6 % 72 , 2
3 101 514 518 523 537 543 547 553 575 650 683 723 767 792 858 873 1060 1066 1113 1163 1264 1267 1299 1329 1370 1388 1481 1497 1578 1583 1631 1632 1659 1683 1722 1788 1912 1948 1977 2073 2116 2130 2174 2179 2187 2395 2424 2439 2442 2446 2527 2654 2692 2708 2782 2785 2937 3076 3083 3099 3105 3106 3152 3154 3161 3313 3399 3454 3469 3471 3476 3490 , 1 4 % 73 , 2
1456 1518 1688 1712 1713 1774 1790 1798 1808 1815 1847 1921 1951 1955 2012 2067 2100 2106 2129 2165 2188 2252 2327 2331 2343 2345 2371 2410 2515 2531 2567 2624 2638 2652 2664 2673 2677 2750 2769 2792 2796 2817 2836 2847 2855 2863 2874 2886 2983 3006 3017 3070 3112 3148 3177 3183 3215 3255 3264 3306 3322 3328 3331 3334 3361 3382 3567 3637 3705 3727 3745 3771 3776 , 2 3 % 73 , 2
7 26 32 66 70 79 86 108 136 155 161 211 228 235 244 258 260 279 297 302 304 342 362 367 374 394 403 418 427 440 472 503 517 524 540 556 573 579 585 590 599 625 630 646 659 676 760 779 854 860 980 989 1013 1017 1026 1095 1130 1142 1143 1181 1205 1207 1216 1224 1232 1236 1262 1279 1309 1382 1419 1443 1575 1579 , 0 5 % 74 , 2
19 60 76 158 208 289 318 345 377 382 397 425 444 488 494 501 515 530 548 551 570 596 611 639 643 655 664 790 808 830 848 873 890 925 936 965 1023 1030 1033 1066 1076 1100 1156 1246 1256 1273 1294 1342 1346 1375 1381 1406 1417 1432 1438 1468 1491 1493 1499 1509 1539 1558 1618 1749 1762 2073 2173 3065 3076 3396 3399 3445 3469 3490 , 0 3 % 74 , 2
