1670 1684 1699 1737 1767 1782 1801 1826 1828 1846 1855 1880 1897 1930 1961 1969 1970 1973 1996 2080 2084 2110 2121 2138 2160 2217 2229 2316 2328 2329 2341 2463 2483 2484 2509 2544 2547 2565 2566 2582 2640 2662 2748 2765 2787 2800 2832 2884 2885 2897 2906 2912 3039 3043 3123 3130 3187 3225 3236 3248 3250 3253 3368 3369 3419 3514 3542 3545 3547 3581 3627 3633 3712 3760 3773 , 4 5 % 75 , 2
1456 1518 1688 1694 1713 1784 1790 1798 1808 1815 1847 1888 1951 1955 2062 2071 2100 2106 2159 2165 2252 2331 2345 2371 2410 2515 2531 2567 2597 2633 2638 2664 2673 2677 2682 2701 2750 2769 2817 2836 2845 2847 2861 2863 2886 2922 2944 2983 2994 3006 3148 3150 3155 3177 3183 3186 3193 3215 3247 3255 3264 3276 3306 3322 3328 3331 3382 3413 3475 3567 3637 3705 3727 3745 3771 , 1 3 % 75 , 2
2 15 42 52 67 129 166 190 192 194 202 216 222 254 255 270 325 329 363 369 410 450 467 490 539 591 604 654 678 708 709 734 737 743 744 750 828 829 839 880 906 931 963 983 992 1027 1040 1042 1053 1090 1120 1146 1147 1259 1288 1314 1350 1377 1418 1453 1460 1514 1522 1525 1547 1553 1564 1565 1567 1582 1590 1610 1612 1614 2538 , 2 4 % 75 , 2
37 59 60 76 94 110 118 130 156 158 174 196 208 215 245 278 301 322 380 381 388 426 433 444 453 488 494 501 509 530 550 583 587 611 615 618 639 655 758 778 808 830 862 924 936 940 965 977 999 1023 1029 1039 1078 1081 1097 1132 1134 1150 1173 1220 1256 1265 1290 1294 1311 1344 1347 1417 1445 1466 1470 1500 1520 1577 1606 1617 , 3 4 % 76 , 2
1680 1710 1715 1723 1752 1768 1796 1875 1883 2064 2077 2125 2205 2260 2288 2305 2320 2364 2379 2384 2412 2429 2499 2502 2504 2507 2517 2525 2563 2571 2583 2610 2620 2629 2635 2648 2649 2795 2896 2913 2940 2942 2957 3001 3005 3027 3037 3128 3179 3201 3240 3261 3280 3285 3297 3311 3336 3345 3359 3539 3559 3569 3587 3629 3631 3649 3654 3655 3669 3680 3697 3699 3700 3735 3739 3759 3796 , 0 5 % 77 , 2
3 101 320 478 528 537 547 553 575 650 683 723 767 792 891 1011 1060 1113 1163 1182 1267 1299 1329 1370 1374 1388 1414 1481 1497 1516 1578 1583 1632 1649 1659 1683 1722 1753 1788 1806 1817 1912 1917 1948 1977 2130 2174 2176 2179 2187 2433 2439 2442 2449 2489 2503 2527 2543 2585 2785 2805 2937 2951 3086 3097 3099 3105 3106 3152 3161 3162 3313 3343 3454 3471 3476 3482 3495 , 1 3 % 78 , 2
1748 1758 1771 1839 1851 1861 1864 1906 1947 2005 2009 2047 2059 2081 2114 2135 2140 2195 2203 2206 2287 2302 2335 2377 2404 2435 2460 2487 2545 2554 2591 2613 2614 2728 2740 2761 2791 2797 2860 2921 2923 2933 2946 2962 2964 2969 2981 3028 3159 3216 3234 3251 3265 3275 3300 3303 3304 3325 3355 3415 3499 3507 3525 3529 3548 3551 3565 3589 3619 3626 3642 3689 3707 3721 3733 3738 3755 3777 , 3 4 % 78 , 2
149 274 308 327 543 712 1086 1179 1321 1337 1485 1580 1636 1651 1674 1690 1751 1759 1763 1805 1908 1915 1929 1931 1932 1934 1945 1972 1978 1985 1993 1994 2016 2092 2096 2116 2191 2196 2208 2298 2323 2395 2417 2437 2497 2528 2534 2681 2683 2692 2699 2700 2707 2735 2782 2811 2925 2956 3036 3079 3091 3093 3140 3223 3235 3267 3283 3397 3411 3426 3429 3437 3498 3510 3576 3658 3688 3691 3783 , 2 3 % 79 , 2
1719 1757 1764 1773 1775 1793 1881 1890 1966 2020 2045 2062 2066 2070 2090 2095 2107 2117 2133 2167 2217 2230 2267 2282 2310 2311 2330 2367 2389 2416 2453 2533 2555 2586 2589 2592 2594 2599 2610 2615 2772 2784 2793 2822 2835 2866 2869 2895 2898 2929 2972 2988 2997 3034 3056 3145 3232 3281 3282 3317 3319 3337 3338 3416 3481 3505 3532 3565 3591 3600 3616 3667 3703 3728 3734 3774 3785 3787 3808 , 0 2 % 79 , 2
1 21 36 49 141 182 189 205 226 236 241 246 267 338 365 430 448 455 457 493 504 505 531 546 552 569 584 592 614 624 634 666 674 692 763 784 793 794 798 851 864 893 908 934 941 952 961 987 990 1041 1044 1045 1065 1067 1125 1242 1255 1293 1295 1312 1340 1343 1356 1392 1393 1399 1427 1430 1454 1457 1496 1505 1512 1517 1569 1594 1616 1669 3473 , 2 3 % 79 , 2
3 101 318 382 397 399 514 523 537 547 553 575 650 683 723 767 792 848 858 873 925 1060 1066 1113 1163 1264 1267 1278 1299 1329 1370 1388 1497 1519 1578 1583 1589 1631 1632 1659 1683 1722 1788 1818 1898 1912 1925 1939 1948 1977 2130 2174 2179 2424 2439 2446 2447 2527 2654 2665 2706 2708 2785 2937 3076 3083 3099 3105 3106 3154 3161 3399 3454 3469 3471 3476 3477 3483 3490 3663 , 2 4 % 80 , 2
1719 1757 1764 1773 1775 1793 1881 1890 1966 2020 2045 2062 2066 2070 2090 2095 2104 2107 2117 2133 2167 2230 2267 2294 2310 2311 2330 2334 2367 2389 2416 2453 2533 2555 2586 2589 2592 2594 2599 2615 2686 2772 2784 2793 2822 2835 2866 2869 2891 2895 2898 2929 2972 2988 2997 3034 3056 3145 3232 3269 3281 3282 3317 3337 3338 3416 3481 3505 3532 3565 3591 3600 3616 3667 3703 3728 3734 3774 3785 3787 3808 , 2 5 % 81 , 2
69 149 274 308 327 712 842 926 1086 1179 1321 1337 1352 1485 1580 1589 1636 1674 1690 1751 1763 1805 1908 1915 1925 1926 1929 1931 1932 1934 1939 1945 1972 1993 1994 2016 2055 2092 2096 2191 2196 2208 2225 2298 2323 2356 2395 2417 2437 2497 2528 2534 2636 2665 2683 2699 2700 2735 2811 2919 2925 2931 2956 3079 3093 3140 3223 3235 3267 3283 3302 3426 3429 3436 3437 3498 3510 3572 3658 3688 3691 3783 , 1 3 % 82 , 2
6 12 47 48 72 75 132 165 167 171 179 184 191 199 217 230 252 259 282 284 305 319 336 340 344 354 398 401 404 423 441 447 464 541 586 588 598 607 635 697 698 713 720 727 729 742 768 773 777 803 809 879 887 888 935 1008 1036 1047 1054 1088 1091 1107 1110 1111 1123 1127 1206 1222 1230 1252 1325 1353 1383 1447 1448 1459 1465 1526 1534 1538 1559 1576 1625 , 0 1 % 83 , 2
1434 1581 1603 1652 1655 1660 1673 1695 1720 1809 1812 1858 1871 1919 1965 1967 1980 1986 2007 2060 2150 2255 2265 2278 2290 2299 2312 2326 2336 2351 2363 2368 2380 2385 2419 2448 2464 2514 2532 2537 2539 2559 2569 2598 2617 2634 2711 2771 2783 2788 2827 2841 2852 2858 2887 2890 2916 2918 2953 2967 2996 3011 3021 3049 3069 3160 3165 3190 3308 3310 3464 3492 3513 3549 3606 3620 3675 3701 3707 3708 3720 3726 3768 , 2 3 % 83 , 2
1 21 36 49 93 141 144 176 182 189 210 226 236 241 246 267 430 448 453 455 457 493 504 505 531 546 562 592 614 617 634 640 666 674 681 706 714 748 763 784 794 864 893 900 914 918 934 941 952 990 1035 1041 1045 1065 1067 1074 1079 1125 1136 1144 1242 1284 1293 1340 1343 1356 1392 1393 1399 1403 1424 1457 1475 1496 1505 1517 1524 1569 1594 1669 2238 3147 3473 3487 3575 , 1 3 % 85 , 2
298 751 821 997 1157 1168 1243 1485 1498 1501 1636 1657 1690 1728 1802 1836 1865 1866 1877 1909 1958 2016 2026 2069 2099 2132 2156 2209 2237 2244 2284 2339 2407 2409 2411 2434 2441 2474 2482 2572 2621 2622 2623 2639 2659 2722 2736 2850 2881 2907 2998 2999 3023 3088 3090 3094 3096 3103 3116 3140 3141 3143 3174 3176 3178 3192 3218 3223 3235 3252 3267 3327 3377 3387 3426 3444 3467 3504 3515 3546 3688 3698 3719 3725 3743 3750 3807 , 1 6 % 87 , 2
1656 1670 1678 1681 1684 1699 1703 1709 1767 1797 1801 1823 1826 1828 1829 1846 1855 1880 1904 1930 1961 1969 1970 1973 1988 1996 2050 2076 2080 2084 2086 2110 2121 2138 2158 2160 2229 2275 2328 2341 2344 2466 2483 2495 2496 2541 2547 2566 2582 2662 2748 2765 2800 2832 2884 2897 2906 2928 2973 2977 2992 3029 3039 3075 3081 3123 3130 3187 3225 3236 3253 3323 3368 3369 3514 3530 3541 3542 3581 3627 3687 3712 3751 3760 3769 3773 3803 3805 , 1 4 % 88 , 2
122 358 775 877 947 1341 1359 1400 1581 1658 1737 1755 1758 1839 1851 1871 1919 1959 1965 1983 2005 2040 2060 2140 2152 2195 2206 2248 2265 2285 2297 2330 2387 2390 2419 2509 2559 2578 2591 2606 2614 2723 2728 2761 2771 2783 2784 2791 2797 2810 2890 2923 2933 2961 2962 2969 2986 3018 3034 3069 3122 3145 3164 3205 3248 3251 3304 3310 3373 3383 3415 3419 3455 3551 3565 3589 3614 3631 3633 3708 3712 3721 3733 3737 3740 3746 3755 3779 , 3 6 % 88 , 2
6 12 47 48 72 75 132 142 162 165 167 171 179 184 191 199 217 230 252 259 282 284 305 319 336 340 354 398 401 403 404 423 438 441 447 464 465 502 541 586 588 598 607 635 697 698 713 720 727 729 742 768 773 777 803 809 879 887 888 935 1008 1036 1047 1054 1088 1091 1107 1110 1111 1123 1127 1164 1192 1206 1222 1230 1252 1262 1325 1353 1383 1447 1448 1459 1465 1534 1538 1559 1576 , 1 5 % 89 , 2
69 82 111 356 632 712 751 884 1086 1157 1196 1321 1337 1372 1620 1642 1690 1725 1730 1754 1763 1778 1805 1853 1889 1914 1915 1922 1923 1929 1931 1934 1968 1994 2016 2034 2055 2068 2099 2178 2191 2225 2227 2257 2276 2315 2356 2386 2409 2421 2426 2437 2479 2528 2557 2570 2596 2639 2685 2712 2722 2735 2756 2828 2843 2868 2925 2931 3033 3095 3156 3191 3223 3241 3326 3377 3379 3436 3450 3465 3516 3572 3596 3639 3658 3685 3688 3783 3807 , 1 4 % 89 , 2
82 111 356 632 712 751 1011 1086 1157 1321 1337 1372 1620 1642 1651 1690 1725 1730 1754 1759 1763 1778 1805 1817 1853 1889 1914 1915 1917 1929 1931 1934 1968 1978 1985 1994 2016 2034 2036 2099 2169 2178 2191 2221 2227 2315 2356 2402 2421 2426 2437 2489 2503 2528 2557 2570 2679 2712 2720 2722 2735 2777 2868 2892 2925 2931 3033 3036 3086 3091 3097 3156 3191 3223 3241 3293 3326 3377 3397 3436 3450 3465 3516 3596 3639 3658 3685 3688 3711 3783 3807 , 0 4 % 91 , 2
82 111 356 632 712 751 884 1086 1157 1321 1337 1372 1620 1642 1690 1725 1730 1754 1759 1763 1778 1805 1817 1853 1889 1914 1915 1922 1923 1929 1931 1934 1968 1978 1985 1994 2016 2034 2036 2099 2169 2178 2191 2227 2257 2276 2315 2356 2402 2409 2421 2426 2437 2489 2503 2528 2557 2570 2679 2712 2722 2735 2777 2828 2868 2925 2931 3033 3036 3086 3091 3156 3191 3223 3241 3293 3326 3377 3397 3436 3450 3465 3516 3596 3639 3658 3685 3688 3711 3783 3807 , 4 5 % 91 , 2
5 9 20 22 56 60 76 133 157 158 159 183 186 208 346 361 364 407 415 419 439 444 445 488 494 495 499 500 501 528 550 578 611 616 655 663 671 688 722 754 791 808 813 830 862 867 886 902 905 930 936 945 954 960 1023 1024 1025 1048 1069 1089 1094 1099 1115 1121 1137 1170 1171 1175 1256 1257 1282 1294 1308 1326 1331 1394 1417 1455 1477 1483 1487 1523 1546 1548 1654 1671 2694 2979 2985 3671 3798 , 4 5 % 91 , 2
13 21 34 36 71 93 141 144 168 176 178 205 210 226 236 241 246 430 448 455 456 457 493 504 531 562 584 592 614 617 634 640 666 681 706 714 763 784 787 794 798 831 893 908 914 918 934 941 952 961 987 990 1035 1037 1044 1045 1050 1065 1067 1074 1077 1079 1125 1144 1198 1255 1284 1312 1340 1343 1356 1389 1392 1399 1403 1424 1427 1454 1457 1496 1505 1511 1517 1524 1569 1594 1627 2079 2238 3147 3473 3575 , 0 3 % 92 , 2
69 712 1018 1086 1321 1337 1607 1634 1641 1651 1690 1692 1706 1759 1763 1791 1805 1854 1915 1929 1931 1934 1978 1985 1994 2013 2016 2037 2049 2055 2075 2131 2134 2161 2162 2191 2221 2225 2242 2262 2308 2356 2381 2432 2437 2459 2508 2526 2528 2560 2600 2608 2670 2679 2720 2735 2737 2777 2801 2877 2879 2883 2892 2925 2931 2950 2958 3036 3091 3198 3204 3211 3212 3223 3238 3305 3339 3397 3436 3550 3572 3583 3605 3656 3658 3673 3688 3695 3752 3783 3797 3800 , 3 4 % 92 , 2
5 9 20 22 60 76 133 158 159 183 186 208 234 346 361 364 407 415 419 439 444 445 476 488 494 495 499 500 501 528 530 578 611 616 639 655 663 671 688 722 754 791 808 813 830 867 886 891 902 930 936 945 954 960 965 968 1023 1024 1025 1048 1069 1094 1099 1115 1121 1137 1170 1175 1256 1257 1282 1294 1308 1326 1331 1394 1414 1417 1455 1458 1477 1483 1487 1523 1546 1548 1654 1671 2694 2979 2985 3495 3671 3798 , 0 4 % 94 , 2
24 63 87 121 140 147 160 169 195 225 229 231 243 250 261 271 285 287 290 291 332 341 350 353 368 371 383 384 400 434 479 484 487 529 558 560 602 609 718 785 797 832 838 843 861 871 872 901 903 911 919 923 933 955 959 964 966 979 982 1006 1012 1014 1043 1080 1083 1084 1109 1116 1119 1151 1174 1187 1228 1260 1266 1274 1305 1323 1332 1338 1363 1384 1408 1437 1463 1473 1489 1492 1504 1537 1605 1611 1621 1626 , 4 5 % 94 , 2
13 21 34 36 71 93 141 144 168 176 178 205 209 210 226 236 241 246 390 430 448 453 455 456 457 493 504 531 562 592 614 617 634 640 658 666 681 706 714 763 784 787 794 798 831 893 900 908 914 918 934 941 952 961 987 990 1035 1037 1045 1050 1065 1067 1074 1077 1079 1125 1144 1198 1255 1284 1293 1340 1343 1356 1389 1392 1399 1403 1424 1427 1454 1457 1496 1505 1511 1517 1524 1569 1594 1627 2079 2238 3147 3473 3575 3661 , 3 5 % 96 , 2
24 63 87 114 121 140 147 160 169 195 229 231 243 250 261 271 285 287 290 291 332 341 350 353 368 371 383 400 413 434 479 484 487 529 558 560 561 609 656 695 718 785 797 832 838 843 861 871 872 903 911 919 933 951 955 959 964 966 979 982 1006 1012 1014 1043 1055 1080 1083 1084 1109 1116 1119 1174 1187 1228 1260 1266 1274 1305 1332 1338 1358 1363 1378 1384 1408 1425 1437 1463 1473 1489 1492 1504 1537 1605 1611 1621 1626 , 0 4 % 97 , 2
5 9 22 30 56 60 76 133 152 157 186 215 314 316 346 361 378 405 407 415 419 444 476 488 494 495 499 500 574 611 616 633 655 663 671 688 722 754 791 808 813 830 846 886 902 905 930 945 954 960 968 972 1019 1023 1024 1025 1069 1078 1089 1094 1099 1115 1137 1170 1171 1175 1257 1282 1294 1308 1315 1326 1331 1387 1417 1421 1427 1455 1458 1470 1477 1483 1487 1523 1546 1548 1654 1671 1916 2694 2734 2979 2985 3180 3561 3671 3770 3798 , 1 4 % 98 , 2
3 30 101 152 316 320 405 476 478 537 547 553 575 650 663 683 723 767 792 846 891 968 1011 1019 1060 1113 1163 1182 1196 1267 1299 1315 1329 1370 1374 1387 1388 1414 1421 1458 1481 1497 1516 1519 1578 1649 1659 1683 1753 1788 1806 1818 1898 1912 1917 1948 1977 2068 2130 2174 2176 2179 2187 2433 2439 2442 2447 2449 2479 2503 2527 2543 2585 2639 2685 2706 2734 2785 2805 2843 2937 2951 3095 3097 3099 3105 3106 3161 3162 3343 3379 3454 3471 3476 3477 3482 3483 3495 3663 , 3 5 % 99 , 2
3 30 101 152 316 320 405 478 537 547 553 575 650 723 767 792 846 884 891 905 1019 1060 1089 1113 1163 1182 1196 1267 1278 1299 1315 1329 1370 1374 1387 1388 1421 1497 1516 1519 1578 1583 1649 1659 1683 1753 1788 1806 1818 1898 1912 1922 1923 1948 1977 2068 2130 2174 2176 2179 2187 2257 2276 2409 2433 2439 2442 2447 2449 2479 2527 2543 2639 2685 2706 2734 2785 2805 2823 2828 2843 2937 2951 3095 3099 3105 3106 3161 3162 3343 3379 3454 3476 3477 3482 3483 3657 3663 3718 , 0 3 % 99 , 2
298 480 518 568 745 751 821 993 997 1135 1157 1168 1485 1501 1636 1643 1646 1690 1728 1802 1865 1866 1877 1909 1913 1937 1940 2003 2016 2017 2036 2099 2132 2193 2237 2244 2284 2317 2407 2409 2411 2418 2465 2500 2548 2552 2572 2621 2622 2623 2676 2678 2679 2680 2703 2722 2766 2812 2815 2831 2850 2907 2927 2998 3014 3019 3082 3086 3116 3140 3149 3178 3185 3192 3218 3220 3223 3235 3267 3293 3327 3344 3377 3389 3426 3515 3560 3650 3678 3688 3719 3725 3729 3743 3749 3750 3757 3765 3802 3807 , 5 6 % 100 , 2
298 480 568 745 751 821 993 997 1135 1157 1330 1485 1501 1636 1643 1646 1690 1728 1731 1802 1865 1866 1877 1909 1913 1937 1940 2003 2016 2017 2036 2099 2132 2193 2237 2244 2284 2317 2411 2418 2465 2500 2548 2552 2572 2621 2622 2623 2676 2678 2679 2680 2703 2722 2766 2812 2815 2831 2850 2907 2927 2998 3014 3019 3082 3086 3090 3094 3097 3116 3140 3149 3178 3185 3192 3218 3220 3223 3235 3267 3293 3327 3344 3377 3389 3426 3515 3560 3576 3650 3678 3688 3719 3725 3729 3743 3749 3750 3757 3802 3807 , 0 6 % 101 , 2
149 274 327 514 543 712 776 842 926 1086 1179 1298 1321 1337 1371 1485 1580 1636 1639 1643 1674 1690 1751 1759 1763 1805 1900 1908 1915 1926 1929 1931 1932 1934 1939 1940 1945 1960 1972 1978 1985 1993 1994 2016 2029 2092 2116 2180 2191 2196 2208 2298 2323 2356 2395 2417 2437 2465 2497 2528 2534 2587 2636 2654 2665 2679 2683 2692 2699 2700 2707 2708 2735 2777 2782 2790 2811 2919 2925 2931 2956 3024 3036 3079 3082 3091 3093 3140 3154 3223 3235 3267 3283 3295 3302 3384 3397 3426 3436 3437 3498 3658 3688 3691 3783 , 3 5 % 105 , 2
1434 1568 1587 1603 1652 1655 1673 1695 1720 1789 1795 1809 1812 1849 1858 1871 1919 1928 1965 1967 1980 2009 2056 2060 2137 2145 2150 2250 2254 2255 2265 2271 2278 2285 2290 2299 2326 2336 2351 2363 2368 2380 2385 2387 2390 2394 2403 2419 2422 2448 2464 2537 2539 2550 2559 2606 2611 2617 2634 2695 2739 2759 2771 2783 2803 2827 2841 2858 2887 2890 2918 2953 2967 2996 3011 3018 3049 3069 3160 3164 3165 3190 3210 3308 3310 3383 3464 3492 3522 3576 3585 3606 3620 3675 3679 3701 3707 3720 3726 3733 3740 3755 3756 3768 3779 , 1 3 % 105 , 2
