149 274 327 543 712 1086 1179 1321 1337 1485 1580 1636 1674 1690 1751 1759 1763 1805 1908 1915 1929 1931 1932 1934 1945 1972 1978 1985 1993 1994 2016 2092 2116 2191 2196 2208 2298 2323 2395 2417 2437 2497 2528 2534 2683 2692 2699 2700 2707 2735 2782 2811 2925 2956 3036 3079 3091 3093 3140 3223 3235 3267 3283 3397 3426 3437 3498 3658 3688 3691 3783 , 2 3 5 % 71 , 3
149 274 327 712 842 926 1086 1179 1321 1337 1485 1580 1636 1674 1690 1751 1763 1805 1908 1915 1926 1929 1931 1932 1934 1939 1945 1972 1993 1994 2016 2092 2191 2196 2208 2298 2323 2356 2395 2417 2437 2497 2528 2534 2636 2665 2683 2699 2700 2735 2811 2919 2925 2931 2956 3079 3093 3140 3223 3235 3267 3283 3302 3426 3436 3437 3498 3658 3688 3691 3783 , 1 3 5 % 71 , 3
5 9 22 56 60 76 133 157 186 346 361 407 415 419 444 488 494 495 499 500 611 616 655 663 671 688 722 754 791 808 813 830 886 902 905 930 945 954 960 1023 1024 1025 1069 1089 1094 1099 1115 1137 1170 1171 1175 1257 1282 1294 1308 1326 1331 1417 1455 1477 1483 1487 1523 1546 1548 1654 1671 2694 2979 2985 3671 3798 , 1 4 5 % 72 , 3
1719 1757 1764 1773 1775 1793 1881 1890 1966 2045 2066 2070 2090 2095 2104 2107 2117 2133 2167 2230 2267 2294 2310 2311 2330 2334 2367 2389 2416 2453 2533 2555 2586 2589 2592 2599 2615 2686 2772 2784 2793 2835 2866 2869 2891 2898 2929 2972 2988 3034 3056 3145 3232 3269 3281 3282 3317 3337 3338 3416 3481 3505 3532 3565 3591 3616 3667 3703 3728 3734 3774 3785 , 1 2 5 % 72 , 3
149 327 712 842 926 1086 1179 1321 1337 1485 1580 1636 1674 1690 1751 1763 1805 1908 1915 1926 1929 1931 1932 1934 1939 1945 1972 1993 1994 2016 2092 2096 2191 2196 2208 2298 2323 2356 2395 2417 2437 2497 2528 2534 2636 2665 2683 2699 2700 2735 2811 2919 2925 2931 2956 3079 3093 3140 3223 3235 3267 3283 3302 3426 3429 3436 3437 3498 3510 3658 3688 3691 3783 , 0 1 3 % 73 , 3
82 111 356 632 712 751 884 1086 1157 1321 1337 1372 1620 1642 1690 1725 1730 1754 1763 1778 1805 1853 1889 1914 1915 1922 1923 1929 1931 1934 1968 1994 2016 2034 2099 2178 2191 2227 2257 2276 2315 2356 2409 2421 2426 2437 2528 2557 2570 2712 2722 2735 2828 2868 2925 2931 3033 3156 3191 3223 3241 3326 3377 3436 3450 3465 3516 3596 3639 3658 3685 3688 3783 3807 , 1 4 5 % 74 , 3
1719 1757 1764 1773 1775 1793 1881 1890 1966 2020 2045 2062 2066 2070 2090 2095 2107 2117 2133 2167 2230 2267 2310 2311 2330 2367 2389 2416 2453 2533 2555 2586 2589 2592 2594 2599 2615 2772 2784 2793 2822 2835 2866 2869 2895 2898 2929 2972 2988 2997 3034 3056 3145 3232 3281 3282 3317 3337 3338 3416 3481 3505 3532 3565 3591 3600 3616 3667 3703 3728 3734 3774 3785 3787 3808 , 0 2 5 % 75 , 3
149 327 543 712 1086 1179 1321 1337 1485 1580 1636 1651 1674 1690 1751 1759 1763 1805 1908 1915 1929 1931 1932 1934 1945 1972 1978 1985 1993 1994 2016 2092 2096 2116 2191 2196 2208 2298 2323 2395 2417 2437 2497 2528 2534 2681 2683 2692 2699 2700 2707 2735 2782 2811 2925 2956 3036 3079 3091 3093 3140 3223 3235 3267 3283 3397 3426 3429 3437 3498 3510 3576 3658 3688 3691 3783 , 0 2 3 % 76 , 3
5 9 22 56 60 76 133 158 186 346 361 364 407 415 419 444 445 494 495 499 500 528 550 611 616 655 663 671 688 722 754 791 808 813 830 886 902 905 930 936 945 954 960 1023 1024 1025 1069 1089 1094 1099 1115 1121 1137 1170 1175 1256 1257 1282 1294 1326 1331 1417 1455 1477 1483 1487 1523 1546 1548 1654 1671 2694 2979 2985 3671 3798 , 2 4 5 % 76 , 3
915 1648 1701 1729 1735 1744 1777 1786 1804 1841 1868 1901 1902 1910 1944 1997 2046 2053 2105 2144 2149 2236 2239 2241 2245 2246 2295 2307 2392 2443 2452 2493 2506 2522 2530 2542 2553 2579 2631 2632 2729 2773 2775 2794 2809 2882 2941 2978 2984 3022 3066 3109 3133 3143 3168 3184 3199 3200 3202 3226 3246 3256 3316 3324 3335 3428 3461 3501 3550 3617 3623 3640 3645 3690 3707 3754 3764 3799 , 2 4 5 % 78 , 3
1656 1670 1678 1681 1684 1699 1703 1709 1797 1801 1823 1826 1828 1829 1855 1880 1904 1930 1961 1970 1988 1996 2050 2076 2080 2084 2086 2110 2121 2138 2158 2160 2229 2275 2328 2341 2344 2466 2495 2496 2541 2547 2566 2582 2662 2748 2765 2800 2832 2897 2906 2928 2973 2977 2992 3029 3039 3075 3081 3123 3130 3187 3225 3236 3253 3323 3368 3369 3514 3530 3541 3542 3627 3687 3751 3769 3773 3803 3805 , 1 2 4 % 79 , 3
5 9 22 60 76 133 158 186 346 361 364 407 415 419 444 445 476 494 495 499 500 528 611 616 639 655 663 671 688 722 754 791 808 813 830 886 891 902 930 936 945 954 960 968 1023 1024 1025 1069 1094 1099 1115 1121 1137 1170 1175 1256 1257 1282 1294 1326 1331 1414 1417 1455 1458 1477 1483 1487 1523 1546 1548 1654 1671 2694 2979 2985 3495 3671 3798 , 0 2 4 % 79 , 3
82 111 356 632 712 751 1011 1086 1157 1321 1337 1372 1620 1642 1651 1690 1725 1730 1754 1759 1763 1778 1805 1817 1853 1889 1914 1915 1917 1929 1931 1934 1968 1978 1985 1994 2016 2034 2099 2169 2178 2191 2227 2315 2421 2426 2437 2489 2503 2528 2557 2570 2712 2722 2735 2925 3033 3036 3086 3091 3097 3156 3191 3223 3241 3293 3326 3377 3397 3450 3465 3516 3596 3639 3658 3685 3688 3783 3807 , 0 2 4 % 79 , 3
915 1648 1701 1729 1735 1744 1777 1786 1804 1841 1901 1902 1910 1944 1997 2029 2046 2053 2054 2105 2144 2149 2236 2239 2241 2245 2246 2307 2355 2443 2452 2493 2506 2522 2530 2542 2579 2631 2632 2729 2773 2775 2794 2809 2882 2941 2978 2984 3022 3066 3109 3119 3133 3143 3168 3184 3199 3200 3202 3226 3246 3249 3256 3316 3324 3335 3428 3461 3501 3550 3617 3623 3640 3645 3646 3690 3707 3754 3764 3799 , 0 2 4 % 80 , 3
6 12 47 48 72 75 132 165 167 171 179 184 191 199 217 230 252 259 282 284 305 319 336 340 354 398 401 404 423 441 447 464 541 586 588 598 607 635 697 698 713 720 727 729 742 768 773 777 803 809 879 887 888 935 1008 1036 1047 1054 1088 1091 1107 1110 1111 1123 1127 1206 1222 1230 1252 1325 1353 1383 1447 1448 1459 1465 1534 1538 1559 1576 , 0 1 5 % 80 , 3
82 111 356 632 712 751 884 1086 1157 1196 1321 1337 1372 1620 1642 1690 1725 1730 1754 1763 1778 1805 1853 1889 1914 1915 1922 1923 1929 1931 1934 1968 1994 2016 2034 2068 2099 2178 2191 2227 2257 2276 2315 2386 2409 2421 2426 2437 2479 2528 2557 2570 2596 2639 2685 2712 2722 2735 2756 2828 2843 2925 3033 3095 3156 3191 3223 3241 3326 3377 3450 3465 3516 3596 3639 3658 3685 3688 3783 3807 , 1 2 4 % 80 , 3
82 111 356 632 712 751 884 1086 1157 1321 1337 1372 1620 1642 1690 1725 1730 1754 1759 1763 1778 1805 1817 1853 1889 1914 1915 1922 1923 1929 1931 1934 1968 1978 1985 1994 2016 2034 2099 2169 2178 2191 2227 2257 2276 2315 2409 2421 2426 2437 2489 2503 2528 2557 2570 2712 2722 2735 2828 2925 3033 3036 3086 3091 3156 3191 3223 3241 3293 3326 3377 3397 3450 3465 3516 3596 3639 3658 3685 3688 3783 3807 , 2 4 5 % 82 , 3
915 1648 1701 1729 1733 1735 1744 1777 1786 1804 1841 1843 1894 1901 1902 1910 1944 1997 2029 2046 2053 2054 2105 2144 2149 2207 2236 2241 2245 2246 2296 2307 2355 2400 2443 2452 2470 2493 2506 2522 2530 2542 2579 2631 2729 2773 2775 2794 2818 2882 2941 2978 2984 3022 3109 3133 3168 3184 3199 3200 3202 3226 3246 3249 3256 3298 3316 3324 3335 3388 3428 3461 3501 3617 3623 3640 3645 3677 3690 3707 3754 3764 3799 , 0 1 4 % 83 , 3
1018 1634 1641 1648 1740 1786 1841 1868 1871 1876 1878 1893 1910 1919 1936 1944 1965 1997 2053 2060 2151 2240 2242 2245 2262 2265 2277 2307 2308 2324 2347 2398 2419 2488 2542 2553 2559 2574 2608 2631 2689 2713 2729 2771 2777 2783 2790 2816 2879 2880 2882 2883 2890 2899 2947 2952 2984 3015 3064 3069 3084 3124 3133 3168 3221 3258 3310 3316 3335 3380 3428 3438 3440 3443 3461 3501 3583 3597 3715 3741 3753 3761 3794 , 1 2 6 % 83 , 3
5 9 20 22 60 76 133 158 159 183 186 208 346 361 364 407 415 419 439 444 445 488 494 495 499 500 501 528 578 611 616 655 663 671 688 722 754 791 808 813 830 867 886 902 930 936 945 954 960 1023 1024 1025 1048 1069 1094 1099 1115 1121 1137 1170 1175 1256 1257 1282 1294 1308 1326 1331 1394 1417 1455 1477 1483 1487 1523 1546 1548 1654 1671 2694 2979 2985 3671 3798 , 0 4 5 % 84 , 3
82 111 356 632 712 751 1086 1157 1321 1337 1372 1620 1642 1690 1725 1730 1754 1759 1763 1778 1805 1817 1853 1889 1914 1915 1929 1931 1934 1968 1978 1985 1994 2016 2034 2036 2099 2169 2178 2191 2227 2315 2356 2402 2421 2426 2437 2489 2503 2528 2557 2570 2679 2712 2722 2735 2777 2868 2925 2931 3033 3036 3086 3091 3156 3191 3223 3241 3293 3326 3377 3397 3436 3450 3465 3516 3596 3639 3658 3685 3688 3711 3783 3807 , 0 4 5 % 84 , 3
5 9 22 30 56 60 76 133 186 314 316 346 361 378 405 407 415 419 444 476 494 495 499 500 574 611 616 655 663 671 688 722 754 791 808 813 830 846 886 902 905 930 945 954 960 968 972 1019 1023 1024 1025 1069 1089 1094 1099 1115 1137 1170 1175 1257 1282 1294 1326 1331 1417 1421 1455 1458 1477 1483 1487 1523 1546 1548 1654 1671 1916 2694 2979 2985 3180 3561 3671 3798 , 1 2 4 % 84 , 3
915 1648 1701 1729 1733 1735 1744 1777 1786 1804 1841 1843 1868 1894 1901 1902 1910 1944 1997 2009 2046 2053 2105 2144 2149 2207 2236 2241 2245 2246 2295 2296 2307 2392 2400 2443 2452 2470 2493 2506 2522 2530 2542 2553 2579 2631 2729 2773 2775 2794 2818 2882 2901 2941 2978 2984 3022 3109 3133 3168 3184 3199 3200 3202 3226 3246 3256 3298 3316 3324 3335 3388 3428 3461 3501 3617 3623 3640 3645 3677 3690 3707 3754 3764 3799 , 1 4 5 % 85 , 3
3 30 101 152 316 320 405 478 537 547 553 575 650 723 767 792 846 891 1019 1060 1113 1163 1182 1196 1267 1299 1315 1329 1370 1374 1387 1388 1421 1497 1516 1519 1578 1649 1659 1683 1753 1788 1806 1818 1898 1912 1948 1977 2068 2130 2174 2176 2179 2187 2433 2439 2442 2447 2449 2479 2527 2543 2639 2685 2706 2734 2785 2805 2843 2937 2951 3095 3099 3105 3106 3161 3162 3343 3379 3454 3476 3477 3482 3483 3663 , 0 3 5 % 85 , 3
24 63 87 121 140 147 160 169 195 229 231 243 250 261 271 285 287 290 291 332 341 350 353 368 371 383 400 434 479 484 487 529 558 560 609 718 785 797 832 838 843 861 871 872 903 911 919 933 955 959 964 966 979 982 1006 1012 1014 1043 1080 1083 1084 1109 1116 1119 1174 1187 1228 1260 1266 1274 1305 1332 1338 1363 1384 1408 1437 1463 1473 1489 1492 1504 1537 1605 1611 1621 1626 , 0 4 5 % 87 , 3
1434 1568 1587 1603 1655 1673 1695 1720 1789 1795 1812 1858 1871 1919 1928 1967 1980 2056 2060 2137 2145 2150 2250 2254 2255 2265 2271 2278 2285 2299 2326 2336 2351 2363 2368 2380 2385 2387 2390 2394 2403 2419 2422 2448 2464 2537 2539 2550 2559 2606 2611 2634 2695 2739 2759 2771 2783 2803 2827 2841 2858 2890 2918 2953 2996 3011 3018 3049 3069 3160 3164 3165 3190 3210 3308 3310 3383 3464 3492 3522 3585 3606 3620 3675 3701 3707 3720 3756 , 0 1 3 % 88 , 3
44 63 83 106 107 150 225 287 291 332 333 371 379 387 400 434 462 463 479 482 497 498 529 558 566 602 649 656 662 695 704 718 732 759 785 786 834 838 843 861 871 901 903 916 919 923 955 966 979 982 986 1014 1038 1056 1061 1080 1084 1114 1116 1119 1145 1174 1187 1228 1253 1260 1266 1283 1305 1317 1363 1384 1395 1479 1480 1486 1489 1492 1528 1537 1541 1545 1570 1571 1605 1611 1628 2693 , 1 2 4 % 88 , 3
13 21 34 36 71 93 141 144 168 176 178 205 210 226 236 241 246 430 448 455 456 457 493 504 531 562 592 614 617 634 640 666 681 706 714 763 784 787 794 798 831 893 908 914 918 934 941 952 961 987 990 1035 1037 1045 1050 1065 1067 1074 1077 1079 1125 1144 1198 1255 1284 1340 1343 1356 1389 1392 1399 1403 1424 1427 1454 1457 1496 1505 1511 1517 1524 1569 1594 1627 2079 2238 3147 3473 3575 , 0 3 5 % 89 , 3
1018 1634 1641 1648 1736 1740 1781 1786 1841 1843 1871 1876 1878 1887 1899 1910 1919 1936 1944 1997 2015 2031 2035 2053 2060 2065 2088 2151 2201 2242 2245 2262 2264 2265 2285 2307 2308 2309 2387 2390 2398 2400 2401 2419 2470 2542 2556 2559 2573 2606 2608 2631 2729 2733 2743 2771 2783 2818 2865 2879 2882 2883 2890 2899 2905 2954 2984 2990 3018 3069 3084 3085 3113 3117 3133 3164 3168 3197 3310 3316 3335 3383 3390 3428 3461 3501 3583 3647 3652 3662 3677 3761 , 0 1 6 % 92 , 3
3 46 98 101 112 313 392 393 523 537 547 553 575 650 651 684 723 767 792 811 823 836 858 953 973 1001 1060 1062 1075 1102 1113 1163 1182 1263 1264 1267 1299 1329 1370 1374 1388 1497 1502 1578 1583 1597 1631 1649 1659 1683 1724 1788 1806 1912 1948 1963 1977 2130 2174 2176 2179 2180 2424 2438 2439 2446 2501 2519 2527 2536 2543 2568 2619 2669 2746 2762 2764 2785 2937 2955 3047 3068 3083 3099 3105 3106 3161 3217 3266 3372 3384 3448 3454 3476 , 0 1 2 % 94 , 3
1018 1105 1634 1641 1648 1736 1781 1786 1841 1843 1868 1871 1878 1887 1899 1910 1919 1936 1944 1965 1997 2015 2031 2035 2053 2060 2065 2088 2151 2201 2242 2245 2262 2264 2265 2285 2307 2308 2309 2387 2390 2398 2400 2401 2419 2470 2542 2553 2556 2573 2606 2608 2631 2681 2729 2733 2743 2783 2818 2865 2879 2882 2883 2890 2901 2905 2954 2984 2990 3018 3069 3085 3113 3117 3133 3164 3168 3197 3222 3310 3316 3335 3383 3390 3428 3461 3501 3520 3583 3647 3652 3662 3677 3761 3779 , 1 5 6 % 95 , 3
1434 1568 1587 1603 1652 1655 1673 1695 1720 1789 1795 1812 1849 1858 1871 1919 1928 1965 1967 1980 2009 2056 2060 2137 2145 2150 2250 2254 2255 2265 2271 2278 2285 2290 2299 2326 2336 2351 2363 2380 2385 2387 2390 2394 2403 2419 2422 2448 2464 2537 2539 2550 2606 2611 2634 2695 2739 2759 2783 2803 2827 2841 2858 2887 2890 2918 2953 2967 2996 3011 3018 3049 3069 3160 3164 3165 3210 3308 3310 3383 3464 3492 3522 3576 3585 3606 3620 3675 3679 3701 3707 3720 3756 3768 3779 , 1 3 5 % 95 , 3
298 480 568 745 751 821 993 997 1135 1157 1485 1501 1636 1643 1646 1690 1728 1802 1865 1866 1877 1909 1913 1937 1940 2003 2016 2017 2036 2099 2132 2193 2237 2244 2284 2317 2411 2418 2465 2500 2548 2552 2572 2621 2622 2623 2676 2678 2679 2680 2703 2722 2766 2812 2815 2831 2850 2907 2927 2998 3014 3019 3082 3086 3116 3140 3149 3178 3185 3192 3218 3220 3223 3235 3267 3293 3327 3344 3377 3389 3426 3515 3560 3650 3678 3688 3719 3725 3729 3743 3749 3750 3757 3802 3807 , 0 5 6 % 95 , 3
3 46 98 101 112 392 393 537 547 553 575 650 651 668 683 684 723 767 792 811 823 836 858 953 973 1001 1060 1062 1075 1102 1113 1163 1182 1263 1264 1267 1299 1329 1370 1374 1388 1497 1502 1509 1578 1597 1631 1649 1659 1683 1724 1788 1806 1912 1948 1963 1977 2130 2174 2176 2179 2424 2438 2439 2446 2501 2519 2527 2536 2543 2568 2619 2669 2746 2762 2764 2785 2937 2955 3047 3068 3076 3083 3099 3105 3106 3161 3217 3266 3372 3399 3434 3448 3454 3471 3476 3490 , 1 2 5 % 97 , 3
957 1456 1513 1518 1561 1688 1694 1713 1779 1784 1790 1798 1808 1815 1847 1888 1921 1951 1955 2071 2100 2106 2129 2159 2165 2188 2220 2252 2259 2327 2343 2345 2371 2410 2472 2512 2531 2567 2577 2597 2624 2633 2652 2664 2677 2682 2701 2742 2750 2769 2816 2817 2845 2855 2861 2863 2886 2922 2944 2970 2983 2994 3006 3017 3070 3112 3136 3148 3150 3155 3177 3186 3193 3207 3213 3215 3247 3255 3264 3306 3322 3328 3331 3334 3382 3413 3440 3447 3456 3484 3508 3567 3611 3637 3705 3717 3727 3745 3771 , 0 3 5 % 99 , 3
915 1648 1701 1729 1733 1735 1743 1744 1769 1777 1785 1786 1794 1804 1841 1843 1892 1894 1901 1902 1910 1944 1950 1997 2046 2053 2105 2144 2149 2207 2236 2239 2241 2245 2246 2296 2307 2361 2400 2430 2443 2452 2470 2493 2506 2522 2529 2530 2542 2579 2631 2632 2729 2773 2775 2794 2809 2818 2882 2939 2941 2971 2978 2984 3022 3066 3109 3133 3143 3168 3184 3199 3200 3202 3226 3227 3246 3256 3298 3312 3316 3324 3335 3388 3428 3461 3501 3550 3589 3594 3617 3623 3640 3645 3677 3690 3707 3754 3764 3799 , 0 4 5 % 100 , 3
149 327 514 543 712 776 842 926 1086 1179 1298 1321 1337 1371 1485 1580 1636 1639 1643 1674 1690 1751 1759 1763 1805 1900 1908 1915 1926 1929 1931 1932 1934 1939 1940 1945 1960 1972 1978 1985 1993 1994 2016 2092 2116 2191 2196 2208 2298 2323 2356 2395 2417 2437 2465 2497 2528 2534 2587 2636 2654 2665 2679 2683 2692 2699 2700 2707 2708 2735 2777 2782 2790 2811 2919 2925 2931 2956 3024 3036 3079 3082 3091 3093 3140 3154 3223 3235 3267 3283 3295 3302 3397 3426 3436 3437 3498 3658 3688 3691 3783 , 0 3 5 % 101 , 3
