420
879
2659
307
1286
937
1974
663
1078
1031
3282
826
3445
292
1824
1645
3237
3762
360
1379
247
305
698
1342
3375
1124
3215
443
1383
501
3225
1262
2482
235
3571
3734
36
1054
3363
1684
1217
2095
1847
478
1668
536
1009
383
441
3139
2252
853
911
2415
1147
3238
2149
466
991
2028
3248
1110
1343
316
1353
2796
2959
672
730
3131
1273
1615
2551
304
876
47
934
151
1123
2947
1916
442
547
1737
90
339
1996
2644
969
1271
1158
1111
1216
1788
551
2331
372
2906
2669
3317
86
1008
164
1354
899
852
1088
778
1146
3350
119
1776
1309
465
2770
1214
199
1389
533
1447
887
315
1505
1313
3622
1076
1859
1869
395
3177
6
1202
2342
1227
488
1019
1602
968
1099
1215
2435
655
3524
2093
476
639
1458
326
2001
2106
602
173
1526
1203
643
806
3771
198
1625
314
324
3547
2516
1594
1652
2024
2129
1539
724
2228
1131
96
279
2117
184
2805
242
1432
3465
300
930
3628
1949
3370
1166
3533
3669
172
3632
230
1249
1879
2527
1212
2214
3303
531
418
1292
265
1455
790
1513
1762
2410
3175
1200
1554
527
873
3025
406
3301
3655
70
2282
3381
1177
1235
570
2896
554
2116
717
3231
871
595
1060
816
2062
1223
2167
721
2571
600
429
3048
2734
171
3670
334
3499
1258
3407
1470
2664
989
81
676
2981
3458
1028
289
2127
2652
252
882
415
827
3446
2073
398
3325
1493
611
3584
2745
965
240
345
403
127
12
1222
2166
1957
541
646
1014
1998
1990
2362
2420
3469
3527
1782
3348
2212
1107
80
321
426
998
3570
893
3391
1140
685
3554
2305
1715
2593
259
1191
768
1958
1863
494
3171
1492
1597
3334
286
1713
344
402
507
191
1229
2948
2911
1013
3322
1585
2837
1093
2800
3802
696
1256
1314
2371
2316
2767
1106
328
1518
1089
837
2083
1244
3619
2188
742
3182
2934
1036
534
2030
413
1516
1279
777
205
2510
598
1749
3236
1491
3057
464
1654
1378
343
2714
697
1971
1325
2164
2232
1376
45
3525
477
3430
3259
2945
382
3251
603
891
3043
3206
2616
33
158
683
788
1873
1406
846
1090
2521
2859
2725
1294
162
220
671
1861
2863
2080
1023
463
3332
1653
447
1387
3696
3229
2810
56
2486
869
2602
2956
709
3328
2231
556
3070
2748
1375
1433
1538
1417
752
2886
2266
486
1104
3413
1734
707
2499
2833
1468
79
215
2349
1213
579
3697
3077
1293
1456
1619
30
3615
680
213
1699
567
2872
2405
2817
763
1236
3545
3603
281
2902
1813
502
2531
3475
856
3638
2160
277
2115
3558
319
902
2195
1138
3255
2416
3076
3410
2045
3134
362
3393
774
1142
115
1772
2128
2033
358
179
2721
925
1332
772
1219
2439
830
1066
1907
1373
1478
1431
404
3569
509
3627
1165
2359
855
1795
3007
130
2884
760
1149
2894
705
1112
2581
431
2565
318
1534
948
3567
165
1192
223
530
635
1767
1825
2769
3075
2940
2044
1559
1512
3104
3392
878
1188
1246
936
3718
211
2240
2975
728
1030
299
1489
1765
7
1234
3543
207
3601
1969
1848
1811
1382
2813
3006
51
864
588
1232
922
493
275
1465
438
76
2372
401
1315
3358
3179
2043
1558
2836
523
1568
3029
2657
2715
2286
3288
727
1488
2136
2031
3017
1614
3647
2274
3705
3431
3785
1810
1381
136
2441
766
1326
587
1231
3264
808
550
2684
713
437
2847
284
1198
85
1419
851
956
2985
3633
1670
425
2730
3674
3495
3553
1349
217
1091
1254
3287
3621
28
573
2077
1487
2135
3250
186
2491
244
1184
874
110
1872
1930
506
516
1601
2545
1277
3014
1230
920
862
807
1156
2788
971
228
1418
858
2638
2533
1265
679
1047
1566
72
1624
780
2447
3562
1883
1237
572
1828
354
2488
517
2393
422
60
2451
1336
2614
2719
1346
560
3284
665
1033
1855
2064
2857
352
1017
515
2
2820
336
1688
719
653
3330
3159
2740
2787
282
2903
340
503
1989
132
2458
1427
3631
641
909
651
2567
1252
120
26
3190
3353
1102
2868
3516
1390
2926
468
526
1611
1716
1182
1287
977
3712
139
940
2444
664
94
238
3012
143
773
201
1180
594
3376
757
710
2061
1576
444
549
720
2854
607
92
1951
1208
3517
1055
469
1580
803
374
1801
3051
2624
1193
3665
3389
1414
1519
1261
208
3399
838
1206
3515
2084
1599