91 139 190 287 425 653 677 702 778 783 816 864 1052 1054 1068 1075 1098 1104 1109 1137 1174 1225 1254 1261 1267 1272 1283 1588 1591 1602 1607 1638 1646 1747 1748 1792 1793 1854 1861 1898 1917 1998 2002 2008 2081 2088 2256 2265 2277 2317 2333 2347 2348 2351 2352 2367 2455 2483 2484 2542 2564 2566 2625 2703 2704 2717 2751 2792 2802 2864 2949 2965 2973 3225 3226 3267 3278 3294 3305 3314 3387 3395 3401 3406 3409 3450 3651 3656 3665 3676 3709 3723 3743 3747 , 11 12 19 27 35 36 43 44 51 52 % 94 , 10
91 139 190 287 425 653 677 702 778 783 816 864 1052 1054 1068 1075 1098 1104 1109 1137 1174 1225 1254 1261 1267 1272 1283 1323 1588 1591 1602 1607 1638 1646 1747 1748 1792 1793 1854 1861 1898 1917 1998 2002 2008 2081 2088 2256 2265 2277 2317 2333 2347 2348 2351 2352 2367 2455 2483 2484 2542 2564 2566 2625 2703 2717 2751 2792 2802 2847 2864 2949 2965 2973 3225 3226 3267 3278 3294 3305 3314 3387 3395 3401 3406 3409 3450 3651 3656 3665 3676 3709 3723 3743 3747 , 11 12 19 20 35 36 43 44 51 52 % 95 , 10
91 139 190 287 425 653 677 702 778 783 816 864 1052 1054 1068 1075 1098 1104 1109 1118 1137 1174 1225 1254 1261 1267 1272 1283 1588 1591 1598 1602 1607 1638 1646 1747 1748 1792 1793 1854 1861 1898 1917 1998 2002 2008 2081 2088 2256 2265 2277 2317 2333 2347 2348 2351 2352 2367 2455 2483 2484 2542 2564 2566 2625 2703 2717 2751 2792 2802 2864 2949 2965 2973 3225 3226 3267 3278 3294 3305 3314 3387 3395 3401 3406 3409 3450 3651 3656 3665 3676 3709 3723 3743 3747 , 11 12 19 20 27 36 43 44 51 52 % 95 , 10
91 139 190 287 425 653 677 702 778 783 816 864 1052 1054 1068 1075 1104 1109 1118 1137 1174 1225 1254 1261 1267 1272 1283 1588 1591 1598 1602 1607 1638 1646 1747 1748 1792 1793 1854 1861 1898 1917 1998 2002 2008 2081 2088 2256 2265 2277 2317 2333 2347 2348 2351 2352 2367 2455 2483 2484 2542 2564 2566 2625 2703 2704 2717 2751 2792 2802 2864 2949 2965 2973 3225 3226 3267 3278 3294 3305 3314 3387 3395 3401 3406 3409 3450 3651 3656 3665 3676 3709 3723 3743 3747 , 11 12 19 27 28 36 43 44 51 52 % 95 , 10
91 139 190 287 425 653 677 702 778 783 816 864 1052 1054 1068 1075 1104 1109 1137 1174 1225 1254 1261 1267 1272 1283 1323 1588 1591 1602 1607 1638 1646 1747 1748 1792 1793 1854 1861 1898 1917 1998 2002 2008 2081 2088 2256 2265 2277 2317 2333 2347 2348 2351 2352 2367 2455 2483 2484 2542 2564 2566 2625 2703 2704 2717 2751 2792 2802 2847 2864 2949 2965 2973 3225 3226 3267 3278 3294 3305 3314 3387 3395 3401 3406 3409 3450 3651 3656 3665 3676 3709 3723 3743 3747 , 11 12 19 28 35 36 43 44 51 52 % 95 , 10
91 139 190 287 425 653 677 702 778 783 816 864 1052 1054 1068 1075 1104 1109 1137 1174 1225 1254 1261 1267 1272 1283 1588 1591 1602 1607 1638 1646 1747 1748 1792 1793 1854 1861 1898 1917 1998 2002 2008 2081 2088 2256 2265 2277 2317 2333 2347 2348 2351 2352 2367 2455 2483 2484 2542 2564 2566 2625 2703 2704 2717 2751 2768 2792 2802 2864 2949 2965 2973 3225 3226 3267 3278 3294 3305 3314 3387 3395 3401 3406 3409 3450 3651 3656 3665 3676 3709 3722 3723 3743 3747 3810 , 11 12 27 28 35 36 43 44 51 52 % 96 , 10
91 139 190 287 425 653 677 702 778 783 816 864 1052 1054 1068 1075 1098 1104 1109 1137 1174 1225 1254 1261 1267 1272 1283 1588 1591 1602 1607 1638 1646 1747 1748 1792 1793 1854 1861 1898 1917 1998 2002 2008 2081 2088 2256 2265 2277 2317 2333 2347 2348 2351 2352 2367 2455 2483 2484 2542 2564 2566 2625 2703 2717 2751 2768 2792 2802 2864 2949 2965 2973 3225 3226 3267 3278 3294 3305 3314 3387 3395 3401 3406 3409 3450 3651 3656 3665 3676 3709 3722 3723 3743 3747 3810 , 11 12 20 27 35 36 43 44 51 52 % 96 , 10
91 139 190 287 425 653 677 702 778 783 816 864 1052 1054 1068 1075 1104 1109 1137 1152 1174 1225 1254 1261 1267 1272 1283 1588 1591 1602 1607 1638 1646 1747 1748 1792 1793 1854 1861 1898 1917 1927 1998 2002 2008 2081 2088 2256 2265 2277 2317 2333 2347 2348 2351 2352 2367 2455 2483 2484 2542 2564 2566 2625 2703 2704 2717 2751 2792 2802 2864 2945 2949 2965 2973 3225 3226 3267 3278 3294 3305 3314 3387 3395 3401 3406 3409 3450 3651 3656 3665 3676 3709 3723 3743 3747 , 11 12 19 27 28 35 43 44 51 52 % 96 , 10
91 139 190 287 425 653 677 702 778 783 816 864 1052 1054 1068 1075 1098 1104 1109 1137 1174 1199 1200 1225 1254 1261 1267 1272 1283 1588 1591 1602 1607 1638 1646 1747 1748 1792 1793 1854 1861 1898 1917 1998 2002 2008 2081 2088 2256 2265 2277 2317 2333 2347 2348 2351 2352 2367 2455 2483 2484 2542 2564 2566 2625 2703 2717 2722 2751 2792 2802 2864 2949 2965 2973 3225 3226 3267 3278 3294 3305 3314 3387 3395 3401 3406 3409 3450 3651 3656 3665 3676 3699 3709 3723 3743 3747 , 11 12 19 20 27 35 36 43 44 52 % 97 , 10
91 139 190 287 425 653 677 702 778 783 816 864 1052 1054 1068 1075 1104 1109 1137 1172 1174 1198 1225 1254 1261 1267 1272 1283 1588 1591 1602 1607 1638 1646 1747 1748 1792 1793 1854 1861 1868 1898 1917 1998 2002 2008 2081 2088 2256 2265 2277 2317 2333 2347 2348 2351 2352 2359 2367 2455 2483 2484 2542 2564 2566 2625 2703 2704 2717 2751 2792 2802 2864 2949 2965 2973 3225 3226 3267 3278 3294 3305 3314 3387 3395 3401 3406 3409 3450 3651 3656 3665 3676 3709 3723 3743 3747 , 11 19 27 28 35 36 43 44 51 52 % 97 , 10
91 139 180 190 287 425 653 677 702 778 783 816 840 864 1052 1054 1068 1075 1104 1109 1137 1174 1225 1254 1261 1267 1272 1283 1588 1591 1602 1607 1638 1646 1704 1747 1748 1792 1793 1854 1861 1898 1917 1998 2002 2008 2081 2088 2256 2265 2277 2317 2333 2347 2348 2351 2352 2367 2455 2483 2484 2542 2564 2566 2625 2654 2703 2704 2717 2751 2792 2802 2864 2949 2965 2973 3225 3226 3267 3278 3294 3305 3314 3387 3395 3401 3406 3409 3450 3651 3656 3665 3676 3709 3723 3743 3747 , 11 12 19 27 28 35 36 43 51 52 % 97 , 10
91 139 190 287 425 653 677 702 778 783 816 864 1052 1054 1068 1075 1104 1109 1137 1174 1225 1254 1261 1267 1272 1283 1588 1591 1602 1607 1638 1646 1747 1748 1792 1793 1854 1861 1898 1917 1998 2002 2008 2081 2088 2256 2265 2277 2317 2333 2347 2348 2351 2352 2367 2455 2483 2484 2542 2564 2566 2600 2625 2629 2703 2704 2717 2748 2751 2792 2802 2864 2949 2965 2973 3225 3226 3267 3278 3294 3305 3314 3387 3395 3401 3406 3409 3450 3651 3656 3665 3671 3676 3709 3723 3743 3747 , 11 12 19 27 28 35 36 43 44 51 % 97 , 10
91 139 190 287 425 653 677 702 778 783 816 864 1052 1054 1068 1075 1104 1109 1137 1174 1225 1254 1261 1267 1272 1283 1588 1591 1595 1602 1607 1638 1646 1747 1748 1792 1793 1854 1861 1898 1917 1998 2002 2008 2081 2088 2256 2265 2277 2317 2333 2347 2348 2351 2352 2367 2455 2483 2484 2542 2564 2566 2625 2703 2704 2717 2751 2792 2802 2864 2949 2965 2973 3225 3226 3267 3278 3294 3305 3314 3387 3395 3401 3406 3409 3450 3469 3543 3651 3656 3665 3676 3709 3710 3723 3743 3747 , 11 12 19 27 28 35 36 44 51 52 % 97 , 10
91 139 180 190 287 425 653 677 702 778 783 816 864 1052 1054 1068 1075 1104 1109 1137 1174 1225 1254 1261 1267 1272 1283 1323 1588 1591 1602 1607 1638 1646 1704 1747 1748 1792 1793 1854 1861 1898 1917 1998 2002 2008 2081 2088 2256 2265 2277 2317 2333 2347 2348 2351 2352 2367 2455 2483 2484 2542 2564 2566 2625 2654 2703 2717 2751 2792 2802 2847 2864 2949 2965 2973 3225 3226 3267 3278 3294 3305 3314 3387 3395 3401 3406 3409 3450 3651 3656 3665 3676 3709 3723 3743 3747 , 11 12 19 20 28 35 36 43 51 52 % 97 , 10
91 139 180 190 287 425 653 677 702 778 783 816 864 1052 1054 1068 1075 1098 1104 1109 1137 1174 1225 1254 1261 1267 1272 1283 1588 1591 1602 1607 1638 1646 1704 1747 1748 1792 1793 1854 1861 1867 1898 1917 1998 2002 2008 2081 2088 2256 2265 2277 2317 2333 2347 2348 2351 2352 2367 2455 2483 2484 2542 2564 2566 2625 2654 2703 2717 2751 2792 2802 2864 2949 2965 2973 3225 3226 3267 3278 3294 3305 3314 3387 3395 3401 3406 3409 3450 3651 3656 3665 3676 3709 3723 3743 3747 , 11 12 19 20 27 35 36 43 51 52 % 97 , 10
91 139 190 287 425 653 677 702 778 783 816 864 1052 1054 1068 1075 1098 1104 1109 1137 1174 1225 1254 1261 1267 1272 1283 1588 1591 1595 1602 1607 1638 1646 1747 1748 1792 1793 1854 1861 1898 1917 1998 2002 2008 2081 2088 2256 2265 2277 2317 2333 2347 2348 2351 2352 2367 2455 2483 2484 2542 2564 2566 2625 2703 2717 2751 2792 2802 2864 2949 2965 2973 3225 3226 3267 3278 3294 3305 3314 3387 3395 3401 3406 3409 3450 3469 3543 3651 3656 3665 3676 3709 3710 3723 3743 3747 , 11 12 19 20 27 35 36 44 51 52 % 97 , 10
91 139 190 287 425 653 677 702 778 783 816 864 1052 1054 1068 1075 1104 1109 1137 1152 1174 1225 1254 1261 1267 1272 1283 1323 1588 1591 1602 1607 1638 1646 1747 1748 1792 1793 1854 1861 1898 1917 1927 1998 2002 2008 2081 2088 2256 2265 2277 2317 2333 2347 2348 2351 2352 2367 2455 2483 2484 2542 2564 2566 2625 2703 2717 2751 2792 2802 2847 2864 2945 2949 2965 2973 3225 3226 3267 3278 3294 3305 3314 3387 3395 3401 3406 3409 3450 3651 3656 3665 3676 3709 3723 3743 3747 , 11 12 19 20 28 35 43 44 51 52 % 97 , 10
91 139 190 287 425 653 677 702 778 783 816 864 1052 1054 1068 1075 1104 1109 1118 1137 1172 1174 1225 1254 1261 1267 1272 1283 1588 1591 1598 1602 1607 1638 1646 1747 1748 1792 1793 1854 1861 1868 1898 1917 1998 2002 2008 2081 2088 2256 2265 2277 2317 2333 2347 2348 2351 2352 2359 2367 2455 2483 2484 2542 2564 2566 2625 2703 2717 2751 2792 2802 2864 2949 2965 2973 3225 3226 3267 3278 3294 3305 3314 3387 3395 3401 3406 3409 3450 3651 3656 3665 3676 3709 3723 3743 3747 , 11 19 20 27 28 36 43 44 51 52 % 97 , 10
91 139 190 287 425 653 677 702 778 783 816 864 1052 1054 1068 1075 1104 1109 1137 1172 1174 1225 1254 1261 1267 1272 1283 1323 1588 1591 1602 1607 1638 1646 1747 1748 1792 1793 1854 1861 1868 1898 1917 1998 2002 2008 2081 2088 2256 2265 2277 2317 2333 2347 2348 2351 2352 2359 2367 2455 2483 2484 2542 2564 2566 2625 2703 2717 2751 2792 2802 2847 2864 2949 2965 2973 3225 3226 3267 3278 3294 3305 3314 3387 3395 3401 3406 3409 3450 3651 3656 3665 3676 3709 3723 3743 3747 , 11 19 20 28 35 36 43 44 51 52 % 97 , 10
91 139 180 190 287 425 653 677 702 778 783 816 864 1052 1054 1068 1075 1104 1109 1118 1137 1174 1225 1254 1261 1267 1272 1283 1588 1591 1598 1602 1607 1638 1646 1704 1747 1748 1792 1793 1854 1861 1898 1917 1998 2002 2008 2081 2088 2256 2265 2277 2317 2333 2347 2348 2351 2352 2367 2455 2483 2484 2542 2564 2566 2625 2654 2703 2717 2751 2792 2802 2864 2949 2965 2973 3225 3226 3267 3278 3294 3305 3314 3387 3395 3401 3406 3409 3450 3651 3656 3665 3676 3709 3723 3743 3747 , 11 12 19 20 27 28 36 43 51 52 % 97 , 10
91 139 190 287 425 653 677 702 778 783 816 864 1052 1054 1068 1075 1104 1109 1137 1174 1199 1200 1225 1254 1261 1267 1272 1283 1588 1591 1602 1607 1638 1646 1747 1748 1792 1793 1854 1861 1898 1917 1998 2002 2008 2081 2088 2256 2265 2277 2317 2333 2347 2348 2351 2352 2367 2455 2483 2484 2542 2564 2566 2625 2703 2704 2717 2722 2751 2792 2802 2864 2949 2965 2973 3225 3226 3267 3278 3294 3305 3314 3387 3395 3401 3406 3409 3450 3651 3656 3665 3676 3699 3709 3723 3743 3747 , 11 12 19 27 28 35 36 43 44 52 % 97 , 10
91 139 190 287 425 653 677 702 778 783 816 864 1052 1054 1068 1075 1104 1109 1118 1137 1152 1174 1225 1254 1261 1267 1272 1283 1588 1591 1598 1602 1607 1638 1646 1747 1748 1792 1793 1854 1861 1898 1917 1927 1998 2002 2008 2081 2088 2256 2265 2277 2317 2333 2347 2348 2351 2352 2367 2455 2483 2484 2542 2564 2566 2625 2703 2717 2751 2792 2802 2864 2945 2949 2965 2973 3225 3226 3267 3278 3294 3305 3314 3387 3395 3401 3406 3409 3450 3651 3656 3665 3676 3709 3723 3743 3747 , 11 12 19 20 27 28 43 44 51 52 % 97 , 10
91 139 190 287 425 653 677 702 778 783 816 864 1052 1054 1068 1075 1104 1109 1118 1137 1174 1225 1254 1261 1267 1272 1283 1588 1591 1598 1602 1607 1638 1646 1747 1748 1792 1793 1854 1861 1898 1917 1998 2002 2008 2081 2088 2256 2265 2277 2317 2333 2347 2348 2351 2352 2367 2455 2483 2484 2542 2564 2566 2625 2703 2717 2751 2768 2792 2802 2864 2949 2965 2973 3225 3226 3267 3278 3294 3305 3314 3387 3395 3401 3406 3409 3450 3651 3656 3665 3676 3709 3722 3723 3743 3747 3810 , 11 12 20 27 28 36 43 44 51 52 % 97 , 10
91 139 190 287 425 653 677 702 778 783 816 864 1052 1054 1068 1075 1098 1104 1109 1137 1174 1225 1254 1261 1267 1272 1283 1588 1591 1602 1607 1638 1646 1747 1748 1792 1793 1854 1861 1898 1917 1998 2002 2008 2081 2088 2256 2265 2277 2317 2333 2347 2348 2351 2352 2367 2455 2483 2484 2542 2564 2566 2600 2625 2629 2703 2717 2748 2751 2792 2802 2864 2949 2965 2973 3225 3226 3267 3278 3294 3305 3314 3387 3395 3401 3406 3409 3450 3651 3656 3665 3671 3676 3709 3723 3743 3747 , 11 12 19 20 27 35 36 43 44 51 % 97 , 10
91 139 190 287 425 653 677 702 778 783 816 864 1052 1054 1068 1075 1098 1104 1109 1137 1172 1174 1222 1225 1254 1261 1267 1272 1283 1588 1591 1602 1607 1638 1646 1747 1748 1792 1793 1854 1861 1868 1898 1917 1998 2002 2008 2081 2088 2256 2265 2277 2317 2333 2347 2348 2351 2352 2359 2367 2455 2483 2484 2542 2564 2566 2625 2703 2717 2751 2792 2802 2864 2949 2965 2973 3225 3226 3267 3278 3294 3305 3314 3387 3395 3401 3406 3409 3450 3651 3656 3665 3676 3709 3723 3743 3747 , 11 19 20 27 35 36 43 44 51 52 % 97 , 10
91 139 190 287 425 653 677 702 778 783 816 864 1052 1054 1068 1075 1104 1109 1137 1174 1225 1254 1261 1267 1272 1283 1323 1588 1591 1602 1607 1638 1646 1747 1748 1792 1793 1854 1861 1898 1917 1998 2002 2008 2081 2088 2256 2265 2277 2317 2333 2347 2348 2351 2352 2367 2455 2483 2484 2542 2564 2566 2625 2703 2717 2751 2768 2792 2802 2847 2864 2949 2965 2973 3225 3226 3267 3278 3294 3305 3314 3387 3395 3401 3406 3409 3450 3651 3656 3665 3676 3709 3722 3723 3743 3747 3810 , 11 12 20 28 35 36 43 44 51 52 % 97 , 10
91 139 190 287 388 425 653 677 702 778 783 816 864 1052 1054 1068 1075 1098 1104 1109 1137 1152 1174 1225 1254 1261 1267 1272 1283 1588 1591 1602 1607 1638 1646 1747 1748 1792 1793 1854 1861 1898 1917 1927 1998 2002 2008 2081 2088 2256 2265 2277 2317 2333 2347 2348 2351 2352 2367 2455 2483 2484 2542 2564 2566 2625 2703 2717 2751 2792 2802 2864 2945 2949 2965 2973 3225 3226 3267 3278 3294 3305 3314 3387 3395 3401 3406 3409 3450 3651 3656 3665 3676 3709 3723 3743 3747 , 11 12 19 20 27 35 43 44 51 52 % 97 , 10
91 139 190 287 425 653 677 702 778 783 816 864 1052 1054 1068 1075 1104 1109 1137 1172 1174 1225 1254 1261 1267 1272 1283 1588 1591 1602 1607 1638 1646 1747 1748 1792 1793 1854 1861 1868 1898 1917 1998 2002 2008 2081 2088 2256 2265 2277 2317 2333 2347 2348 2351 2352 2359 2367 2455 2483 2484 2542 2564 2566 2625 2703 2717 2751 2768 2792 2802 2864 2949 2965 2973 3225 3226 3267 3278 3294 3305 3314 3387 3395 3401 3406 3409 3450 3651 3656 3665 3676 3709 3722 3723 3743 3747 3810 , 11 20 27 28 35 36 43 44 51 52 % 98 , 10
91 139 180 190 287 425 653 677 702 778 783 816 864 1052 1054 1068 1075 1104 1109 1137 1172 1174 1225 1254 1261 1267 1272 1283 1588 1591 1602 1607 1638 1646 1704 1747 1748 1792 1793 1854 1861 1868 1898 1917 1998 2002 2008 2081 2088 2256 2265 2277 2317 2333 2347 2348 2351 2352 2359 2367 2455 2483 2484 2542 2564 2566 2625 2654 2703 2717 2751 2792 2802 2864 2949 2965 2973 3225 3226 3267 3278 3294 3305 3314 3387 3395 3401 3406 3409 3450 3651 3656 3665 3676 3709 3723 3743 3747 , 11 19 20 27 28 35 36 43 51 52 % 98 , 10
91 139 190 287 425 433 434 653 677 702 778 783 816 864 907 1052 1054 1068 1075 1104 1109 1137 1174 1225 1254 1261 1267 1272 1283 1588 1591 1602 1607 1638 1646 1747 1748 1792 1793 1854 1860 1861 1898 1917 1984 1998 2002 2008 2081 2088 2256 2265 2277 2317 2333 2347 2348 2351 2352 2367 2455 2483 2484 2542 2564 2566 2625 2703 2704 2717 2751 2792 2802 2864 2949 2965 2973 3225 3226 3267 3278 3294 3305 3314 3387 3395 3401 3406 3409 3450 3651 3656 3665 3676 3709 3723 3743 3747 , 12 19 27 28 35 36 43 44 51 52 % 98 , 10
91 139 190 287 425 653 677 702 778 783 816 864 1052 1054 1068 1075 1104 1109 1137 1174 1225 1254 1261 1267 1272 1283 1323 1588 1591 1602 1607 1638 1646 1747 1748 1792 1793 1854 1861 1898 1917 1998 2002 2008 2081 2088 2256 2265 2277 2317 2333 2347 2348 2351 2352 2367 2455 2483 2484 2542 2564 2566 2600 2625 2629 2703 2717 2748 2751 2792 2802 2847 2864 2949 2965 2973 3225 3226 3267 3278 3294 3305 3314 3387 3395 3401 3406 3409 3450 3651 3656 3665 3671 3676 3709 3723 3743 3747 , 11 12 19 20 28 35 36 43 44 51 % 98 , 10
91 139 180 190 287 425 653 677 702 778 783 816 864 1052 1054 1068 1075 1104 1109 1137 1174 1225 1254 1261 1267 1272 1283 1588 1591 1602 1607 1638 1646 1704 1747 1748 1792 1793 1854 1861 1898 1917 1998 2002 2008 2081 2088 2256 2265 2277 2317 2333 2347 2348 2351 2352 2367 2455 2483 2484 2542 2564 2566 2625 2654 2703 2717 2751 2768 2792 2802 2864 2949 2965 2973 3225 3226 3267 3278 3294 3305 3314 3387 3395 3401 3406 3409 3450 3651 3656 3665 3676 3709 3722 3723 3743 3747 3810 , 11 12 20 27 28 35 36 43 51 52 % 98 , 10
91 139 190 287 425 653 677 702 778 783 814 816 818 864 1052 1054 1068 1075 1104 1109 1118 1137 1174 1225 1254 1261 1267 1272 1283 1323 1588 1591 1598 1602 1607 1638 1646 1747 1748 1792 1793 1854 1861 1898 1917 1998 2002 2008 2081 2088 2256 2265 2277 2317 2333 2347 2348 2351 2352 2367 2455 2483 2484 2542 2564 2566 2625 2703 2717 2751 2792 2802 2847 2864 2949 2965 2973 3225 3226 3267 3278 3294 3305 3314 3387 3395 3401 3406 3409 3450 3651 3656 3665 3676 3709 3723 3743 3747 , 11 12 19 20 28 36 43 44 51 52 % 98 , 10
91 139 190 287 425 433 434 653 677 702 778 783 816 864 907 1052 1054 1068 1075 1098 1104 1109 1137 1174 1225 1254 1261 1267 1272 1283 1588 1591 1602 1607 1638 1646 1747 1748 1792 1793 1854 1860 1861 1898 1917 1984 1998 2002 2008 2081 2088 2256 2265 2277 2317 2333 2347 2348 2351 2352 2367 2455 2483 2484 2542 2564 2566 2625 2703 2717 2751 2792 2802 2864 2949 2965 2973 3225 3226 3267 3278 3294 3305 3314 3387 3395 3401 3406 3409 3450 3651 3656 3665 3676 3709 3723 3743 3747 , 12 19 20 27 35 36 43 44 51 52 % 98 , 10
91 139 190 287 425 653 677 702 778 783 816 864 1052 1054 1068 1075 1104 1109 1137 1174 1199 1200 1225 1254 1261 1267 1272 1283 1323 1588 1591 1602 1607 1638 1646 1747 1748 1792 1793 1854 1861 1898 1917 1998 2002 2008 2081 2088 2256 2265 2277 2317 2333 2347 2348 2351 2352 2367 2455 2483 2484 2542 2564 2566 2625 2703 2717 2722 2751 2792 2802 2847 2864 2949 2965 2973 3225 3226 3267 3278 3294 3305 3314 3387 3395 3401 3406 3409 3450 3651 3656 3665 3676 3699 3709 3723 3743 3747 , 11 12 19 20 28 35 36 43 44 52 % 98 , 10
91 139 190 287 425 653 677 702 778 783 816 864 1052 1054 1068 1075 1104 1109 1118 1137 1174 1225 1254 1261 1267 1272 1283 1588 1591 1598 1602 1607 1638 1646 1747 1748 1792 1793 1854 1861 1898 1917 1998 2002 2008 2081 2088 2256 2265 2277 2317 2333 2347 2348 2351 2352 2367 2455 2483 2484 2542 2564 2566 2600 2625 2629 2703 2717 2748 2751 2792 2802 2864 2949 2965 2973 3225 3226 3267 3278 3294 3305 3314 3387 3395 3401 3406 3409 3450 3651 3656 3665 3671 3676 3709 3723 3743 3747 , 11 12 19 20 27 28 36 43 44 51 % 98 , 10
91 139 190 287 425 653 677 702 778 783 816 864 1052 1054 1068 1075 1104 1109 1137 1152 1174 1225 1254 1261 1267 1272 1283 1588 1591 1602 1607 1638 1646 1747 1748 1792 1793 1854 1861 1898 1917 1927 1998 2002 2008 2081 2088 2256 2265 2277 2317 2333 2347 2348 2351 2352 2367 2455 2483 2484 2542 2564 2566 2625 2703 2717 2751 2768 2792 2802 2864 2945 2949 2965 2973 3225 3226 3267 3278 3294 3305 3314 3387 3395 3401 3406 3409 3450 3651 3656 3665 3676 3709 3722 3723 3743 3747 3810 , 11 12 20 27 28 35 43 44 51 52 % 98 , 10
91 139 190 287 425 653 677 702 778 783 816 864 1052 1054 1068 1075 1104 1109 1137 1152 1172 1174 1225 1254 1261 1267 1272 1283 1588 1591 1602 1607 1638 1646 1747 1748 1792 1793 1854 1861 1868 1898 1917 1927 1998 2002 2008 2081 2088 2256 2265 2277 2317 2333 2347 2348 2351 2352 2359 2367 2455 2483 2484 2542 2564 2566 2625 2703 2717 2751 2792 2802 2864 2945 2949 2965 2973 3225 3226 3267 3278 3294 3305 3314 3387 3395 3401 3406 3409 3450 3651 3656 3665 3676 3709 3723 3743 3747 , 11 19 20 27 28 35 43 44 51 52 % 98 , 10
91 139 190 287 425 653 677 702 778 783 816 864 1052 1054 1068 1075 1104 1109 1137 1174 1225 1254 1261 1267 1272 1283 1323 1588 1591 1595 1602 1607 1638 1646 1747 1748 1792 1793 1854 1861 1898 1917 1998 2002 2008 2081 2088 2256 2265 2277 2317 2333 2347 2348 2351 2352 2367 2455 2483 2484 2542 2564 2566 2625 2703 2717 2751 2792 2802 2847 2864 2949 2965 2973 3225 3226 3267 3278 3294 3305 3314 3387 3395 3401 3406 3409 3450 3469 3543 3651 3656 3665 3676 3709 3710 3723 3743 3747 , 11 12 19 20 28 35 36 44 51 52 % 98 , 10
91 139 190 287 425 653 677 702 778 783 816 864 1052 1054 1068 1075 1104 1109 1137 1174 1199 1200 1225 1254 1261 1267 1272 1283 1588 1591 1602 1607 1638 1646 1747 1748 1792 1793 1854 1861 1898 1917 1998 2002 2008 2081 2088 2256 2265 2277 2317 2333 2347 2348 2351 2352 2367 2455 2483 2484 2542 2564 2566 2625 2703 2717 2722 2751 2768 2792 2802 2864 2949 2965 2973 3225 3226 3267 3278 3294 3305 3314 3387 3395 3401 3406 3409 3450 3651 3656 3665 3676 3699 3709 3722 3723 3743 3747 3810 , 11 12 20 27 28 35 36 43 44 52 % 99 , 10
91 139 190 287 425 653 677 702 778 783 816 864 1052 1054 1068 1075 1104 1109 1137 1172 1174 1199 1200 1225 1254 1261 1267 1272 1283 1588 1591 1602 1607 1638 1646 1747 1748 1792 1793 1854 1861 1868 1898 1917 1998 2002 2008 2081 2088 2256 2265 2277 2317 2333 2347 2348 2351 2352 2359 2367 2455 2483 2484 2542 2564 2566 2625 2703 2717 2722 2751 2792 2802 2864 2949 2965 2973 3225 3226 3267 3278 3294 3305 3314 3387 3395 3401 3406 3409 3450 3651 3656 3665 3676 3699 3709 3723 3743 3747 , 11 19 20 27 28 35 36 43 44 52 % 99 , 10
91 139 190 287 425 433 434 653 677 702 778 783 816 864 907 1052 1054 1068 1075 1104 1109 1118 1137 1174 1225 1254 1261 1267 1272 1283 1588 1591 1598 1602 1607 1638 1646 1747 1748 1792 1793 1854 1860 1861 1898 1917 1984 1998 2002 2008 2081 2088 2256 2265 2277 2317 2333 2347 2348 2351 2352 2367 2455 2483 2484 2542 2564 2566 2625 2703 2717 2751 2792 2802 2864 2949 2965 2973 3225 3226 3267 3278 3294 3305 3314 3387 3395 3401 3406 3409 3450 3651 3656 3665 3676 3709 3723 3743 3747 , 12 19 20 27 28 36 43 44 51 52 % 99 , 10
91 139 190 287 425 653 677 702 778 783 816 864 1052 1054 1068 1075 1104 1109 1137 1172 1174 1225 1254 1261 1267 1272 1283 1588 1591 1595 1602 1607 1638 1646 1747 1748 1792 1793 1854 1861 1868 1898 1917 1998 2002 2008 2081 2088 2256 2265 2277 2317 2333 2347 2348 2351 2352 2359 2367 2455 2483 2484 2542 2564 2566 2625 2703 2717 2751 2792 2802 2864 2949 2965 2973 3225 3226 3267 3278 3294 3305 3314 3387 3395 3401 3406 3409 3450 3469 3543 3651 3656 3665 3676 3709 3710 3723 3743 3747 , 11 19 20 27 28 35 36 44 51 52 % 99 , 10
91 139 190 287 425 653 677 702 778 783 816 864 1052 1054 1068 1075 1104 1109 1137 1152 1174 1199 1200 1225 1254 1261 1267 1272 1283 1588 1591 1602 1607 1638 1646 1747 1748 1792 1793 1854 1861 1898 1917 1927 1998 2002 2008 2081 2088 2256 2265 2277 2317 2333 2347 2348 2351 2352 2367 2455 2483 2484 2542 2564 2566 2625 2703 2717 2722 2751 2792 2802 2864 2945 2949 2965 2973 3225 3226 3267 3278 3294 3305 3314 3387 3395 3401 3406 3409 3450 3651 3656 3665 3676 3699 3709 3723 3743 3747 , 11 12 19 20 27 28 35 43 44 52 % 99 , 10
91 139 190 287 425 653 677 702 778 783 816 864 1052 1054 1068 1075 1104 1109 1118 1137 1174 1225 1254 1261 1267 1272 1283 1588 1591 1595 1598 1602 1607 1638 1646 1747 1748 1792 1793 1854 1861 1898 1917 1998 2002 2008 2081 2088 2256 2265 2277 2317 2333 2347 2348 2351 2352 2367 2455 2483 2484 2542 2564 2566 2625 2703 2717 2751 2792 2802 2864 2949 2965 2973 3225 3226 3243 3267 3278 3294 3305 3314 3387 3395 3401 3406 3409 3450 3469 3543 3651 3656 3665 3676 3709 3710 3723 3743 3747 , 11 12 19 20 27 28 36 44 51 52 % 99 , 10
91 139 190 287 425 433 434 653 677 702 778 783 816 864 907 1052 1054 1068 1075 1104 1109 1137 1174 1225 1254 1261 1267 1272 1283 1323 1588 1591 1602 1607 1638 1646 1747 1748 1792 1793 1854 1860 1861 1898 1917 1984 1998 2002 2008 2081 2088 2256 2265 2277 2317 2333 2347 2348 2351 2352 2367 2455 2483 2484 2542 2564 2566 2625 2703 2717 2751 2792 2802 2847 2864 2949 2965 2973 3225 3226 3267 3278 3294 3305 3314 3387 3395 3401 3406 3409 3450 3651 3656 3665 3676 3709 3723 3743 3747 , 12 19 20 28 35 36 43 44 51 52 % 99 , 10
91 139 190 287 425 653 677 702 778 783 816 864 1052 1054 1068 1075 1104 1109 1118 1137 1174 1199 1200 1225 1254 1261 1267 1272 1283 1588 1591 1598 1602 1607 1638 1646 1747 1748 1792 1793 1854 1861 1898 1917 1998 2002 2008 2081 2088 2256 2265 2277 2317 2333 2347 2348 2351 2352 2367 2455 2483 2484 2542 2564 2566 2625 2703 2717 2722 2751 2792 2802 2864 2949 2965 2973 2976 3225 3226 3267 3278 3294 3305 3314 3387 3395 3401 3406 3409 3450 3651 3656 3665 3676 3699 3709 3723 3743 3747 , 11 12 19 20 27 28 36 43 44 52 % 99 , 10
91 139 180 190 287 425 653 677 702 778 783 816 864 1052 1054 1068 1075 1104 1109 1137 1174 1199 1200 1225 1254 1261 1267 1272 1283 1588 1591 1602 1607 1638 1646 1704 1747 1748 1792 1793 1854 1861 1898 1917 1998 2002 2008 2081 2088 2256 2265 2277 2317 2333 2347 2348 2351 2352 2367 2455 2483 2484 2542 2564 2566 2625 2654 2703 2717 2722 2751 2792 2802 2864 2949 2965 2973 3225 3226 3267 3278 3294 3305 3314 3387 3395 3401 3406 3409 3450 3651 3656 3665 3676 3699 3709 3723 3743 3747 , 11 12 19 20 27 28 35 36 43 52 % 99 , 10
91 139 190 287 425 653 677 702 778 783 816 864 1052 1054 1068 1075 1104 1109 1137 1174 1225 1254 1261 1267 1272 1283 1588 1591 1595 1602 1607 1638 1646 1747 1748 1792 1793 1854 1861 1898 1917 1998 2002 2008 2081 2088 2256 2265 2277 2317 2333 2347 2348 2351 2352 2367 2455 2483 2484 2542 2564 2566 2625 2703 2717 2751 2768 2792 2802 2864 2949 2965 2973 3225 3226 3267 3278 3294 3305 3314 3387 3395 3401 3406 3409 3450 3469 3543 3651 3656 3665 3676 3709 3710 3722 3723 3743 3747 3810 , 11 12 20 27 28 35 36 44 51 52 % 99 , 10
91 139 190 287 425 653 677 702 778 783 816 864 1052 1054 1068 1075 1104 1109 1137 1172 1174 1225 1254 1261 1267 1272 1283 1588 1591 1602 1607 1638 1646 1747 1748 1792 1793 1854 1861 1868 1898 1917 1998 2002 2008 2081 2088 2256 2265 2277 2317 2333 2347 2348 2351 2352 2359 2367 2455 2483 2484 2542 2564 2566 2600 2625 2629 2703 2717 2748 2751 2792 2802 2864 2949 2965 2973 3225 3226 3267 3278 3294 3305 3314 3387 3395 3401 3406 3409 3450 3651 3656 3665 3671 3676 3709 3723 3743 3747 , 11 19 20 27 28 35 36 43 44 51 % 99 , 10
91 139 180 190 287 425 653 677 702 778 783 816 864 1052 1054 1068 1075 1104 1109 1137 1174 1225 1254 1261 1267 1272 1283 1588 1591 1595 1602 1607 1638 1646 1704 1747 1748 1792 1793 1854 1861 1898 1917 1998 2002 2008 2081 2088 2256 2265 2277 2317 2333 2347 2348 2351 2352 2367 2455 2483 2484 2542 2564 2566 2625 2654 2703 2717 2751 2792 2802 2864 2949 2965 2973 3225 3226 3267 3278 3294 3305 3314 3387 3395 3401 3406 3409 3450 3469 3543 3651 3656 3665 3676 3709 3710 3723 3743 3747 , 11 12 19 20 27 28 35 36 51 52 % 99 , 10
91 139 190 287 425 653 677 702 778 783 816 864 1052 1054 1068 1075 1104 1109 1137 1152 1174 1225 1254 1261 1267 1272 1283 1588 1591 1595 1602 1607 1638 1646 1747 1748 1792 1793 1854 1861 1898 1917 1927 1998 2002 2008 2081 2088 2256 2265 2277 2317 2333 2347 2348 2351 2352 2367 2455 2483 2484 2542 2564 2566 2625 2703 2717 2751 2792 2802 2864 2945 2949 2965 2973 3225 3226 3267 3278 3294 3305 3314 3387 3395 3401 3406 3409 3450 3469 3543 3651 3656 3665 3676 3709 3710 3723 3743 3747 , 11 12 19 20 27 28 35 44 51 52 % 99 , 10
91 139 190 287 425 653 677 702 778 783 816 864 1052 1054 1068 1075 1104 1109 1137 1174 1225 1254 1261 1267 1272 1283 1588 1591 1602 1607 1638 1646 1747 1748 1792 1793 1854 1861 1898 1917 1998 2002 2008 2081 2088 2256 2265 2277 2317 2333 2347 2348 2351 2352 2367 2455 2483 2484 2542 2564 2566 2600 2625 2629 2703 2717 2748 2751 2768 2792 2802 2864 2949 2965 2973 3225 3226 3267 3278 3294 3305 3314 3387 3395 3401 3406 3409 3450 3651 3656 3665 3671 3676 3709 3722 3723 3743 3747 3810 , 11 12 20 27 28 35 36 43 44 51 % 99 , 10
91 139 190 287 425 653 677 702 778 783 816 864 1052 1054 1068 1075 1104 1109 1137 1174 1199 1200 1225 1254 1261 1267 1272 1283 1588 1591 1602 1607 1638 1646 1747 1748 1792 1793 1854 1861 1898 1917 1998 2002 2008 2081 2088 2256 2265 2277 2317 2333 2347 2348 2351 2352 2367 2455 2483 2484 2542 2564 2566 2600 2625 2629 2703 2717 2722 2748 2751 2792 2802 2864 2949 2965 2973 3225 3226 3267 3278 3294 3305 3314 3387 3395 3401 3406 3409 3450 3651 3656 3665 3671 3676 3699 3709 3723 3743 3747 , 11 12 19 20 27 28 35 36 43 44 % 100 , 10
91 139 180 190 287 425 433 434 653 677 702 778 783 816 864 907 1052 1054 1068 1075 1104 1109 1137 1174 1225 1254 1261 1267 1272 1283 1588 1591 1602 1607 1638 1646 1704 1747 1748 1792 1793 1854 1860 1861 1898 1917 1984 1998 2002 2008 2081 2088 2256 2265 2277 2317 2333 2347 2348 2351 2352 2367 2455 2483 2484 2542 2564 2566 2625 2654 2703 2717 2751 2792 2802 2864 2949 2965 2973 3225 3226 3267 3278 3294 3305 3314 3387 3395 3401 3406 3409 3450 3651 3656 3665 3676 3709 3723 3743 3747 , 12 19 20 27 28 35 36 43 51 52 % 100 , 10
91 139 190 287 425 433 434 653 677 702 778 783 816 864 907 1052 1054 1068 1075 1104 1109 1137 1152 1174 1225 1254 1261 1267 1272 1283 1588 1591 1602 1607 1638 1646 1747 1748 1792 1793 1854 1860 1861 1898 1917 1927 1984 1998 2002 2008 2081 2088 2256 2265 2277 2317 2333 2347 2348 2351 2352 2367 2455 2483 2484 2542 2564 2566 2625 2703 2717 2751 2792 2802 2864 2945 2949 2965 2973 3225 3226 3267 3278 3294 3305 3314 3387 3395 3401 3406 3409 3450 3651 3656 3665 3676 3709 3723 3743 3747 , 12 19 20 27 28 35 43 44 51 52 % 100 , 10
91 139 180 190 287 425 653 677 702 778 783 816 864 1052 1054 1068 1075 1104 1109 1137 1152 1174 1225 1254 1261 1267 1272 1283 1588 1591 1602 1607 1638 1646 1704 1747 1748 1751 1792 1793 1854 1861 1898 1917 1927 1998 2002 2008 2081 2088 2256 2265 2277 2317 2333 2347 2348 2351 2352 2367 2455 2483 2484 2542 2564 2566 2625 2654 2663 2703 2717 2751 2792 2802 2864 2945 2949 2965 2973 3225 3226 3267 3278 3294 3305 3314 3387 3395 3401 3406 3409 3450 3651 3656 3665 3676 3709 3723 3743 3747 , 11 12 19 20 27 28 35 43 51 52 % 100 , 10
91 139 190 287 425 653 677 702 778 783 816 864 1052 1054 1068 1075 1104 1109 1137 1152 1174 1225 1254 1261 1267 1272 1283 1588 1591 1602 1607 1638 1646 1747 1748 1792 1793 1854 1861 1898 1917 1927 1998 2002 2008 2081 2088 2256 2265 2277 2317 2333 2347 2348 2351 2352 2367 2455 2483 2484 2542 2564 2566 2600 2625 2629 2703 2717 2748 2751 2792 2802 2864 2945 2949 2965 2973 3225 3226 3267 3278 3294 3305 3314 3387 3395 3401 3406 3409 3450 3576 3651 3656 3665 3671 3676 3709 3723 3743 3747 , 11 12 19 20 27 28 35 43 44 51 % 100 , 10
91 139 190 287 425 653 677 702 778 783 816 864 1052 1054 1068 1075 1104 1109 1137 1174 1225 1254 1261 1267 1272 1283 1588 1591 1595 1602 1607 1638 1646 1747 1748 1792 1793 1854 1861 1898 1917 1998 2002 2008 2081 2088 2256 2265 2277 2317 2333 2347 2348 2351 2352 2367 2455 2483 2484 2542 2564 2566 2600 2625 2629 2703 2717 2748 2751 2792 2802 2864 2949 2965 2973 3225 3226 3267 3278 3294 3305 3314 3387 3395 3401 3406 3409 3450 3469 3543 3651 3656 3665 3671 3676 3709 3710 3723 3743 3747 , 11 12 19 20 27 28 35 36 44 51 % 100 , 10
91 139 190 287 425 433 434 653 677 702 778 783 816 864 907 1052 1054 1068 1075 1104 1109 1137 1172 1174 1225 1254 1261 1267 1272 1283 1588 1591 1602 1607 1638 1646 1747 1748 1792 1793 1854 1860 1861 1868 1898 1917 1984 1998 2002 2008 2081 2088 2256 2265 2277 2317 2333 2347 2348 2351 2352 2359 2367 2455 2483 2484 2542 2564 2566 2625 2703 2717 2751 2792 2802 2864 2949 2965 2973 3225 3226 3267 3278 3294 3305 3314 3387 3395 3401 3406 3409 3450 3651 3656 3665 3668 3676 3709 3723 3743 3747 , 19 20 27 28 35 36 43 44 51 52 % 101 , 10
91 139 180 190 287 425 653 677 702 778 783 816 864 868 1052 1054 1068 1075 1104 1109 1137 1174 1225 1254 1261 1267 1272 1283 1588 1591 1602 1607 1638 1646 1704 1747 1748 1792 1793 1854 1861 1898 1917 1920 1998 2002 2008 2081 2088 2256 2265 2277 2317 2333 2347 2348 2351 2352 2367 2455 2483 2484 2542 2564 2566 2600 2625 2629 2654 2703 2717 2748 2751 2792 2802 2864 2949 2965 2973 3225 3226 3267 3278 3294 3305 3314 3387 3395 3401 3406 3409 3450 3651 3656 3665 3671 3676 3709 3723 3743 3747 , 11 12 19 20 27 28 35 36 43 51 % 101 , 10
91 139 190 287 425 433 434 653 677 702 778 783 816 864 907 1052 1054 1068 1075 1104 1109 1137 1174 1225 1254 1261 1267 1272 1283 1588 1591 1602 1607 1638 1646 1747 1748 1792 1793 1854 1860 1861 1898 1917 1984 1998 2002 2008 2081 2088 2256 2265 2277 2317 2333 2347 2348 2351 2352 2367 2455 2483 2484 2542 2564 2566 2600 2625 2629 2703 2717 2748 2751 2792 2802 2864 2949 2965 2973 3225 3226 3267 3278 3294 3305 3314 3387 3395 3401 3406 3409 3450 3651 3656 3665 3671 3676 3709 3723 3743 3747 , 12 19 20 27 28 35 36 43 44 51 % 101 , 10
91 139 190 287 412 425 433 434 653 677 702 778 783 816 864 907 1052 1054 1068 1075 1104 1109 1137 1174 1225 1254 1261 1267 1272 1283 1588 1591 1595 1602 1607 1638 1646 1747 1748 1792 1793 1854 1860 1861 1898 1917 1984 1998 2002 2008 2081 2088 2256 2265 2277 2317 2333 2347 2348 2351 2352 2367 2455 2483 2484 2542 2564 2566 2625 2703 2717 2751 2792 2802 2864 2949 2965 2973 3225 3226 3267 3278 3294 3305 3314 3387 3395 3401 3406 3409 3450 3469 3543 3651 3656 3665 3676 3709 3710 3723 3743 3747 , 12 19 20 27 28 35 36 44 51 52 % 102 , 10
91 139 190 287 425 433 434 653 677 702 778 783 799 816 864 907 1052 1054 1068 1075 1104 1109 1137 1174 1225 1254 1261 1267 1272 1283 1588 1591 1602 1607 1638 1646 1747 1748 1792 1793 1854 1860 1861 1898 1917 1984 1998 2002 2008 2081 2088 2256 2265 2277 2317 2333 2347 2348 2351 2352 2367 2455 2483 2484 2542 2564 2566 2625 2703 2717 2751 2768 2792 2802 2864 2949 2965 2973 3028 3225 3226 3267 3278 3294 3305 3314 3387 3395 3401 3406 3409 3450 3590 3651 3656 3665 3676 3709 3722 3723 3743 3747 3810 , 12 20 27 28 35 36 43 44 51 52 % 103 , 10
91 139 190 287 425 433 434 653 664 677 702 778 783 816 864 907 1052 1054 1068 1075 1104 1109 1137 1174 1199 1200 1225 1254 1261 1267 1272 1283 1588 1591 1602 1607 1638 1646 1747 1748 1792 1793 1854 1860 1861 1898 1917 1984 1992 1998 2002 2008 2081 2088 2256 2265 2277 2317 2333 2347 2348 2351 2352 2367 2455 2483 2484 2542 2564 2566 2625 2703 2717 2722 2751 2792 2802 2864 2949 2965 2973 3225 3226 3267 3278 3294 3305 3314 3349 3387 3395 3401 3406 3409 3450 3651 3656 3665 3676 3699 3709 3723 3743 3747 , 12 19 20 27 28 35 36 43 44 52 % 104 , 10
78 91 139 190 287 425 653 677 702 778 783 816 864 900 1052 1054 1068 1075 1104 1109 1137 1174 1193 1199 1200 1204 1225 1254 1261 1267 1272 1283 1588 1591 1595 1602 1607 1638 1646 1747 1748 1792 1793 1854 1861 1898 1917 1969 1998 2002 2008 2081 2088 2126 2211 2256 2265 2277 2317 2333 2347 2348 2351 2352 2367 2455 2483 2484 2542 2564 2566 2625 2703 2717 2722 2751 2792 2802 2864 2920 2949 2965 2973 3225 3226 3267 3278 3294 3305 3314 3387 3395 3401 3406 3409 3450 3469 3543 3651 3656 3665 3676 3699 3709 3710 3723 3743 3747 , 11 12 19 20 27 28 35 36 44 52 % 108 , 10
91 139 190 287 425 653 677 702 778 783 816 864 1052 1054 1068 1075 1098 1104 1109 1137 1174 1225 1254 1261 1267 1272 1283 1588 1591 1602 1607 1638 1646 1747 1748 1792 1793 1854 1861 1898 1917 1998 2002 2008 2081 2088 2256 2265 2277 2317 2333 2347 2348 2351 2352 2367 2455 2483 2484 2542 2564 2566 2625 2703 2717 2751 2792 2802 2864 2949 2965 2973 3225 3226 3267 3278 3294 3305 3314 3387 3395 3401 3406 3409 3450 3651 3656 3665 3676 3709 3723 3743 3747 , 11 12 19 20 27 35 36 43 44 51 52 % 93 , 11
91 139 190 287 425 653 677 702 778 783 816 864 1052 1054 1068 1075 1104 1109 1137 1174 1225 1254 1261 1267 1272 1283 1588 1591 1602 1607 1638 1646 1747 1748 1792 1793 1854 1861 1898 1917 1998 2002 2008 2081 2088 2256 2265 2277 2317 2333 2347 2348 2351 2352 2367 2455 2483 2484 2542 2564 2566 2625 2703 2704 2717 2751 2792 2802 2864 2949 2965 2973 3225 3226 3267 3278 3294 3305 3314 3387 3395 3401 3406 3409 3450 3651 3656 3665 3676 3709 3723 3743 3747 , 11 12 19 27 28 35 36 43 44 51 52 % 93 , 11
91 139 190 287 425 653 677 702 778 783 816 864 1052 1054 1068 1075 1104 1109 1118 1137 1174 1225 1254 1261 1267 1272 1283 1588 1591 1598 1602 1607 1638 1646 1747 1748 1792 1793 1854 1861 1898 1917 1998 2002 2008 2081 2088 2256 2265 2277 2317 2333 2347 2348 2351 2352 2367 2455 2483 2484 2542 2564 2566 2625 2703 2717 2751 2792 2802 2864 2949 2965 2973 3225 3226 3267 3278 3294 3305 3314 3387 3395 3401 3406 3409 3450 3651 3656 3665 3676 3709 3723 3743 3747 , 11 12 19 20 27 28 36 43 44 51 52 % 94 , 11
91 139 190 287 425 653 677 702 778 783 816 864 1052 1054 1068 1075 1104 1109 1137 1174 1225 1254 1261 1267 1272 1283 1323 1588 1591 1602 1607 1638 1646 1747 1748 1792 1793 1854 1861 1898 1917 1998 2002 2008 2081 2088 2256 2265 2277 2317 2333 2347 2348 2351 2352 2367 2455 2483 2484 2542 2564 2566 2625 2703 2717 2751 2792 2802 2847 2864 2949 2965 2973 3225 3226 3267 3278 3294 3305 3314 3387 3395 3401 3406 3409 3450 3651 3656 3665 3676 3709 3723 3743 3747 , 11 12 19 20 28 35 36 43 44 51 52 % 94 , 11
91 139 190 287 425 653 677 702 778 783 816 864 1052 1054 1068 1075 1104 1109 1137 1174 1225 1254 1261 1267 1272 1283 1588 1591 1602 1607 1638 1646 1747 1748 1792 1793 1854 1861 1898 1917 1998 2002 2008 2081 2088 2256 2265 2277 2317 2333 2347 2348 2351 2352 2367 2455 2483 2484 2542 2564 2566 2625 2703 2717 2751 2768 2792 2802 2864 2949 2965 2973 3225 3226 3267 3278 3294 3305 3314 3387 3395 3401 3406 3409 3450 3651 3656 3665 3676 3709 3722 3723 3743 3747 3810 , 11 12 20 27 28 35 36 43 44 51 52 % 95 , 11
91 139 190 287 425 653 677 702 778 783 816 864 1052 1054 1068 1075 1104 1109 1137 1152 1174 1225 1254 1261 1267 1272 1283 1588 1591 1602 1607 1638 1646 1747 1748 1792 1793 1854 1861 1898 1917 1927 1998 2002 2008 2081 2088 2256 2265 2277 2317 2333 2347 2348 2351 2352 2367 2455 2483 2484 2542 2564 2566 2625 2703 2717 2751 2792 2802 2864 2945 2949 2965 2973 3225 3226 3267 3278 3294 3305 3314 3387 3395 3401 3406 3409 3450 3651 3656 3665 3676 3709 3723 3743 3747 , 11 12 19 20 27 28 35 43 44 51 52 % 95 , 11
91 139 180 190 287 425 653 677 702 778 783 816 864 1052 1054 1068 1075 1104 1109 1137 1174 1225 1254 1261 1267 1272 1283 1588 1591 1602 1607 1638 1646 1704 1747 1748 1792 1793 1854 1861 1898 1917 1998 2002 2008 2081 2088 2256 2265 2277 2317 2333 2347 2348 2351 2352 2367 2455 2483 2484 2542 2564 2566 2625 2654 2703 2717 2751 2792 2802 2864 2949 2965 2973 3225 3226 3267 3278 3294 3305 3314 3387 3395 3401 3406 3409 3450 3651 3656 3665 3676 3709 3723 3743 3747 , 11 12 19 20 27 28 35 36 43 51 52 % 95 , 11
91 139 190 287 425 653 677 702 778 783 816 864 1052 1054 1068 1075 1104 1109 1137 1172 1174 1225 1254 1261 1267 1272 1283 1588 1591 1602 1607 1638 1646 1747 1748 1792 1793 1854 1861 1868 1898 1917 1998 2002 2008 2081 2088 2256 2265 2277 2317 2333 2347 2348 2351 2352 2359 2367 2455 2483 2484 2542 2564 2566 2625 2703 2717 2751 2792 2802 2864 2949 2965 2973 3225 3226 3267 3278 3294 3305 3314 3387 3395 3401 3406 3409 3450 3651 3656 3665 3676 3709 3723 3743 3747 , 11 19 20 27 28 35 36 43 44 51 52 % 95 , 11
91 139 190 287 425 653 677 702 778 783 816 864 1052 1054 1068 1075 1104 1109 1137 1174 1199 1200 1225 1254 1261 1267 1272 1283 1588 1591 1602 1607 1638 1646 1747 1748 1792 1793 1854 1861 1898 1917 1998 2002 2008 2081 2088 2256 2265 2277 2317 2333 2347 2348 2351 2352 2367 2455 2483 2484 2542 2564 2566 2625 2703 2717 2722 2751 2792 2802 2864 2949 2965 2973 3225 3226 3267 3278 3294 3305 3314 3387 3395 3401 3406 3409 3450 3651 3656 3665 3676 3699 3709 3723 3743 3747 , 11 12 19 20 27 28 35 36 43 44 52 % 96 , 11
91 139 190 287 425 653 677 702 778 783 816 864 1052 1054 1068 1075 1104 1109 1137 1174 1225 1254 1261 1267 1272 1283 1588 1591 1595 1602 1607 1638 1646 1747 1748 1792 1793 1854 1861 1898 1917 1998 2002 2008 2081 2088 2256 2265 2277 2317 2333 2347 2348 2351 2352 2367 2455 2483 2484 2542 2564 2566 2625 2703 2717 2751 2792 2802 2864 2949 2965 2973 3225 3226 3267 3278 3294 3305 3314 3387 3395 3401 3406 3409 3450 3469 3543 3651 3656 3665 3676 3709 3710 3723 3743 3747 , 11 12 19 20 27 28 35 36 44 51 52 % 96 , 11
91 139 190 287 425 653 677 702 778 783 816 864 1052 1054 1068 1075 1104 1109 1137 1174 1225 1254 1261 1267 1272 1283 1588 1591 1602 1607 1638 1646 1747 1748 1792 1793 1854 1861 1898 1917 1998 2002 2008 2081 2088 2256 2265 2277 2317 2333 2347 2348 2351 2352 2367 2455 2483 2484 2542 2564 2566 2600 2625 2629 2703 2717 2748 2751 2792 2802 2864 2949 2965 2973 3225 3226 3267 3278 3294 3305 3314 3387 3395 3401 3406 3409 3450 3651 3656 3665 3671 3676 3709 3723 3743 3747 , 11 12 19 20 27 28 35 36 43 44 51 % 96 , 11
91 139 190 287 425 433 434 653 677 702 778 783 816 864 907 1052 1054 1068 1075 1104 1109 1137 1174 1225 1254 1261 1267 1272 1283 1588 1591 1602 1607 1638 1646 1747 1748 1792 1793 1854 1860 1861 1898 1917 1984 1998 2002 2008 2081 2088 2256 2265 2277 2317 2333 2347 2348 2351 2352 2367 2455 2483 2484 2542 2564 2566 2625 2703 2717 2751 2792 2802 2864 2949 2965 2973 3225 3226 3267 3278 3294 3305 3314 3387 3395 3401 3406 3409 3450 3651 3656 3665 3676 3709 3723 3743 3747 , 12 19 20 27 28 35 36 43 44 51 52 % 97 , 11
91 139 190 287 425 653 677 702 778 783 816 864 1052 1054 1068 1075 1104 1109 1137 1174 1225 1254 1261 1267 1272 1283 1588 1591 1602 1607 1638 1646 1747 1748 1792 1793 1854 1861 1898 1917 1998 2002 2008 2081 2088 2256 2265 2277 2317 2333 2347 2348 2351 2352 2367 2455 2483 2484 2542 2564 2566 2625 2703 2717 2751 2792 2802 2864 2949 2965 2973 3225 3226 3267 3278 3294 3305 3314 3387 3395 3401 3406 3409 3450 3651 3656 3665 3676 3709 3723 3743 3747 , 11 12 19 20 27 28 35 36 43 44 51 52 % 92 , 12
