420
249
1360
2554
1068
2509
1031
3340
2072
397
1587
350
2017
2647
3762
189
2027
3804
280
3692
2577
1262
3571
2540
36
744
1684
373
3155
1726
3318
383
1355
2252
3609
3238
2141
703
1656
1110
3248
59
2071
3502
100
396
512
3131
2646
3390
934
151
1123
2401
489
3061
1133
2109
605
2739
1424
3733
1434
2331
2877
1846
3307
2210
2840
1008
3317
2906
164
794
2002
3663
1984
2298
3292
2261
3618
2140
465
2770
2599
3247
2933
887
2191
1076
3501
1869
558
1498
2645
2808
3686
2025
1340
2284
1970
2163
2793
2326
1132
1544
233
2997
1052
381
3316
2048
2001
1363
2011
2890
1775
3246
627
1901
256
886
1609
2190
2516
1831
349
1539
2654
3551
3714
1168
16
1798
450
1706
2584
2117
3232
1098
2376
1061
751
3199
2255
3782
2121
3737
2422
3616
1937
1154
2931
3092
1900
1729
2560
3037
1455
428
1867
4
1200
2144
1029
348
1288
2608
103
1923
612
2746
871
1223
2167
542
608
2676
1361
3736
3670
1524
964
843
1783
2977
3407
884
3036
2351
676
209
2981
1083
3337
1658
802
3184
3300
3129
194
310
1547
3504
398
102
1588
2236
732
1922
3059
3689
1714
403
3197
1222
662
3531
541
3160
1014
3323
3790
704
170
2541
1990
37
2420
2259
2212
3090
1727
2138
1574
1107
893
426
3045
3391
3554
1657
2305
2935
1620
1449
3758
768
2290
2606
3721
101
3600
494
1921
2865
3058
2591
2165
1851
2795
2328
2911
3322
332
3581
962
2800
2629
1781
2258
1944
3252
2221
3415
1106
1736
892
1365
2512
1244
2188
3619
847
3182
2151
1829
355
985
147
3646
2615
3057
2493
697
3020
3650
2957
3321
2053
378
1022
123
1780
1063
753
2257
1943
2887
382
1105
545
2395
1364
3673
1527
2187
1873
1090
2521
846
1035
2313
3507
3385
220
1457
3548
21
929
146
776
2233
2080
1595
2243
1758
3066
2752
3696
1896
2544
1429
1641
2118
614
1804
2748
1270
960
3112
789
1433
2627
44
122
752
2256
1942
1225
3534
915
3371
2886
1104
3413
707
1114
270
3205
2349
2979
3343
474
637
2942
1293
145
3394
308
3557
1127
1757
901
979
196
2817
868
3440
821
3603
3778
613
2681
1020
539
3158
1479
1813
3741
502
1988
2636
53
380
543
3162
2677
2010
335
1525
2469
691
3626
2311
1618
2515
3393
3709
1593
2241
566
2404
3064
200
2334
2964
1066
1431
3740
52
913
2894
1779
1112
431
1534
2194
2310
2940
2769
1291
9
264
894
65
2611
936
1409
2287
2403
3347
728
1918
291
3226
454
2607
866
2170
3601
3277
2592
2908
621
1811
2755
796
1269
3578
1603
2263
1778
3541
2838
2685
1523
3115
3624
2986
8
990
3772
74
1626
2286
3183
1037
2661
986
1546
1709
1338
3647
657
3276
2962
1064
1694
3165
1486
2917
3530
587
2892
3540
2054
550
1569
2217
2684
2847
3211
1532
2009
3003
3299
2985
1087
2100
3207
3553
217
2522
3345
726
28
573
1392
2040
1555
2749
2203
1718
2081
3275
1759
285
2590
2123
448
2916
3109
1601
2545
1277
2424
3368
749
2271
596
3331
1902
1160
679
133
2984
1790
3414
3261
642
1115
2939
3599
1253
943
105
1045
2488
3136
2822
3766
1391
3645
2614
2377
3492
2340
1855
2122
2799
2970
294
1017
457
1058
2173
1688
1021
2682
711
2845
340
169
1530
970
3122
3668
1989
2474
1322
2983
2993
641
804
3423
3052
433
2567
2520
3561
1882
2075
571
1553
526
1716
3024
2539
3065
2751
3695
3228
609
1483
94
831
594
1067
2844
2224
549
720
2854
2428
640
1580
2774
2307
432
3051
2566
2900
2729
1414
2292
3399
2237
2867
2084
1770
1836
2612
937
1344
784
2288
1974
2622
1507
900
663
3445
455
2589
0
2923
1808
1274
3583
1284
593
1696
2843
385
2472
3579
1367
1950
2427
2936
2783
3213
1880
2866
2149
1205
361
2495
2658
3652
1973
946
1353
3281
825
672
3018
1273
3648
47
1065
3374
2180
1695
384
2852
1737
1700
2644
969
1158
2523
1111
3420
3249
551
2055
714
2218
3096
1904
3467
848
2564
3212
1533
222
3397
778
1204
1051
2245
3189
3360
370
199
533
1723
1505
3280
1134
2412
737
2958
616
2921
245
3373
1791
1074
546
958
175
1602
2480
1995
2643
921
3703
597
1157
1787
2272
2944
268
2573
602
2106
69
2736
3730
3512
2147
1833
2777
3141
2110
435
3304
3771
2819
1981
3605
499
1926
3234
407
1347
3656
2341
666
2504
829
3164
1018
2133
708
1648
174
2679
1994
3465
129
693
3628
2780
3257
504
3049
3002
860
31
1842
197
3150
2665
3488
1513
1762
3354
735
2239
1280
253
2503
1235
1865
717
3118
595
128
721
2225
600
896
1703
2363
3011
1878
1258
1888
1841
359
81
942
322
952
114
1771
1304
3279
289
2594
3242
1563
3751
3034
1605
2720
2178
2761
619
1
1493
3584
182
2803
2432
1947
1164
3473
12
2988
1957
1910
3265
2733
2016
1998
2362
2992
1039
1669
2784
813
988
80
3103
1187
2618
35
525
2029
2830
2593
1715
2501
1233
2511
3171
1492
2686
1655
181
1818
2478
974
507
919
1738
2015
511
1701
2524
1093
3802
1256
229
812
738
3357
3769
2291
1260
3102
1302
2409
3069
534
3699
2918
2384
3032
413
2547
3662
2394
1862
3704
617
1491
2922
1024
1654
3745
343
1283
3755
57
918
1792
2440
2899
3500
1117
1747
436
3685
2152
477
2782
440
1630
2107
3101
158
2463
1978
1311
1941
3402
296
2667
3031
1352
1982
1515
3606
3290
834
463
2597
1816
3591
1445
3754
56
134
764
1954
144
393
1820
2013
2198
694
3009
2161
1046
3355
1676
2791
1839
1468
3777
1097
740
2874
532
3697
1722
3077
1514
2392
2708
2555
833
1069
213
1699
2347
388
2759
1281
3123
254
2388
55
763
926
1582
2230
555
3174
1745
2860
718
3053
3216
347
1537
226
2531
856
3475
2790
648
601
994
277
78
156
786
1259
3521
2090
2406
578
3447
2883
2416
1731
1142
3451
115
2966
1290
2721
1999
925
2276
1591
2651
3627
3007
3637
647
1837
610
3308
1800
318
1192
948
2623
2318
1767
3075
369
2674
3104
2553
3497
878
1522
1697
3460
2345
2975
2508
3168
3798
2137
1823
2895
924
1864
1081
716
1906
1590
2020
1535
508
2813
1545
3636
1891
2368
3362
3428
493
275
3774
76
1094
401
3729
1220
2414
1049
3358
1558
702
2206
1568
3029
3200
1933
298
99
414
261
1451
3760
62
3542
1080
3705
303
1960
1789
17
2066
2696
725
1915
3472
1793
1326
766
3635
1173
645
3264
3427
808
1682
1748
2159
2742
3219
284
1474
1637
400
3565
3728
1983
1266
3575
956
1145
2260
1011
3149
330
3028
1520
3658
3611
1196
668
2973
3621
1487
3796
3079
2765
5
1450
186
2807
2273
1242
2302
190
506
353
2487
3634
3644
807
1681
2158
3273
1255
695
3564
2533
2041
2671
529
3148
1719
2051
255
2389
1358
3667
2505
3620
2134
1570
2709
3587
214
1871
15
2064
352
1589
1542
982
2649
861
1552
2157
3217
282
1472
2120
1635
2750
2579
1264
954
1894
1427
1056
2421
1936
909
2050
375
2680
3110
2625
1194
1139
750
1769
458
421
2773
2718
1403
3712
139
1796
2693
2226
981
2018
2648
3642
1125
2949
1634
607
1481
236
1893
582
2879
3146
1564
2624
2471
1356
2004
675
1148
838
2513
467