2207
2644
437
2594
3808
1957
1470
3190
3627
2734
3171
2684
2634
2990
1089
602
2809
858
321
1585
3255
998
3205
3286
948
1254
3461
1123
1073
1023
536
2387
486
3601
336
2137
286
3370
1519
3320
1419
3139
1775
1188
2502
1138
651
1088
551
501
1815
2252
1765
401
1715
89
2377
120
1353
3641
3104
1203
2567
2954
1930
79
2286
516
1880
641
2005
235
3319
1468
1955
1418
3706
1855
2988
2045
2888
2482
2351
1343
856
937
2657
806
319
400
706
300
3740
3334
119
3771
3284
1433
3153
1383
846
3134
2516
1102
1458
971
871
334
3499
284
2135
3399
184
3755
3705
3655
1217
2887
1036
2837
2787
936
2250
1713
299
2100
1919
2275
1788
1869
1688
1201
2952
2902
2415
464
1828
2265
2084
2
3554
1216
3017
1166
679
2967
1066
579
2430
529
2736
217
167
2455
198
3282
1431
1381
3669
3182
3001
1231
3032
2545
2901
2495
3207
513
869
463
900
413
2620
282
2083
719
2033
3753
3347
132
1983
3297
3734
1883
3603
3553
1346
3066
1165
3322
934
2248
2635
247
1611
1998
3718
1767
1099
2800
899
362
2288
81
1801
3652
1882
1214
1601
1014
527
2815
477
2228
2940
683
2403
1916
196
3717
502
96
3667
1816
3130
1279
3567
1716
1229
3517
3030
1079
2393
717
667
130
211
567
80
30
3632
1781
1294
1244
2964
3045
707
1013
882
476
426
2633
245
326
2533
2046
1996
45
3697
1534
1615
1971
1078
3285
1028
2748
2648
697
2061
3781
3375
3325
110
466
1699
1780
2136
1599
1680
3350
2863
3300
2813
425
862
275
2788
94
3615
3515
3465
1614
3415
3365
977
2291
440
2728
259
696
2416
2903
646
3730
1879
28
515
2316
465
2266
415
59
3043
1192
2993
1142
2406
911
3118
861
2581
730
374
324
680
2531
174
530
2331
3514
3545
1694
1076
1432
1513
3233
1382
1332
3133
1282
876
1232
826
208
645
158
595
1959
3710
1859
1678
1191
3348
3785
1091
1447
3248
2761
991
760
710
223
2024
173
1974
1843
429
2149
3413
3363
1512
3263
925
594
2214
7
2164
1090
3328
2841
940
2304
453
1246
2610
709
172
478
72
22
3543
3006
2956
3131
3568
874
1230
1180
2981
774
643
287
724
2444
3758
1907
56
493
6
443
3527
3608
1757
3558
2063
1576
1526
3733
989
2659
808
758
2559
2509
171
558
3642
3236
1872
1997
1104
1947
1054
3261
873
3111
2624
773
186
2212
2293
442
1625
2062
3376
1375
838
2458
607
2814
70
507
2714
2127
2077
3391
2854
1309
3029
3516
822
772
672
541
2342
572
85
441
341
60
3631
1293
1424
3225
887
3175
837
1193
2994
2507
787
2944
1093
2894
200
556
3721
506
3621
406
1770
3571
1539
3259
3696
1489
3209
1795
3159
1389
902
1258
852
1208
721
3009
1158
671
752
2372
340
1654
2010
240
1554
3274
1373
1323
1273
1223
199
2662
2125
2206
3389
1538
1488
3189
851
2521
1107
2827
570
2290
2371
33
2240
2677
339
420
2140
289
1653
3529
2992
785
1222
685
2405
554
635
2305
3619
404
1768
3569
2205
354
2155
1668
304
3469
1131
1487
3288
1387
1256
3057
1206
1287
3007
1156
1237
750
1106
2470
700
2420
213
2857
600
2320
469
3634
1602
1958
238
3759
1989
965
1758
1271
1171
2435
2741
403
2073
2510
3287
3237
1873
3674
3187
1336
1417
1286
1236
2906
1055
2856
2725
2319
468
2188
418
1782
2088
318
1938
2715
864
3508
1170
2890
3327
2921
533
2740
402
2334
352
433
383
252
1566
202
1516
3186
3542
1772
3136
3005
3492
1235
3392
698
2986
2368
517
2805
598
2168
1681
2118
136
86
36
3070
1219
3020
763
1200
713
663
1019
2820
969
3647
1796
788
301
201
151
1465
3622
1771
878
1234
3085
1315
1184
778
2985
2267
903
853
2167
316
803
2523
2117
1580
3787
2017
3250
3687
1349
1249
531
968
2769
2282
431
2638
2232
281
2001
3802
1951
3315
3265
1414
3215
1670
3340
2934
2447
3290
2884
1033
2397
2834
2166
315
396
2116
265
3430
215
3380
165
3199
1785
3505
3586
1198
2918
2868
1017
611
2818
511
2231
3670
3751
3570
1313
1182
1619
1213
2933
676
2833
2652
2165
314
2602
2115
164
1884
1965
1478
1378
891
1734
1684
3048
1147
2948
2817
966
2767
1403
2230
816
766
279
2486
1999
2080
1949
2030
179
1899
1493
3213
3600
1749
1262
1568
1081
1518
1031
3238
2832
494
2701
444
2195
2551
344
2064
2095
244
2451
1427
3715
3584
1146
3353
2947
3303
2816
3253
2847
509
2797
328
2616
2129
228
3393
3749
534
47
2335
1848
3699
3649
1261
1030
1111
930
830
343
162
549
3633
1863
12
1376
3664
1813
3533
1326
2946
3383
2896
689
639
2359
2615
2128
277
2565
2028
664
127
1847
1491
3598
1697
3011
1597
3317
2780
2730
879
292
2499
2093
242
2043
2349
1862
92
1812
1325
1762
2945
3301
1581
3251
3332
3201
2795
2664
2745
2614
3051
307
2027
2514
2108
207
76
382
3547
3010
3316
1009
2810
909
422
2629
372
728
3762
547
2398
3712
1861
447
1811
3562
3431
3381
1124
2844
1074
587
3231
893
2563
1149
3727
3677
1826
1776
1645
3446
2959
1108
1239
2859
1008
1314
827
777
2578
727
90
1810
1760
1354
1710
1660
3330
115
3280
2793
1379
305
2593
2106
742
205
2362
1875
3726
1825
1906
3495
3445
1594
230
2031
3264
3345
2858
3014
2527
807
757
1990
139
220
3791
2296
526
2246
395
3610
345
3410
1559
2923
3229
3179
922
1047
560
3675
1824
2311
360
3525
3475
1624
956
550
1212
1112
625
3790
38
1839
3559
1658
1252
1202
1558
2922
2872
665
13
3228
1864
3665
3128
1277
790
1227
2591
3028
1177
2541
2410
2491
640
2441
1773
1723
3524
2160
1492
3193
1342
855
1292
3012
2525
2962
705
655
3739
1969
118
780
3458
2044
3358
143
3227
3177
2771
920
2721
3077
820
2571
720
2796
2309
358
2886
2836
398
1110
2911
1060
573
523
2324
3638
2274
1737
3407
1150
1456
1050
2770
1406
3076
2926
2439
588
51
488
438
1752
1265
1215
1652
3728
1877
26
1390
3628
1140
653
2504
2373
603
1967
503
1867
3587
2529
191
1505
1455
1892
3206
2719
3075
2669
3025
768
2975
2488
2469
1851