70 161 211 258 394 418 472 524 540 585 590 760 779 989 1017 1095 1130 1142 1207 1216 1224 1382 1419 1575 1579 , 0 % 25 , 1
835 921 1009 1862 1869 1884 2014 2115 2274 2360 2406 2412 2486 2620 2648 2715 3030 3209 3290 3319 3424 3629 3654 3706 3791 , 3 % 25 , 1
26 32 108 155 228 235 304 367 374 403 427 440 465 503 556 579 599 630 659 860 980 1205 1232 1262 1309 , 0 % 25 , 1
1296 1478 1727 1752 1796 1832 1974 2030 2115 2118 2194 2384 2523 2612 2649 2820 2854 3032 3128 3189 3233 3270 3359 3629 3759 3796 , 3 % 26 , 1
120 496 1108 1768 1820 1954 2364 2429 2469 2477 2635 2718 2767 2780 2795 3001 3261 3280 3285 3435 3462 3489 3526 3537 3612 3697 3747 , 3 % 27 , 1
32 79 136 213 217 282 284 307 362 420 441 465 534 541 573 607 720 1013 1106 1110 1123 1158 1192 1225 1279 1353 1433 1534 , 0 % 28 , 1
1752 1757 1883 2020 2288 2320 2369 2507 2635 2822 2895 2988 2997 3007 3027 3128 3232 3280 3285 3505 3532 3680 3682 3696 3737 3739 3759 3774 , 1 % 28 , 1
131 516 849 970 1009 1034 1211 1397 1426 1680 1723 1882 1938 2064 2125 2267 2406 2504 2507 2629 2718 3005 3320 3340 3462 3479 3608 3649 , 3 % 28 , 1
53 65 96 222 329 410 427 451 534 538 589 593 648 815 978 983 1007 1042 1101 1120 1398 1467 1536 1556 1560 1566 1590 2427 3539 , 6 % 29 , 1
32 79 151 217 235 282 284 304 307 374 401 403 465 534 541 595 630 659 1013 1106 1110 1123 1158 1192 1225 1262 1353 1526 1534 , 5 % 29 , 1
26 92 211 217 265 286 311 321 395 441 665 771 782 904 920 1013 1017 1236 1262 1309 1382 1396 1601 1624 1958 2491 2505 2721 2752 , 3 % 29 , 1
0 7 154 213 228 277 315 472 524 534 563 579 590 595 644 653 760 850 854 855 922 980 989 1158 1208 1225 1236 1433 1615 , 1 % 29 , 1
6 12 47 51 179 198 213 230 282 299 315 420 441 598 607 705 720 788 879 922 1063 1088 1091 1110 1206 1208 1219 1325 1447 1559 , 5 % 30 , 1
1708 1772 1891 1957 2087 2127 2200 2273 2314 2456 2513 2605 2626 2848 2894 2927 3060 3087 3296 3378 3387 3395 3470 3478 3496 3546 3631 3672 3696 3782 3788 , 4 % 31 , 1
39 53 102 199 211 213 284 336 375 580 600 642 644 725 728 738 772 860 962 1008 1106 1107 1142 1192 1197 1205 1222 1225 1236 1348 1400 1419 , 2 % 32 , 1
685 1096 1243 1428 1697 1834 1943 2063 2164 2266 2593 2610 2698 2767 2988 3012 3045 3167 3206 3237 3245 3279 3284 3353 3421 3526 3553 3665 3700 3704 3730 3787 , 3 % 32 , 1
12 26 136 145 161 242 440 486 524 541 573 607 676 726 742 768 774 860 869 927 1017 1036 1088 1106 1110 1127 1142 1192 1205 1325 1353 1382 1433 1443 , 1 % 34 , 1
1710 1715 1723 1752 1760 1768 1875 1907 2095 2118 2260 2267 2305 2517 2523 2571 2610 2616 2793 2872 2942 2988 3032 3179 3233 3285 3319 3505 3559 3569 3631 3638 3649 3699 3787 , 5 % 35 , 1
53 70 72 179 184 252 258 279 284 362 401 438 585 599 625 635 698 727 728 742 766 1008 1036 1093 1123 1177 1188 1191 1216 1231 1237 1279 1526 1559 1625 , 1 % 35 , 1
1710 1715 1723 1752 1760 1768 1875 1907 2095 2118 2260 2267 2334 2507 2517 2523 2571 2610 2616 2793 2872 2888 3077 3179 3233 3285 3319 3348 3559 3631 3669 3682 3696 3699 3759 3774 , 0 % 36 , 1
6 12 47 72 151 179 252 286 299 315 326 354 401 402 441 598 705 713 724 777 788 879 887 922 1054 1088 1091 1107 1110 1206 1208 1219 1252 1465 1559 1625 , 0 % 36 , 1
1644 1667 1680 1756 1875 2095 2123 2183 2373 2504 2521 2620 2648 2807 2924 2934 2942 3005 3145 3169 3317 3338 3350 3373 3375 3376 3517 3524 3554 3559 3682 3700 3739 3748 3766 3774 , 2 % 36 , 1
8 29 74 161 214 230 326 337 351 362 401 418 423 525 573 689 720 1117 1176 1180 1204 1244 1247 1250 1277 1279 1447 1534 1549 1623 2143 2659 2727 3131 3385 3401 3478 , 3 % 37 , 1
7 47 173 235 295 304 362 403 428 464 465 483 512 567 579 598 629 647 661 697 805 814 929 989 1154 1178 1193 1368 1419 2139 2314 2704 2727 2754 3096 3175 3405 3410 , 3 % 38 , 1
309 1685 1686 1856 1907 2025 2091 2101 2103 2139 2216 2226 2270 2300 2473 2516 2556 2573 2630 2643 2751 2837 2849 2896 2980 3016 3019 3158 3172 3174 3178 3243 3338 3360 3552 3592 3607 3653 3683 , 4 % 39 , 1
376 889 1153 1269 1544 1775 1787 1995 2021 2065 2113 2258 2283 2289 2511 2520 2584 2609 2657 2793 2813 2838 2864 2908 2930 2942 2947 2989 3020 3167 3181 3182 3347 3393 3505 3601 3603 3699 3704 3758 , 3 % 40 , 1
6 51 92 125 127 132 184 199 230 242 259 300 319 336 404 447 464 466 595 697 705 764 773 809 855 909 920 1047 1063 1128 1234 1250 1268 1396 1447 1526 1576 1599 1601 1619 , 0 % 40 , 1
396 1697 1714 1757 1773 1775 1811 1862 1974 1990 2020 2041 2095 2107 2167 2230 2334 2416 2469 2594 2615 2807 2888 2895 2949 2988 2997 3020 3077 3189 3209 3281 3290 3348 3667 3682 3696 3730 3737 3758 3774 3808 , 5 % 42 , 1
7 53 72 136 139 165 191 198 247 275 328 336 344 354 360 438 469 486 538 541 563 577 603 619 690 730 760 777 1054 1070 1093 1123 1214 1216 1218 1287 1313 1325 1353 1383 1433 1538 1615 , 2 % 43 , 1
396 1697 1714 1757 1773 1775 1862 1974 1990 2020 2041 2107 2167 2230 2267 2311 2416 2469 2592 2593 2594 2615 2807 2872 2949 2988 2997 3032 3189 3209 3281 3290 3317 3373 3505 3601 3638 3667 3730 3737 3758 3787 3808 , 0 % 43 , 1
296 1662 1667 1705 1715 1822 1827 1885 1907 1941 1991 2102 2143 2146 2181 2186 2378 2382 2414 2431 2552 2561 2605 2644 2703 2894 2911 2943 2963 2976 2980 2995 3026 3101 3252 3272 3307 3348 3409 3511 3644 3724 3793 , 4 % 43 , 1
58 68 72 157 177 322 326 327 555 623 699 724 747 753 762 800 812 1208 1459 1482 1683 1742 1753 1898 2205 2611 2629 2721 2795 2919 3041 3109 3160 3166 3224 3285 3369 3478 3497 3606 3713 3752 3788 , 6 % 43 , 1
1697 1723 1773 1775 1779 1793 1796 1966 2090 2095 2104 2107 2117 2125 2267 2305 2310 2320 2334 2389 2416 2533 2592 2615 2784 2874 2891 2988 3020 3037 3056 3201 3233 3281 3319 3337 3345 3616 3621 3649 3667 3699 3703 3785 , 1 % 44 , 1
1691 1966 1998 2020 2090 2095 2104 2107 2170 2272 2310 2334 2429 2453 2533 2592 2629 2635 2644 2690 2795 2822 2891 2894 2895 2997 3000 3005 3056 3128 3142 3171 3232 3261 3281 3385 3392 3532 3587 3591 3616 3654 3667 3703 3808 3809 , 2 % 46 , 1
103 134 138 150 190 195 216 255 266 285 306 363 422 571 603 604 622 627 659 669 685 770 885 901 906 962 976 1040 1049 1070 1167 1313 1398 1433 1522 1538 1566 1592 1602 1844 2288 2612 2949 3073 3479 3663 , 6 % 46 , 1
203 442 446 795 824 882 991 1152 1327 1536 1595 1653 1721 1814 1821 1842 1874 2057 2230 2289 2358 2594 2595 2609 2615 2672 2705 2730 2778 2799 2826 2914 3041 3124 3157 3203 3271 3318 3370 3371 3402 3463 3531 3570 3577 3668 3808 , 3 % 47 , 1
96 142 162 179 184 252 258 266 354 358 472 549 579 607 619 621 622 653 698 713 727 757 764 780 803 852 879 887 927 985 998 1017 1091 1104 1165 1200 1237 1252 1380 1382 1431 1465 1494 1559 1560 1585 1602 1613 , 2 % 48 , 1
68 73 81 84 85 97 116 131 207 221 242 266 328 432 449 469 474 475 576 619 646 693 730 835 855 876 882 937 984 1009 1162 1212 1287 1292 1303 1380 1391 1467 1494 1536 1714 2517 2732 2770 3041 3088 3555 3735 , 4 % 48 , 1
58 74 75 127 132 165 167 199 300 305 337 340 398 506 586 631 657 698 729 742 752 764 869 888 935 1111 1128 1185 1195 1222 1230 1234 1247 1250 1251 1268 1277 1281 1368 1383 1396 1440 1448 1459 1474 1538 1591 1619 1879 , 5 % 49 , 1
72 80 92 125 171 184 199 230 242 252 259 286 311 319 326 336 354 395 402 404 423 447 464 466 588 647 697 713 724 727 768 773 777 809 827 855 887 909 920 1008 1047 1054 1107 1219 1234 1252 1465 1576 1599 1601 , 5 % 50 , 1
