1734 1811 1834 1869 1874 1938 2014 2045 2066 2090 2117 2133 2367 2373 2389 2406 2453 2533 2584 2671 2672 2718 2813 2820 2822 2857 2864 2866 2895 2908 2989 3020 3045 3089 3145 3181 3182 3263 3282 3393 3424 3526 3600 3601 3659 3668 3703 3728 3737 3785 , 0 % 50 , 1
23 50 66 80 115 126 187 200 300 317 337 348 352 359 373 394 398 506 687 724 740 752 827 938 1021 1092 1207 1270 1302 1385 1474 1576 1593 1609 1625 1630 1635 1924 2182 2581 2659 2666 3067 3074 3174 3387 3391 3398 3407 3441 3444 , 3 % 51 , 1
47 102 139 165 171 235 275 304 305 336 342 344 354 375 403 432 502 533 540 549 556 588 603 621 622 720 879 887 935 1013 1047 1054 1091 1093 1095 1107 1111 1143 1214 1217 1222 1230 1231 1348 1376 1447 1465 1484 1534 1538 1542 1579 , 1 % 52 , 1
1449 1682 1766 1776 1803 1810 1835 1913 2041 2104 2175 2223 2226 2346 2478 2485 2500 2556 2590 2603 2623 2651 2704 2710 2802 2831 2840 2872 2878 2891 2900 2924 2966 3031 3115 3149 3169 3214 3220 3278 3351 3443 3564 3579 3616 3618 3628 3635 3702 3729 3732 3795 , 4 % 52 , 1
33 116 510 885 898 1101 1124 1327 1330 1336 1495 1543 1738 1757 1761 1873 2006 2028 2117 2128 2167 2219 2311 2321 2334 2342 2362 2366 2480 2602 2806 2844 2846 2857 2945 2999 3170 3297 3336 3362 3406 3418 3494 3509 3563 3599 3636 3641 3659 3739 3767 3808 , 3 % 52 , 1
1734 1811 1832 1834 1859 1869 1874 1966 2014 2045 2063 2066 2090 2117 2133 2230 2311 2373 2389 2406 2584 2592 2593 2671 2672 2718 2813 2820 2822 2857 2864 2866 2908 2989 3045 3089 3181 3182 3282 3317 3370 3373 3393 3424 3526 3600 3601 3659 3668 3703 3728 3785 , 5 % 52 , 1
65 68 75 99 145 201 254 255 259 305 326 401 406 410 420 440 447 451 465 502 533 593 627 635 670 672 720 724 726 743 773 913 978 1013 1049 1073 1118 1122 1159 1161 1172 1185 1188 1191 1230 1309 1418 1443 1447 1565 1592 1619 , 2 % 52 , 1
84 288 375 422 503 517 538 572 589 622 642 669 678 685 728 734 742 768 828 881 906 983 1007 1053 1090 1120 1147 1158 1184 1218 1223 1226 1269 1292 1307 1316 1318 1348 1460 1554 1560 1567 1592 1612 1721 1734 1859 2019 2945 2949 3077 3518 3539 , 4 % 53 , 1
58 75 80 165 171 191 198 309 311 337 395 398 423 506 586 588 631 638 647 657 698 727 729 742 747 752 764 768 803 814 827 888 935 1008 1111 1185 1195 1222 1230 1240 1247 1251 1277 1281 1325 1368 1383 1396 1440 1448 1459 1474 1538 1879 , 0 % 54 , 1
58 308 426 429 632 676 709 721 868 882 943 1106 1166 1203 1258 1293 1332 1365 1391 1541 1645 1676 1719 1743 1794 1845 2007 2089 2109 2530 2549 2594 2598 2724 2756 2769 2848 3123 3160 3189 3203 3206 3226 3244 3255 3275 3321 3330 3337 3394 3570 3599 3640 3714 3809 , 6 % 55 , 1
55 65 75 108 132 139 142 162 167 191 199 217 230 259 282 304 319 340 398 404 423 441 447 464 469 471 555 580 586 593 598 642 680 697 729 730 773 777 779 780 803 856 1049 1104 1200 1202 1206 1218 1252 1287 1309 1313 1383 1533 1575 1613 , 1 % 56 , 1
1667 1689 1719 1727 1764 1844 1882 1884 1938 1943 1954 1995 2012 2062 2066 2070 2113 2194 2219 2258 2266 2310 2360 2367 2453 2476 2533 2589 2595 2599 2772 2784 2792 2889 2898 2924 2926 3012 3056 3145 3167 3206 3245 3271 3282 3301 3330 3337 3338 3340 3481 3518 3532 3608 3641 3665 3734 3776 , 5 % 58 , 1
17 35 43 78 123 132 136 143 155 179 240 259 260 303 340 347 385 489 526 607 660 711 731 741 796 825 826 1032 1046 1068 1111 1126 1205 1210 1213 1230 1291 1353 1361 1450 1526 1588 2175 2182 2186 2306 2376 2382 2434 2510 2581 2789 2995 3078 3208 3252 3422 3546 3592 , 3 % 59 , 1
48 50 74 142 143 162 167 187 237 240 263 264 305 317 340 344 349 370 438 489 502 525 526 559 603 608 629 635 661 680 687 699 703 715 728 771 780 804 812 814 826 844 852 869 904 943 985 1036 1049 1118 1126 1127 1129 1139 1297 1474 1591 1602 1609 1624 , 0 % 60 , 1
96 422 451 477 522 628 837 899 1249 1304 1411 1446 1467 1513 1518 1688 1741 1784 1951 2012 2107 2119 2252 2331 2371 2375 2416 2512 2592 2597 2732 2742 2768 2776 2796 2798 2824 2836 2863 2932 2991 2997 3006 3042 3150 3186 3215 3247 3255 3447 3457 3475 3520 3567 3637 3655 3713 3734 3776 3785 , 3 % 60 , 1
26 48 58 154 171 179 223 235 238 279 304 343 362 403 404 414 431 471 524 556 573 585 586 588 589 590 669 672 676 703 716 721 729 804 812 815 817 850 856 868 888 935 946 1047 1073 1104 1140 1226 1233 1279 1336 1349 1364 1376 1379 1459 1526 1534 1542 1562 1600 1625 , 2 % 62 , 1
1745 1802 1813 1835 1857 1895 1918 2003 2038 2061 2078 2136 2193 2199 2234 2256 2286 2303 2325 2333 2352 2373 2451 2453 2457 2510 2518 2562 2603 2628 2702 2716 2766 2789 2870 2948 2974 2982 3002 3003 3035 3064 3090 3092 3132 3138 3146 3151 3197 3232 3287 3299 3314 3341 3364 3398 3431 3442 3578 3638 3655 3737 , 4 % 62 , 1
1773 1776 1799 1810 1835 1886 1918 1992 2025 2061 2077 2098 2125 2217 2226 2263 2270 2282 2346 2367 2389 2412 2416 2451 2516 2555 2594 2610 2686 2738 2753 2770 2784 2810 2866 2940 2948 2982 3025 3038 3092 3194 3280 3285 3292 3337 3385 3416 3547 3562 3571 3579 3587 3600 3628 3629 3649 3699 3782 3785 3787 3796 , 2 % 62 , 1
53 67 86 95 99 129 202 222 329 414 438 450 452 471 593 604 612 621 627 701 708 721 744 750 817 819 824 829 868 898 906 922 947 998 1027 1042 1214 1232 1243 1259 1288 1314 1322 1330 1420 1514 1525 1543 1560 1564 1565 1585 1600 1610 1622 1629 1689 2021 2525 2826 3240 3457 3479 3704 , 4 % 64 , 1
1664 1667 1697 1710 1719 1756 1760 1782 1918 2045 2063 2066 2070 2123 2188 2230 2263 2294 2311 2329 2367 2379 2484 2555 2563 2583 2599 2686 2721 2772 2784 2792 2793 2813 2866 2869 2929 3000 3032 3034 3045 3092 3134 3194 3240 3282 3311 3317 3338 3373 3393 3409 3524 3545 3562 3571 3641 3659 3728 3730 3734 3735 3748 3758 3776 , 1 % 65 , 1
1667 1689 1719 1727 1756 1764 1793 1832 1844 1859 1881 1884 1943 1954 1966 1995 2012 2057 2062 2063 2066 2070 2113 2194 2219 2258 2266 2289 2310 2331 2360 2367 2476 2555 2586 2589 2599 2772 2784 2844 2889 2898 2926 2929 3012 3056 3124 3167 3169 3245 3271 3301 3330 3337 3338 3340 3370 3416 3481 3532 3608 3651 3665 3734 3776 , 0 % 65 , 1
4 6 32 48 58 79 80 181 201 237 238 270 280 297 299 302 311 337 367 395 406 420 465 538 670 682 703 705 713 716 724 729 789 804 809 826 827 852 888 894 913 978 994 998 1026 1070 1104 1118 1164 1165 1185 1195 1262 1277 1349 1364 1400 1440 1448 1459 1552 1560 1576 1585 1599 1600 1602 , 1 % 67 , 1
0 48 50 55 65 123 142 143 153 162 181 187 191 237 240 263 309 317 344 438 489 502 507 525 526 533 549 559 603 629 635 638 661 680 682 687 707 715 728 747 771 780 789 803 814 826 844 852 904 958 1020 1032 1036 1049 1093 1118 1127 1139 1164 1200 1240 1247 1297 1348 1364 1542 1591 1624 , 5 % 68 , 1
39 66 97 107 109 116 137 140 142 228 275 315 339 375 384 422 446 471 560 591 642 670 716 769 770 795 829 834 866 889 898 940 942 948 952 967 979 985 1027 1052 1056 1058 1083 1104 1108 1123 1145 1296 1327 1411 1439 1460 1473 1532 1537 1545 1562 1564 1604 1689 1741 1811 1990 2058 2538 2705 3052 3217 , 6 % 68 , 1
17 23 53 100 105 115 128 139 175 181 197 264 275 310 330 347 349 355 359 370 385 432 436 511 532 554 582 597 608 621 641 645 691 699 703 711 717 749 804 812 856 894 913 943 946 985 994 1031 1046 1068 1104 1126 1129 1200 1209 1214 1227 1239 1270 1302 1361 1450 1533 1552 1588 1602 1609 3342 , 5 % 68 , 1
41 73 293 306 389 738 895 896 957 1057 1059 1105 1162 1249 1307 1506 1518 1554 1561 1640 1773 1875 2045 2048 2072 2095 2097 2220 2345 2383 2391 2476 2498 2499 2515 2571 2641 2673 2696 2774 2804 2859 2889 2896 2904 2926 3052 3057 3080 3230 3282 3301 3330 3413 3420 3484 3534 3559 3563 3574 3602 3613 3624 3636 3660 3667 3722 3728 3801 , 3 % 69 , 1
1251 1630 1698 1717 1807 1819 1838 1848 1852 1857 1952 1966 1992 2023 2024 2098 2109 2126 2185 2204 2209 2212 2213 2218 2261 2263 2264 2269 2282 2292 2310 2353 2372 2450 2494 2555 2658 2724 2733 2754 2810 2830 2839 2875 2905 2935 3056 3116 3129 3135 3145 3151 3176 3188 3194 3244 3254 3260 3333 3373 3404 3414 3536 3571 3590 3622 3662 3719 3742 3762 3792 , 4 % 71 , 1
12 15 18 33 91 99 139 151 166 194 228 244 270 275 293 325 363 408 443 458 477 490 534 549 591 595 603 628 757 839 856 857 875 880 885 947 948 963 978 988 1088 1093 1110 1130 1152 1165 1183 1241 1275 1289 1349 1435 1442 1446 1462 1482 1538 1553 1556 1562 1573 1602 1613 2358 2399 2427 2957 3179 3263 3344 3489 , 4 % 71 , 1
61 220 310 441 625 682 700 833 883 937 1002 1031 1033 1109 1121 1140 1179 1246 1271 1295 1308 1376 1521 1601 1840 1916 2009 2092 2125 2143 2165 2169 2181 2215 2254 2276 2289 2329 2350 2479 2504 2526 2531 2666 2674 2752 2768 2884 2886 2913 2968 2995 3074 3121 3137 3215 3233 3339 3345 3384 3397 3417 3503 3547 3581 3611 3623 3635 3649 3680 3692 , 6 % 71 , 1
38 212 219 239 253 256 263 340 354 427 447 507 554 581 636 657 680 717 747 773 810 860 956 980 1047 1091 1123 1129 1139 1148 1160 1195 1281 1334 1433 1440 1441 1448 1465 1559 1596 1619 1647 1860 1865 1987 2132 2166 2204 2235 2339 2407 2444 2458 2473 2562 2738 3040 3046 3071 3120 3294 3392 3408 3470 3486 3523 3592 3742 3788 3792 , 3 % 71 , 1
485 844 1221 1635 1656 1661 1664 1687 1704 1728 1801 1838 1846 1860 1876 1904 1933 1956 1962 1975 2000 2035 2039 2069 2086 2093 2158 2166 2202 2204 2210 2235 2317 2344 2365 2388 2423 2466 2471 2499 2505 2558 2767 2825 2842 2865 2867 2880 2959 2977 3081 3113 3117 3222 3236 3259 3410 3438 3506 3519 3532 3547 3556 3562 3591 3676 3681 3686 3692 3694 3757 3760 , 4 % 72 , 1
13 59 63 68 87 94 118 140 174 196 210 214 215 216 223 231 287 341 358 400 456 490 509 587 706 778 785 787 822 934 955 966 979 982 1014 1040 1050 1077 1078 1079 1090 1117 1132 1150 1176 1228 1265 1288 1313 1314 1363 1384 1403 1424 1441 1453 1470 1473 1511 1564 1577 1611 1617 1621 1627 2079 2127 2182 3072 3147 3175 3575 3653 , 0 % 73 , 1
44 57 137 155 163 179 213 250 278 384 431 475 497 530 551 597 619 626 649 695 702 727 748 799 801 824 905 908 911 919 945 957 1012 1103 1107 1158 1162 1222 1259 1279 1317 1344 1363 1394 1395 1405 1476 1490 1529 1553 1567 1570 1611 1653 1721 1884 1920 2074 2120 2301 2469 2486 2647 2718 2824 2862 2876 3367 3400 3457 3509 3561 3602 , 6 % 73 , 1
188 203 411 514 568 650 684 723 775 802 842 889 926 1059 1117 1166 1176 1264 1267 1497 1498 1589 1632 1643 1679 1722 1724 1924 1939 1940 2058 2222 2279 2359 2391 2431 2465 2505 2519 2675 2708 2829 2876 2881 2919 2955 2999 3071 3074 3082 3083 3088 3106 3154 3161 3175 3218 3288 3367 3403 3433 3434 3448 3454 3483 3489 3593 3595 3625 3643 3678 3713 3716 3722 , 2 % 74 , 1
4 10 16 23 29 62 77 78 88 201 212 219 233 238 249 255 262 265 272 280 283 303 323 343 348 351 366 375 409 431 605 621 624 642 670 710 716 740 757 766 853 878 910 938 956 1003 1051 1098 1112 1122 1131 1133 1155 1159 1165 1178 1180 1194 1199 1202 1233 1248 1276 1300 1301 1349 1357 1376 1379 1418 1512 1527 1585 1613 2752 , 5 % 75 , 1
10 23 29 49 88 113 212 233 238 267 272 280 283 310 348 351 355 366 373 375 409 431 554 555 597 621 623 624 641 670 672 674 702 710 711 741 743 757 765 853 878 894 910 929 938 946 1003 1031 1051 1112 1122 1140 1155 1161 1165 1194 1199 1209 1214 1239 1248 1287 1300 1301 1349 1379 1418 1527 1531 1574 1585 1593 1613 2376 3342 3412 , 0 % 76 , 1
218 324 437 475 520 521 576 912 975 976 1058 1135 1167 1223 1390 1402 1456 1668 1693 1694 1707 1713 1719 1774 1793 1800 1808 1815 1888 1890 1911 1921 2071 2090 2108 2129 2165 2253 2332 2338 2367 2531 2576 2577 2586 2664 2677 2682 2755 2769 2807 2816 2845 2874 2881 2895 2929 2970 2994 3084 3107 3177 3183 3207 3213 3317 3321 3328 3331 3334 3337 3459 3467 3508 3555 3703 3717 , 3 % 77 , 1
652 696 853 1160 1268 1656 1677 1696 1703 1742 1767 1781 1797 1825 1828 1927 1949 1969 1973 1996 2031 2042 2083 2084 2085 2112 2142 2160 2228 2229 2231 2232 2240 2316 2344 2405 2482 2483 2488 2495 2533 2547 2582 2622 2697 2713 2807 2833 2903 2906 2912 2965 2987 3029 3059 3075 3141 3153 3175 3187 3221 3250 3257 3317 3346 3419 3446 3458 3503 3504 3533 3545 3581 3603 3647 3712 3803 , 4 % 77 , 1
0 16 17 53 55 62 65 78 100 105 115 123 128 139 153 175 197 262 275 303 310 330 343 347 359 385 432 436 507 511 532 533 549 582 597 605 642 645 682 691 707 716 717 740 749 766 789 913 956 958 985 994 1020 1032 1046 1049 1068 1093 1104 1159 1164 1180 1200 1202 1227 1233 1270 1302 1348 1361 1364 1450 1533 1542 1552 1588 2752 , 0 % 77 , 1
39 44 81 83 106 146 157 159 166 294 329 345 382 413 419 444 445 449 462 497 500 515 545 577 611 643 678 693 704 732 738 759 790 815 840 859 876 880 906 925 931 936 937 984 986 1025 1030 1100 1121 1137 1189 1229 1258 1272 1308 1317 1342 1355 1394 1432 1444 1525 1541 1550 1553 1590 1614 1762 1891 1924 2538 2691 2693 3040 3449 3472 3643 3744 , 5 % 78 , 1
47 90 203 224 271 314 321 337 573 576 729 774 790 807 963 1048 1055 1072 1089 1119 1165 1227 1316 1378 1381 1396 1540 1568 1614 1625 1632 1651 1724 1810 1897 2004 2136 2149 2155 2161 2204 2217 2238 2310 2328 2405 2415 2435 2462 2498 2554 2567 2576 2624 2651 2669 2757 2763 2806 2859 2868 2873 2908 3011 3028 3138 3142 3191 3238 3284 3288 3315 3388 3404 3511 3528 3615 3637 3696 , 6 % 79 , 1
