149 218 273 292 492 518 522 694 751 837 896 1179 1476 1608 1620 1635 1647 1674 1702 1750 1751 1754 1800 1922 1923 2033 2052 2065 2082 2116 2127 2153 2156 2271 2276 2322 2354 2386 2409 2417 2421 2433 2440 2479 2481 2489 2492 2503 2572 2576 2596 2601 2621 2639 2655 2685 2688 2699 2700 2731 2754 2756 2786 2811 2843 2853 2909 2920 2930 2951 2956 3042 3093 3095 3107 3120 3137 3267 3268 3273 3313 3332 3343 3374 3451 3498 3537 3574 3585 3636 3653 3691 3714 3747 3775 , 2 % 95 , 1
5 14 34 54 57 71 97 117 134 138 157 178 209 232 269 289 312 346 352 376 382 389 419 475 494 499 570 613 626 652 655 671 688 701 722 753 787 790 818 831 833 847 875 902 939 948 967 974 1016 1021 1023 1024 1037 1052 1064 1069 1073 1089 1094 1115 1124 1137 1148 1170 1175 1189 1198 1221 1246 1261 1271 1282 1342 1345 1346 1373 1444 1462 1470 1483 1493 1515 1523 1530 1546 1548 1622 1645 2431 3131 3180 3643 3661 3671 3718 , 1 % 95 , 1
5 9 14 18 22 31 133 164 186 248 324 334 346 361 391 397 407 451 474 499 528 551 566 570 612 616 675 688 694 754 791 807 813 833 847 873 886 925 945 954 960 968 974 1004 1022 1024 1033 1042 1052 1066 1069 1076 1087 1094 1115 1156 1160 1175 1217 1280 1326 1360 1406 1412 1438 1477 1479 1483 1487 1491 1515 1523 1535 1539 1612 1618 1630 1671 1749 1964 2143 2173 2197 2204 2314 2979 2985 3063 3076 3102 3120 3332 3398 3445 3469 3716 , 0 % 96 , 1
21 54 56 59 81 118 162 202 279 299 303 341 347 460 468 485 511 558 679 796 813 920 951 1169 1190 1270 1300 1434 1436 1587 1588 1639 1674 1685 1732 1757 1849 1911 1971 1985 2014 2022 2029 2135 2164 2186 2187 2234 2316 2355 2370 2380 2456 2459 2636 2648 2709 2742 2852 2875 2900 2942 2955 2960 2966 2974 3000 3004 3053 3077 3083 3106 3144 3230 3231 3250 3253 3309 3333 3355 3364 3366 3392 3445 3449 3454 3470 3498 3519 3575 3644 3666 3695 3727 3732 3772 , 6 % 96 , 1
77 163 170 181 201 204 219 249 251 255 265 267 301 323 328 365 384 406 416 428 429 470 471 483 505 519 538 552 564 565 569 580 622 636 637 665 673 679 689 696 730 731 748 793 796 801 805 817 851 856 863 864 950 969 998 1005 1015 1041 1098 1131 1133 1136 1154 1172 1193 1210 1218 1242 1245 1276 1293 1295 1320 1333 1357 1366 1367 1376 1385 1393 1452 1472 1475 1512 1527 1549 1555 1557 1560 1562 1598 1600 1623 1669 3446 3486 , 0 % 96 , 1
15 35 52 89 147 156 169 190 192 194 226 229 245 261 285 291 322 332 350 352 369 380 381 426 433 450 455 467 487 504 529 539 604 609 617 640 669 708 714 737 763 784 794 825 838 861 871 934 952 962 963 1006 1021 1067 1074 1080 1081 1097 1116 1119 1125 1132 1144 1173 1244 1255 1260 1266 1274 1284 1290 1311 1332 1344 1347 1350 1399 1427 1431 1445 1484 1489 1492 1504 1505 1520 1522 1524 1537 1547 1565 1569 1582 1605 1626 2505 3051 , 0 % 97 , 1
1518 1712 1756 1774 1779 1787 1793 1881 1890 1918 1921 1992 2057 2067 2104 2129 2164 2188 2217 2266 2289 2294 2327 2329 2330 2331 2342 2343 2345 2383 2399 2477 2484 2511 2515 2555 2586 2602 2609 2612 2638 2640 2641 2652 2664 2673 2686 2780 2796 2835 2836 2844 2847 2855 2869 2874 2884 2885 2891 2929 2972 3030 3034 3092 3124 3134 3148 3169 3183 3194 3203 3232 3269 3270 3284 3306 3320 3328 3338 3347 3361 3371 3382 3416 3435 3463 3565 3591 3616 3624 3637 3651 3748 3767 3771 3791 3801 , 5 % 97 , 1
9 19 25 35 71 133 283 314 323 377 405 407 417 456 461 476 481 515 516 528 544 562 574 611 616 630 640 643 663 664 667 671 769 787 790 799 805 813 830 831 844 886 891 905 917 930 932 954 967 972 1024 1072 1089 1099 1103 1135 1193 1238 1251 1271 1285 1342 1354 1373 1386 1389 1414 1416 1417 1432 1439 1458 1469 1483 1487 1493 1499 1511 1536 1671 1746 1755 1762 2073 2214 2238 2715 2723 2725 2821 2945 3013 3147 3180 3342 3344 3746 , 2 % 97 , 1
9 22 28 43 84 91 109 124 146 152 164 168 186 220 257 314 316 331 345 372 378 397 405 407 408 415 417 444 495 515 535 545 551 574 594 616 648 664 696 746 770 782 791 813 819 830 833 841 886 897 899 905 939 947 954 971 1100 1211 1223 1229 1257 1273 1286 1291 1303 1331 1355 1360 1362 1389 1398 1405 1417 1432 1441 1442 1455 1468 1487 1488 1507 1550 1556 1558 1584 1595 1671 1762 2163 2197 2447 2505 2732 3051 3446 3472 3555 , 1 % 97 , 1
98 148 206 214 276 306 412 446 473 485 575 601 620 651 745 767 776 792 835 858 975 993 997 1071 1075 1113 1117 1141 1163 1190 1204 1272 1298 1299 1329 1339 1352 1365 1370 1371 1411 1438 1509 1535 1578 1586 1639 1665 1693 1749 1788 1903 1912 1925 1948 2022 2040 2074 2130 2148 2152 2173 2174 2177 2182 2251 2280 2321 2424 2446 2501 2587 2642 2669 2696 2706 2762 2785 3040 3048 3068 3088 3099 3295 3302 3384 3406 3423 3432 3445 3472 3476 3477 3632 3650 3660 3666 3784 , 2 % 98 , 1
28 29 45 54 60 73 76 89 91 93 104 109 130 134 138 158 159 176 183 215 224 227 239 331 333 364 366 372 419 422 444 445 463 550 581 638 639 686 706 714 719 722 763 798 808 810 819 845 929 936 938 939 970 971 977 1035 1045 1108 1115 1121 1125 1128 1137 1144 1154 1162 1170 1180 1183 1201 1265 1282 1319 1369 1394 1397 1409 1410 1415 1435 1482 1490 1496 1505 1524 1528 1549 1554 1596 1623 1629 2197 2694 3041 3408 3427 3575 3671 , 2 % 98 , 1
8 21 34 36 37 38 42 93 141 144 160 176 195 205 224 236 241 246 250 253 256 266 270 271 278 295 321 325 353 368 371 383 388 448 457 484 485 512 529 589 592 593 614 615 627 652 666 681 782 797 798 832 893 911 918 919 924 941 959 964 978 987 990 999 1012 1029 1035 1037 1039 1045 1070 1083 1134 1146 1148 1187 1226 1291 1334 1338 1343 1356 1377 1380 1399 1400 1437 1457 1466 1496 1500 1517 1592 1594 1606 1610 3131 3294 , 0 % 98 , 1
3 25 27 28 85 98 104 109 134 220 292 314 318 339 372 399 405 415 443 463 476 523 535 537 547 626 651 663 671 683 686 719 770 846 848 875 891 902 905 930 948 971 988 1007 1010 1028 1060 1082 1089 1099 1254 1261 1278 1286 1304 1306 1336 1390 1405 1410 1414 1421 1455 1458 1462 1477 1480 1488 1507 1509 1519 1604 1631 1654 1671 1746 1860 2166 2235 2359 2447 2510 2669 2719 2726 2746 2789 3096 3100 3162 3399 3430 3434 3478 3490 3495 3523 3718 , 0 % 98 , 1
12 13 28 71 197 199 259 334 349 404 447 486 531 553 556 657 662 698 731 792 841 858 893 974 1008 1015 1030 1037 1137 1147 1170 1183 1224 1229 1252 1277 1383 1413 1435 1440 1623 1647 1649 1704 1730 1768 1927 1941 1963 2176 2192 2194 2196 2203 2224 2235 2269 2287 2342 2348 2376 2386 2388 2402 2455 2522 2582 2588 2630 2635 2646 2654 2702 2716 2800 2855 2857 2903 2914 2934 2983 3027 3054 3076 3087 3119 3242 3279 3286 3306 3311 3342 3349 3362 3398 3465 3523 3636 3660 , 6 % 99 , 1
18 57 95 96 107 117 133 137 146 159 166 193 222 312 329 333 345 379 382 458 494 495 497 571 601 613 643 649 736 738 739 753 762 818 828 829 830 834 870 906 939 949 984 1000 1016 1025 1071 1121 1145 1166 1170 1229 1257 1273 1275 1282 1289 1331 1346 1355 1375 1381 1394 1417 1444 1468 1493 1508 1525 1528 1529 1530 1545 1546 1548 1558 1570 1572 1584 1586 1647 1891 2073 2139 2163 2436 2642 2694 3065 3396 3403 3423 3427 3433 3625 3632 3643 3784 3798 , 0 % 99 , 1
3 25 27 124 152 316 331 378 408 460 475 478 492 510 537 544 574 576 683 755 767 770 792 800 841 897 947 967 981 1010 1019 1062 1064 1163 1182 1238 1306 1315 1322 1351 1362 1387 1388 1421 1422 1442 1471 1507 1516 1519 1540 1573 1631 1645 1649 1663 1702 1718 1732 1746 1750 1788 1818 1860 1870 1916 1963 1975 2019 2122 2175 2209 2340 2370 2382 2441 2474 2492 2519 2527 2562 2653 2734 2789 2987 3004 3162 3174 3180 3252 3387 3401 3448 3491 3504 3546 3555 3561 3663 3742 , 5 % 100 , 1
1 24 29 42 49 78 81 96 121 129 147 160 169 182 195 226 231 243 265 271 290 303 325 369 371 381 383 402 430 433 453 484 487 490 505 539 546 552 591 618 630 636 638 673 734 748 750 758 771 793 797 815 851 864 872 910 923 956 961 983 984 987 999 1006 1012 1043 1084 1090 1109 1120 1129 1136 1147 1178 1227 1242 1251 1274 1302 1323 1344 1385 1393 1430 1437 1454 1460 1475 1500 1504 1514 1549 1555 1564 1567 1588 1609 1616 1626 3486 , 1 % 100 , 1
33 92 143 161 165 167 289 342 373 387 406 460 488 558 567 715 718 744 816 870 897 917 964 1081 1084 1133 1171 1280 1281 1319 1360 1387 1453 1610 1615 1644 1667 1680 1706 1714 1739 1801 1848 1853 1863 1925 1933 2000 2023 2054 2068 2079 2098 2110 2122 2171 2176 2190 2213 2229 2235 2259 2393 2428 2443 2454 2483 2485 2506 2568 2625 2628 2770 2781 2821 2860 2867 2871 2893 2950 2972 2981 2997 3003 3049 3055 3139 3156 3188 3213 3237 3379 3393 3405 3442 3489 3513 3518 3580 3607 3748 , 6 % 101 , 1
25 30 40 116 188 276 335 399 422 460 477 480 481 508 523 527 528 544 601 633 651 686 735 807 857 877 891 907 932 944 968 972 991 1001 1019 1028 1062 1066 1071 1101 1102 1103 1182 1278 1296 1307 1315 1381 1387 1406 1420 1421 1439 1502 1519 1521 1551 1554 1566 1586 1597 1618 1654 1668 1746 1749 1788 1818 1891 1924 2127 2182 2214 2438 2445 2527 2642 2719 2723 2725 2726 2734 2821 2862 3040 3073 3120 3127 3162 3175 3344 3396 3399 3417 3433 3457 3469 3527 3632 3653 3798 , 1 % 101 , 1
15 99 124 158 204 209 218 243 277 380 438 521 539 638 703 705 708 789 791 797 835 904 912 980 1047 1073 1182 1191 1329 1375 1422 1445 1659 1664 1671 1697 1713 1715 1716 1838 1872 1953 2049 2061 2102 2115 2127 2150 2170 2210 2214 2227 2232 2296 2300 2353 2373 2451 2453 2537 2544 2590 2609 2610 2643 2660 2738 2741 2811 2822 2885 2922 2943 2994 3010 3016 3044 3061 3067 3108 3131 3208 3287 3352 3356 3363 3375 3399 3430 3482 3506 3525 3533 3604 3613 3671 3703 3704 3754 3782 3795 , 6 % 101 , 1
22 42 112 128 135 149 201 286 301 328 399 520 585 602 635 640 668 707 710 713 725 738 772 808 838 839 871 876 878 882 892 968 998 1004 1039 1065 1131 1141 1188 1202 1210 1282 1297 1428 1462 1539 1707 1738 1828 1837 1854 1874 1915 1939 1966 2131 2134 2146 2294 2332 2343 2361 2382 2425 2437 2541 2546 2569 2597 2598 2615 2695 2707 2710 2739 2813 2832 2835 2892 3065 3070 3129 3151 3201 3210 3225 3228 3346 3378 3385 3409 3422 3483 3499 3593 3632 3711 3720 3763 3775 3781 , 6 % 101 , 1
67 85 95 96 107 117 137 166 188 193 276 312 333 346 364 379 391 397 494 495 499 551 566 570 601 613 649 655 736 739 756 762 818 828 829 830 834 939 945 949 954 1000 1004 1016 1022 1024 1042 1069 1076 1094 1145 1170 1257 1259 1273 1275 1280 1282 1289 1331 1346 1381 1391 1395 1412 1417 1432 1436 1468 1479 1493 1508 1523 1528 1529 1530 1545 1546 1548 1558 1570 1572 1584 1586 1630 1635 2073 2139 2163 2436 2642 2694 2704 2754 3071 3120 3396 3417 3433 3632 3671 3784 , 5 % 102 , 1
1 11 49 113 126 170 182 249 267 268 301 365 373 406 416 470 471 483 505 519 538 552 555 564 565 580 584 610 619 622 623 636 637 660 672 673 674 679 692 696 702 721 730 731 741 743 748 765 793 796 801 817 851 863 864 892 929 950 969 998 1005 1015 1044 1055 1140 1154 1161 1172 1193 1210 1218 1242 1245 1287 1295 1312 1320 1333 1358 1366 1367 1385 1393 1423 1425 1430 1452 1472 1475 1531 1532 1549 1557 1562 1574 1593 1598 1613 1616 2376 3294 3412 3486 , 5 % 103 , 1
21 24 36 38 42 93 121 141 144 147 160 176 195 200 236 243 253 256 266 270 271 285 290 295 321 325 353 368 371 380 381 383 388 426 433 457 484 531 539 581 589 592 609 614 615 652 654 666 681 718 782 784 797 832 868 893 918 919 924 959 990 1012 1029 1035 1045 1070 1097 1134 1173 1220 1221 1226 1244 1255 1274 1288 1334 1340 1343 1344 1350 1356 1377 1380 1392 1399 1400 1437 1457 1466 1484 1494 1496 1500 1504 1517 1522 1565 1606 3072 3147 3408 3473 , 5 % 103 , 1
321 694 1117 1224 1579 1637 1663 1670 1678 1684 1740 1747 1782 1792 1826 1829 1878 1880 1897 1899 1924 1936 1942 1961 1970 1988 2080 2110 2154 2172 2275 2277 2293 2309 2347 2370 2374 2413 2462 2484 2496 2535 2544 2548 2551 2565 2566 2580 2650 2663 2689 2709 2743 2757 2765 2784 2787 2835 2866 2884 2885 2899 2915 2954 2968 2972 2973 2990 3034 3061 3074 3098 3111 3120 3123 3130 3253 3274 3281 3297 3329 3336 3342 3369 3416 3468 3493 3538 3559 3582 3588 3687 3693 3703 3723 3741 3761 3769 3773 3780 3786 3789 3794 , 4 % 103 , 1
120 1544 1653 1664 1688 1713 1737 1738 1776 1782 1815 1831 1835 1847 1861 1873 1951 2006 2028 2059 2061 2098 2106 2128 2135 2195 2226 2252 2263 2274 2282 2301 2302 2362 2371 2404 2410 2475 2486 2516 2531 2545 2558 2565 2613 2624 2641 2644 2657 2730 2769 2787 2797 2799 2810 2817 2863 2886 2894 2934 2947 2948 2969 2981 3000 3006 3017 3043 3048 3070 3159 3177 3183 3215 3237 3248 3250 3251 3255 3264 3322 3325 3331 3334 3350 3353 3419 3524 3525 3534 3545 3547 3553 3562 3567 3570 3571 3621 3628 3633 3705 3706 3712 , 5 % 103 , 1
32 43 295 342 402 424 512 567 638 995 1166 1168 1648 1666 1672 1729 1733 1779 1786 1794 1804 1837 1840 1866 1867 1890 1892 1901 1979 2066 2094 2114 2133 2189 2195 2236 2245 2284 2294 2295 2343 2355 2357 2361 2400 2452 2454 2492 2506 2545 2549 2564 2586 2589 2591 2632 2652 2717 2729 2763 2773 2850 2851 2882 2898 2901 2962 2978 2984 3015 3040 3050 3100 3102 3131 3143 3184 3195 3226 3227 3269 3275 3289 3312 3325 3335 3355 3381 3403 3433 3497 3501 3548 3573 3594 3610 3623 3642 3646 3648 3667 3689 3733 3777 , 4 % 104 , 1
28 30 41 45 56 98 104 109 134 138 292 314 339 361 372 386 405 415 417 476 523 528 535 547 572 606 626 651 663 671 686 846 873 875 891 905 917 930 948 968 971 988 1007 1028 1060 1082 1089 1099 1156 1217 1241 1254 1261 1271 1278 1286 1304 1318 1326 1336 1373 1405 1410 1414 1458 1462 1480 1488 1509 1583 1604 1654 1818 1860 2166 2197 2204 2235 2427 2447 2510 2669 2719 2726 2746 2979 3076 3096 3100 3259 3332 3399 3430 3434 3445 3468 3469 3478 3490 3495 3523 3527 3718 3792 , 5 % 104 , 1
50 52 67 77 100 108 113 143 153 195 216 233 240 243 261 262 272 282 286 299 301 302 317 319 329 330 337 350 353 363 367 383 389 474 487 489 564 591 647 687 697 717 737 744 774 797 809 828 829 839 863 872 906 909 911 931 943 950 959 964 1003 1005 1006 1012 1020 1026 1043 1055 1083 1129 1133 1136 1151 1177 1209 1231 1248 1250 1259 1276 1320 1332 1338 1358 1361 1366 1367 1408 1423 1425 1452 1453 1463 1473 1474 1475 1504 1527 1531 1557 1574 1590 1621 1626 2538 , 2 % 105 , 1
4 10 24 42 62 70 80 88 105 114 121 129 160 163 190 192 197 202 204 217 237 249 250 263 264 271 285 300 310 334 349 367 368 369 370 416 423 441 449 464 466 484 490 506 511 526 532 539 540 560 561 582 597 598 605 610 623 645 678 680 699 710 749 750 752 765 826 827 832 892 894 933 942 951 958 963 983 984 1020 1027 1040 1051 1053 1095 1098 1109 1139 1146 1153 1199 1239 1297 1314 1323 1350 1378 1390 1437 1472 1514 1522 1533 1555 1564 1576 1598 , 2 % 106 , 1
17 74 79 85 87 92 95 115 123 127 140 147 166 169 193 222 229 231 278 290 297 307 338 341 342 347 355 371 385 442 453 479 482 507 519 525 529 552 554 576 583 609 612 618 661 687 718 732 748 758 788 793 801 838 859 871 880 899 903 908 919 920 955 956 979 987 992 1007 1029 1031 1032 1042 1044 1046 1068 1080 1084 1096 1116 1126 1143 1187 1211 1234 1242 1247 1260 1274 1289 1300 1305 1361 1368 1393 1396 1426 1430 1486 1525 1553 1588 1595 1601 1605 1612 1614 , 2 % 106 , 1
30 41 45 104 138 180 292 316 378 386 408 417 460 475 492 510 544 572 574 576 606 684 755 792 800 841 865 881 897 917 944 947 967 972 981 1019 1064 1163 1182 1238 1241 1315 1318 1322 1362 1373 1374 1422 1442 1471 1516 1540 1583 1645 1649 1663 1683 1702 1718 1732 1753 1788 1818 1870 1916 1958 1963 2019 2122 2156 2175 2209 2340 2370 2382 2427 2441 2474 2492 2519 2527 2562 2663 2734 2805 2821 2862 3004 3023 3127 3174 3180 3252 3259 3387 3405 3448 3468 3504 3527 3561 3663 3709 3714 3742 3763 3792 , 0 % 107 , 1
5 7 37 78 205 230 247 273 292 293 381 420 428 432 439 450 513 543 578 588 594 639 665 678 701 714 743 754 819 891 941 954 981 992 1076 1130 1148 1194 1266 1348 1408 1409 1412 1479 1509 1527 1543 1557 1701 1713 1778 1836 1880 1890 1906 1909 1940 1945 1989 2012 2044 2045 2064 2075 2085 2123 2144 2333 2339 2365 2420 2474 2518 2563 2566 2623 2634 2642 2661 2700 2737 2773 2774 2802 2841 2889 2924 2935 2964 3103 3108 3155 3162 3294 3305 3336 3348 3408 3420 3476 3541 3628 3650 3675 3697 3744 3808 , 6 % 107 , 1
10 11 15 16 17 23 39 62 68 77 88 92 127 153 163 205 212 223 261 330 338 347 348 350 353 359 380 383 384 426 429 450 470 483 519 554 559 560 564 569 571 577 583 584 589 629 641 645 654 699 709 710 765 801 814 832 863 878 892 904 911 933 943 950 951 964 969 1005 1015 1027 1040 1044 1053 1068 1122 1133 1151 1155 1226 1234 1255 1274 1276 1295 1300 1312 1320 1350 1366 1367 1377 1408 1423 1450 1452 1453 1463 1472 1512 1531 1547 1557 1574 1592 1610 1621 3294 , 1 % 107 , 1
8 35 44 59 67 83 85 106 107 110 130 137 144 158 159 183 208 210 222 234 239 241 245 248 253 332 334 373 377 387 391 443 448 455 458 462 474 497 498 501 530 548 562 567 572 587 602 639 649 656 665 706 719 731 732 739 756 763 785 794 805 810 843 853 862 900 914 918 941 952 1014 1022 1038 1041 1045 1048 1092 1096 1121 1125 1145 1150 1228 1241 1259 1265 1289 1290 1311 1317 1395 1412 1424 1480 1492 1505 1570 1573 1614 1617 1623 1628 2427 2693 3408 3487 3575 , 1 % 107 , 1
61 320 424 514 542 568 685 751 761 775 802 821 824 845 866 885 926 1057 1152 1269 1330 1339 1352 1402 1563 1589 1620 1632 1639 1643 1647 1663 1700 1722 1898 1920 1926 1935 1972 2022 2074 2085 2089 2143 2152 2156 2177 2178 2180 2202 2243 2257 2391 2395 2424 2474 2489 2501 2524 2562 2639 2654 2663 2665 2678 2685 2691 2692 2700 2706 2708 2756 2828 2843 2853 2876 2902 2919 3023 3024 3068 3082 3086 3096 3110 3115 3141 3174 3288 3302 3343 3349 3372 3384 3452 3455 3477 3483 3488 3504 3557 3595 3650 3685 3686 3763 3804 , 1 % 107 , 1
37 87 118 126 140 147 150 189 192 202 227 229 236 246 251 267 287 291 301 329 351 363 366 388 439 451 479 493 529 531 558 592 604 615 634 660 666 674 678 681 708 741 744 784 786 839 844 861 876 893 906 919 923 937 955 959 963 992 1029 1042 1061 1065 1067 1083 1114 1116 1119 1128 1134 1146 1173 1220 1240 1253 1266 1270 1283 1293 1305 1314 1332 1336 1340 1343 1356 1390 1399 1403 1445 1457 1466 1473 1489 1517 1520 1525 1569 1571 1594 1605 1606 1611 1612 1669 2538 2752 3147 3342 , 1 % 108 , 1
21 36 41 52 63 93 94 95 141 156 174 176 193 196 216 224 225 256 283 295 322 323 324 341 400 425 434 449 457 463 479 482 504 510 512 530 566 578 581 612 614 617 662 695 714 715 718 737 740 778 796 828 829 834 838 859 871 880 901 903 924 929 931 934 938 940 965 966 979 982 990 1035 1039 1056 1074 1080 1081 1097 1132 1154 1180 1187 1210 1244 1258 1260 1268 1304 1333 1338 1347 1356 1363 1391 1392 1412 1486 1496 1524 1537 1553 1577 1590 1591 1593 1596 2376 3473 , 1 % 108 , 1
20 43 44 60 71 76 110 130 135 150 157 158 168 178 202 209 221 232 234 269 363 390 413 434 439 444 479 488 498 501 513 530 545 548 550 558 562 577 578 591 602 639 656 658 662 664 667 695 700 732 734 746 750 786 808 831 840 843 859 862 867 890 900 901 903 914 916 931 940 965 977 992 1023 1027 1038 1048 1053 1056 1100 1114 1120 1137 1147 1171 1174 1189 1198 1204 1246 1283 1294 1305 1342 1389 1416 1460 1486 1514 1541 1564 1567 1590 1628 2182 2238 2538 3074 3410 3449 , 0 % 109 , 1
120 1518 1544 1653 1688 1713 1737 1738 1776 1779 1782 1784 1815 1826 1835 1861 1864 1873 1921 1951 1992 2006 2024 2028 2059 2061 2104 2106 2128 2129 2188 2195 2252 2301 2327 2329 2342 2343 2353 2362 2410 2451 2475 2484 2516 2531 2545 2546 2558 2565 2567 2624 2644 2652 2657 2730 2769 2817 2855 2863 2886 2894 2948 2969 2981 2982 2983 3006 3017 3030 3043 3048 3070 3080 3092 3142 3159 3215 3237 3248 3250 3251 3255 3264 3270 3279 3306 3322 3325 3334 3347 3371 3382 3419 3525 3534 3545 3553 3562 3567 3571 3579 3621 3628 3633 3637 3705 3706 3727 3801 , 0 % 110 , 1
5 13 22 27 34 38 124 126 144 164 200 210 220 253 256 257 265 377 386 425 428 444 494 495 499 500 513 548 617 626 648 655 681 688 689 715 735 755 770 783 791 849 857 865 877 882 890 902 907 918 944 945 960 981 1010 1023 1025 1030 1034 1037 1050 1069 1074 1077 1079 1085 1087 1092 1094 1100 1121 1175 1178 1227 1246 1254 1256 1257 1268 1284 1286 1294 1306 1307 1331 1334 1341 1362 1398 1403 1405 1420 1422 1424 1455 1477 1521 1523 1536 1540 1546 1548 1551 1627 2647 2719 2752 2862 3294 3412 3457 3798 , 2 % 112 , 1
