62 104 174 185 213 228 241 271 287 317 333 365 379 380 383 386 388 399 424 445 446 447 450 452 459 460 463 465 467 474 475 486 488 494 497 499 501 502 504 506 513 523 535 541 543 544 556 565 570 582 583 589 594 616 623 624 628 630 643 648 651 659 668 673 685 694 696 705 707 726 738 754 768 780,1 % 74,1
62 104 174 185 213 228 241 271 287 317 333 365 379 380 383 386 388 399 424 445 447 450 452 459 460 463 465 467 469 474 475 479 481 486 488 494 497 502 504 523 543 544 546 565 570 577 583 589 592 616 623 630 637 639 643 651 659 668 673 685 707 738 754 768 780,2 % 65,1
379 386 399 424 445 446 447 450 452 459 460 463 465 467 469 474 475 479 481 486 488 494 497 499 501 502 504 506 513 523 535 541 543 544 546 556 565 570 577 582 583 589 592 594 616 623 624 628 637 639 643 648 651 659 668 694 696 705 726,0 % 59,1
62 104 174 185 213 228 241 271 287 317 333 365 379 380 383 386 388 399 424 445 447 450 452 459 460 463 465 467 474 475 486 488 494 497 502 504 523 543 544 565 570 583 589 616 623 630 643 651 659 668 673 685 707 738 754 768 780,1 2 % 57,2
86 105 111 114 117 121 124 132 133 137 140 144 146 147 156 158 164 170 171 173 174 180 185 187 195 201 216 222 228 229 244 254 258 261 265 268 273 299 311 340 349 352 377 381 387 422 424 436 445 456 460 497,0 3 % 52,2
379 386 399 424 445 446 447 450 452 459 460 463 465 467 474 475 486 488 494 497 499 501 502 504 506 513 523 535 541 543 544 556 565 570 582 583 589 594 616 623 624 628 643 648 651 659 668 694 696 705 726,0 1 % 51,2
107 139 148 172 181 186 189 191 193 212 213 217 227 230 231 237 238 239 241 251 255 259 263 271 284 287 291 294 297 301 304 322 333 338 345 346 355 356 372 386 389 398 399 452 459 467 474 475 479 583,0 3 % 50,2
62 104 174 185 213 228 241 271 287 317 333 365 380 383 388 446 469 479 481 499 501 506 513 535 541 546 556 577 582 592 594 624 628 630 637 639 648 673 685 694 696 705 707 726 738 754 768 780,3 % 48,1
194 211 256 275 278 285 289 290 300 302 309 312 313 316 317 319 329 330 334 339 341 350 353 360 361 376 388 411 414 419 429 443 466 476 486 488 504 517 520 525 526 531 534 539 554 565 570 690,3 % 48,1
46 55 75 78 82 85 87 92 94 99 101 104 109 112 126 136 142 143 149 150 162 165 182 190 200 206 223 252 257 266 276 286 288 320 332 336 354 357 367 374 397 431 441 447 449 453 478 487,0 3 % 48,2
194 211 256 275 278 285 289 290 300 302 309 312 313 316 317 319 329 330 334 339 341 350 353 360 361 376 388 411 414 419 429 443 466 476 486 488 504 517 520 525 526 531 534 539 554 565,0 3 % 46,2
379 386 399 424 445 447 450 452 459 460 463 465 467 469 474 475 479 481 486 488 494 497 502 504 523 543 544 546 565 570 577 583 589 592 616 623 637 639 643 651 659 668,0 2 % 42,2
492 545 576 588 603 617 620 650 693 694 698 699 700 701 702 705 727 729 735 737 738 750 751 754 764 776 778 808 809 1004 1093 1199 1209 1211 1215 1228 1286 1302 1312 1324 1328,3 % 41,1
218 234 274 280 293 314 327 347 359 365 370 379 380 383 390 391 394 408 410 418 428 450 451 454 462 519 523 540 545 555 557 560 574 594 611 616 617 623 643 651 1310,3 % 41,1
62 104 174 185 213 228 241 271 287 317 333 365 380 383 388 446 499 501 506 513 535 541 556 582 594 624 628 630 648 673 685 694 696 705 707 726 738 754 768 780,1 3 % 40,2
256 325 362 375 392 472 520 527 550 569 574 610 611 618 625 628 632 645 648 656 663 664 665 666 667 669 673 685 697 704 722 723 814 1183 1235 1237 1256 1273 1299,3 % 39,1
147 156 170 195 217 227 237 255 278 301 309 332 347 350 353 360 361 372 410 438 444 454 470 476 505 507 533 539 593 609 675 690 708 709 710 711 712 755 840,2 % 39,1
218 234 274 280 293 314 327 347 359 365 370 379 380 383 390 391 394 408 410 418 428 450 451 454 462 519 523 540 545 555 557 560 574 594 611 616 617 643,0 3 % 38,2
111 285 290 328 330 412 427 462 489 501 519 522 540 554 566 596 612 615 619 631 636 641 657 677 678 679 680 681 684 691 732 743 773 786 822 1187 1219 1225,3 % 38,1
473 481 595 653 658 675 676 696 726 755 768 770 775 780 798 825 828 835 846 1063 1121 1133 1145 1167 1198 1217 1229 1234 1246 1249 1250 1260 1275 1292 1298 1321 1333 1334,3 % 38,1
147 156 170 195 217 227 237 255 278 301 309 332 347 350 353 360 361 372 410 414 438 444 451 454 470 505 507 521 533 539 542 567 578 586 608 690 717 755,1 % 38,1
147 156 170 195 217 227 237 255 278 301 309 347 350 414 438 444 451 476 521 542 567 578 586 593 608 609 675 708 709 710 711 712 717 755 840,3 % 35,1
379 386 399 424 445 447 450 452 459 460 463 465 467 474 475 486 488 494 497 502 504 523 543 544 565 570 583 589 616 623 643 651 659 668,0 1 2 % 34,3
111 285 290 328 330 391 412 418 427 462 489 501 522 525 540 546 554 566 567 577 619 630 631 636 641 657 684 707 773 786 822 1187 1219 1225,1 % 34,1
111 285 290 328 330 391 412 418 427 501 519 525 546 567 577 596 612 615 630 677 678 679 680 681 691 707 732 743 773 786 822 1187 1219 1225,2 % 34,1
332 353 360 361 372 410 414 451 454 470 476 505 507 521 533 539 542 567 578 586 593 608 609 675 690 708 709 710 711 712 717 840,0 % 32,1
391 418 462 489 519 522 525 540 546 554 566 567 577 596 612 615 619 630 631 636 641 657 677 678 679 680 681 684 691 707 732 743,0 % 32,1
572 575 580 591 627 645 670 695 703 704 715 722 732 733 737 743 757 767 788 797 841 971 1060 1082 1083 1092 1095 1096 1102 1120 1126 1142,2 % 32,1
306 308 318 325 328 375 382 384 392 412 413 425 433 470 494 502 505 507 524 533 543 544 559 566 568 569 592 599 600 601 612,3 % 31,1
0 35 62 65 83 95 97 127 157 175 183 188 235 236 247 249 250 272 277 279 283 292 295 307 315 324 326 401 407 430 484,0 3 % 31,2
481 595 637 653 658 675 676 770 775 798 835 846 1063 1121 1133 1145 1167 1198 1217 1229 1234 1246 1249 1250 1260 1275 1292 1298 1321 1333 1334,1 % 31,1
62 104 174 185 213 228 241 271 287 317 333 365 380 383 388 469 479 481 546 577 592 630 637 639 673 685 707 738 754 768 780,2 3 % 31,2
492 541 545 576 588 603 617 693 727 729 735 737 750 751 764 776 778 808 809 1004 1093 1199 1209 1211 1215 1228 1286 1302 1312 1324 1328,1 % 31,1
549 584 589 602 624 646 717 845 850 867 869 883 887 894 902 905 908 911 915 917 941 958 990 1077 1081 1088 1090 1233 1255 1287,3 % 30,1
306 308 318 325 328 375 382 384 392 412 413 425 433 470 494 502 505 507 524 533 543 544 559 566 568 569 599 600 601 612,0 3 % 30,2
492 545 576 588 603 617 693 727 729 735 737 750 751 764 776 778 808 809 1004 1093 1199 1209 1211 1215 1228 1286 1302 1312 1324 1328,1 3 % 30,2
645 670 695 703 704 715 722 732 737 743 757 788 797 827 836 919 922 924 931 971 1060 1082 1083 1092 1095 1096 1102 1120 1126 1142,1 % 30,1
481 595 653 658 675 676 770 775 798 835 846 1063 1121 1133 1145 1167 1198 1217 1229 1234 1246 1249 1250 1260 1275 1292 1298 1321 1333 1334,1 3 % 30,2
492 541 545 576 588 603 617 620 650 693 694 698 699 700 701 702 705 727 729 735 737 738 750 751 754 764 776 778 808 809,0 % 30,1
425 499 520 527 550 569 574 610 611 618 625 628 632 645 648 656 663 664 665 666 667 669 673 685 697 704 722 723 814,0 % 29,1
629 682 684 693 727 731 745 746 762 764 769 770 775 778 792 821 825 826 828 842 903 918 939 943 1037 1194 1232 1251 1269,1 % 29,1
86 111 114 133 144 147 156 170 173 174 185 195 216 228 229 244 254 258 261 273 299 311 340 349 377 387 424 436 456,0 1 3 % 29,3
473 481 637 696 726 755 768 780 825 828 1063 1121 1133 1145 1167 1198 1217 1229 1234 1246 1249 1250 1260 1275 1292 1298 1321 1333 1334,2 % 29,1
492 545 576 588 603 617 620 650 693 694 698 699 700 701 702 705 727 729 735 737 738 750 751 754 764 776 778 808 809,0 3 % 29,2
613 629 662 682 684 693 727 731 745 746 762 764 765 769 770 775 778 792 821 825 826 828 918 943 1037 1194 1232 1251 1269,2 % 29,1
147 156 170 195 217 227 237 255 278 301 309 332 347 350 353 360 361 372 410 438 444 454 470 505 507 533 539 690 755,1 2 % 29,2
256 325 362 375 392 425 472 499 520 527 550 569 574 611 618 645 656 669 704 722 723 814 1183 1235 1237 1256 1273 1299,1 % 28,1
46 75 78 82 85 87 94 99 101 112 142 149 162 165 190 206 266 332 367 374 397 431 441 447 449 453 478 487,0 2 3 % 28,3
362 369 417 427 434 435 438 441 442 444 448 456 472 473 483 492 508 534 571 596 609 610 615 620 625 632 650 799,0 % 28,1
473 481 696 726 755 768 780 825 828 1063 1121 1133 1145 1167 1198 1217 1229 1234 1246 1249 1250 1260 1275 1292 1298 1321 1333 1334,2 3 % 28,2
698 699 700 701 702 845 850 867 869 883 887 894 902 905 908 911 915 917 941 958 990 1077 1081 1088 1090 1233 1255 1287,1 % 28,1
256 275 278 290 300 309 319 329 330 339 341 353 360 361 376 411 466 476 486 488 504 517 526 531 539 565 570 690,1 3 % 28,2
362 369 427 434 435 441 442 448 456 472 473 483 508 534 571 593 596 609 610 615 620 625 632 650 691 697 814,1 % 27,1
572 575 580 591 627 645 670 695 703 704 715 722 732 733 737 743 757 767 788 797 827 836 841 919 922 924 931,0 % 27,1
520 527 550 569 574 610 611 618 625 628 632 645 648 656 663 664 665 666 667 669 673 685 697 704 722 723 814,0 3 % 27,2
256 325 362 375 392 425 472 499 610 625 628 632 648 663 664 665 666 667 673 685 697 1183 1235 1237 1256 1273 1299,2 % 27,1
639 663 664 665 666 667 821 826 830 833 847 853 873 882 884 885 888 892 998 1046 1058 1067 1075 1078 1122 1137,1 % 26,1
147 156 170 195 217 227 237 255 278 301 309 347 350 438 444 476 593 609 675 708 709 710 711 712 755 840,2 3 % 26,2
111 285 290 328 330 412 427 462 489 501 522 540 554 566 619 631 636 641 657 684 773 786 822 1187 1219 1225,1 3 % 26,2
107 139 148 172 181 189 191 212 231 238 239 241 251 259 284 287 291 294 333 345 356 386 389 399 467 583,0 2 3 % 26,3
111 285 290 328 330 412 427 501 519 596 612 615 677 678 679 680 681 691 732 743 773 786 822 1187 1219 1225,2 3 % 26,2
256 275 278 290 300 309 319 329 330 339 341 353 360 361 376 411 466 476 486 488 504 517 526 531 539 565,0 1 3 % 26,3
256 325 362 375 392 472 520 527 550 569 574 611 618 645 656 669 704 722 723 814 1183 1235 1237 1256 1273 1299,1 3 % 26,2
613 629 662 682 684 693 727 731 745 746 762 764 765 769 770 775 778 792 821 825 826 828 842 903 918 939,0 % 26,1
629 682 684 693 727 731 745 746 762 764 769 770 775 778 792 821 825 826 828 918 943 1037 1194 1232 1251 1269,1 2 % 26,2
218 234 274 280 314 347 383 391 408 428 450 451 454 462 523 540 545 574 594 611 616 617 623 643 651 1310,2 3 % 26,2
510 516 639 773 786 821 822 826 830 833 847 853 873 882 884 885 888 892 998 1046 1058 1067 1075 1078 1122 1137,3 % 26,1
256 325 362 375 392 472 610 625 628 632 648 663 664 665 666 667 673 685 697 1183 1235 1237 1256 1273 1299,2 3 % 25,2
362 369 417 427 434 438 444 448 472 483 492 508 593 596 609 610 615 620 625 632 650 691 697 799 814,3 % 25,1
572 575 580 591 627 733 767 827 836 841 919 922 924 931 971 1060 1082 1083 1092 1095 1096 1102 1120 1126 1142,3 % 25,1
147 156 170 195 217 227 237 255 278 301 309 347 350 414 438 444 451 521 542 567 578 586 608 717 755,1 3 % 25,2
692 716 728 741 800 807 811 823 837 838 839 845 849 850 867 873 882 884 889 941 947 953 996 1004 1046,0 2 % 25,2
446 469 479 481 499 501 506 513 535 541 546 556 577 582 592 594 624 628 637 639 648 694 696 705 726,0 3 % 25,2
549 584 589 602 624 646 698 699 700 701 702 717 845 850 867 869 883 887 894 902 905 908 911 915 917,0 % 25,1
