3144
1360
3498
307
2659
879
1344
3377
1068
1974
842
1402
2622
3282
1031
1136
1766
3503
2589
618
0
3762
3688
247
593
2373
1754
2126
385
3787
1917
443
3571
3734
2369
923
1054
1159
3421
3526
2878
2095
2211
1668
383
2003
1413
1985
24
911
674
3293
482
2866
1835
1110
524
991
1285
153
258
2563
3281
108
396
1040
2588
512
63
2704
1615
246
2551
151
1065
384
2222
3329
510
2644
969
961
1158
2055
2877
1741
1216
2218
3307
1475
3212
3317
86
1296
2727
1354
2574
327
899
1517
957
1088
1146
2261
119
1776
2082
3189
2770
2599
475
1723
2974
1134
1869
737
1202
3235
2921
187
2808
1377
3140
150
1340
3373
3478
1169
859
3536
1970
1074
2793
2851
1544
2367
3482
2997
3703
301
3361
810
3258
1579
1007
381
2106
69
1363
2011
231
3730
3559
1203
1775
748
627
198
3038
161
2190
2411
2516
670
3605
2967
625
349
1168
666
1751
2971
487
1914
2792
2850
2133
1485
96
1018
279
1706
2584
2117
2012
3586
184
242
872
129
3807
405
3628
300
3370
1166
751
1224
1006
446
1636
3669
3002
172
3395
3737
39
1774
747
3616
3408
473
3092
531
418
82
2723
160
3037
2294
1179
2570
66
953
2982
3354
4
2927
1496
1029
2023
873
3301
978
70
3655
253
3025
1443
2282
1501
941
3639
3381
1130
2896
1760
3326
554
278
3336
2995
758
3093
2062
2167
2225
721
2571
2676
2104
600
1015
171
429
964
1095
2526
1153
1783
1211
3349
1841
1623
1728
989
81
2722
676
1083
581
3450
1934
802
2069
3184
2594
2699
1621
357
3751
3034
987
2502
3267
102
1588
456
732
1646
390
2178
3059
2745
3584
1714
1372
870
127
699
1889
2432
3710
3473
12
1327
2988
2500
2329
483
646
2208
3677
1426
1990
2992
2249
2525
592
908
2096
125
1840
2784
2138
893
3045
2731
951
3391
1875
1408
2305
525
2830
2593
976
193
430
1725
3758
1449
3387
1958
2177
3600
2686
3593
402
191
1400
919
11
2948
1221
1575
2223
290
2070
999
453
91
274
962
2524
2629
3802
591
1886
2534
3194
3357
738
1106
2767
3769
328
2291
892
1260
779
34
2188
1874
742
1932
2409
3182
1036
3240
534
297
2038
3699
3032
413
260
2394
147
2452
205
1862
3646
2615
2864
1749
617
1807
1378
2493
3687
1712
3020
3592
3650
1971
1504
928
2957
394
1012
1747
3218
2904
1197
2094
123
590
2152
2199
3430
545
2107
2395
424
3673
1185
1090
1931
3181
121
1035
3031
220
3290
3453
1595
2243
3332
3591
2752
2810
410
764
869
927
709
451
1641
243
3800
227
2256
1225
1046
820
3089
2499
270
1802
79
1289
2186
3617
1155
569
2349
2874
1213
903
1664
637
2942
3077
1293
983
1514
2555
1965
2337
1127
567
1757
901
388
979
2712
2817
3753
1607
1178
868
2267
1236
3603
2230
555
718
1803
1908
1020
281
347
2902
168
798
3638
380
1362
3776
3204
3558
2469
1096
786
1430
2090
2406
1138
2311
2416
1043
2045
2925
1084
3393
1189
1142
115
2966
3614
1305
624
1606
980
1453
3486
64
3544
200
772
2334
659
1478
2651
3569
42
855
2989
1149
589
760
1779
484
1837
705
3145
552
2581
1466
2565
2623
690
472
2318
577
2310
1396
540
369
1730
3763
427
1454
211
1697
1151
2508
1918
1135
2079
470
3693
1489
1823
149
2895
924
2170
3601
563
2020
2592
1811
2813
1382
250
3691
959
51
2263
864
1778
2426
1232
922
493
3115
2193
1945
3195
576
1220
1049
739
1041
3416
8
2043
2148
644
1834
990
1463
74
1626
3659
3288
3241
1037
727
632
99
2766
3138
1393
261
2453
140
1968
1080
303
933
17
2066
3431
1122
3785
725
2575
1486
136
1793
3635
766
1173
2684
2789
2847
342
1532
1419
3728
793
221
2297
956
1266
585
262
367
2672
3149
3674
1186
330
3658
1979
1091
1254
1312
3345
3621
631
2823
1392
2040
1555
2807
244
2273
1242
2961
1129
1872
1930
1759
561
1817
2590
295
2811
1380
353
1601
3739
2603
3481
1172
920
1786
654
3273
3331
3564
2008
228
1160
679
1323
584
2041
3261
2929
3148
1719
271
2834
2389
1358
3667
943
1237
677
2076
3191
459
3078
984
517
2822
3766
2451
1336
3808
2719
2185
931
3437
1692
560
3342
2857
3505
1484
1017
457
2820
2
861
966
3013
1116
490
2157
653
2787
2579
3668
503
3297
38
583
1773
3260
3244
2680
3052
433
167
1310
1769
1044
458
734
2763
1207
3516
1390
993
2831
3749
2718
3491
155
2710
1796
2444
664
1032
2034
1541
2485
3679
306
49
652
1401
2319
815
2061
2949
1109
1634
92
3572
236
3630
1208
582
1055
3146
2832
374
3156
3035
1356
224
854
3294
3515
580
1494
3086