2644
437
387
2594
3421
156
1957
1470
3190
3627
1420
2784
2734
3171
2684
833
783
2990
1089
602
552
421
858
2172
321
2122
2072
1585
2899
3255
3336
3692
998
3205
3286
948
3155
1254
1123
2874
1023
536
2337
486
2287
3601
3551
336
286
3370
1519
1469
3270
1419
3139
1238
3039
1188
1138
651
1088
551
501
14
2302
1815
2252
1765
401
2121
1715
2071
89
2377
3741
120
1353
1790
3104
1740
3054
1203
2567
666
2954
616
1930
79
2286
566
2367
516
1880
641
2005
235
1955
1468
1418
1855
2682
831
781
2582
2045
2888
2401
2482
2838
1995
1343
856
500
937
2657
806
319
300
2020
3740
3334
119
1970
1483
3771
3284
1433
3153
3234
1383
846
3134
3003
2516
1021
1102
1458
971
2822
1052
871
334
3499
284
2135
3805
3399
184
3755
3705
3655
1217
2887
1036
1523
2837
986
499
2787
936
886
1713
299
2100
3333
2275
1788
1869
18
1738
3539
1688
3052
1201
614
2902
2415
2852
2365
464
1828
364
2084
2440
1953
133
2
3654
3554
1703
1216
3017
1166
679
2967
1066
579
2430
2249
217
248
2455
117
198
3282
1431
3769
3232
1381
3669
3182
1331
2645
3001
1231
744
2595
3032
2545
2901
2495
3207
1356
869
513
463
1306
900
413
2620
282
2083
719
2033
182
263
1983
132
3703
3297
3734
1883
3603
3247
3197
3553
1346
1165
1521
3322
1115
1065
934
2248
2198
2635
247
1611
2048
1998
3718
1511
974
3181
1767
1280
1099
2900
3337
2800
2313
2750
899
2213
362
312
81
1801
3652
2288
1882
31
1832
1214
3502
3452
1601
2965
2865
1014
527
2378
2815
2328
477
2228
377
2940
683
196
1916
3717
502
96
1816
3130
1279
3567
1716
1229
3080
3517
1129
2493
1079
2393
361
717
798
2518
667
1981
130
211
567
80
30
3682
1831
3632
1781
1294
1244
2964
707
2914
1013
2733
882
3170
476
3120
426
2633
2583
245
326
2533
1996
95
3747
1896
45
3697
1534
1615
1971
1078
3285
1028
2748
1334
847
2648
697
2061
210
3375
2011
3325
110
466
1961
1699
3681
1780
2136
3500
2086
1599
1680
2913
3350
2863
1499
3300
2813
425
862
2663
275
2788
94
2301
1895
3615
2201
3515
3465
1614
3415
1077
3365
977
2341
2728
2597
259
2466
2547
696
2416
2903
209
646
159
1879
28
515
2316
465
1829
3680
2266
415
9
1242
3530
3043
1192
2993
1142
2943
2812
2406
1042
911
3118
2581
730
374
324
680
2531
630
3745
530
174
2331
480
3514
3108
3545
1694
3058
1076
1432
1513
3233
1382
3183
1332
1282
876
1232
826
2546
208
2496
2009
158
595
1959
3760
3629
3710
1859
1678
1191
1547
3348
1984
3785
1091
1447
3248
2761
991
1347
3148
941
760
710
223
2511
2024
173
1974
1843
429
2149
1743
1612
1693
3413
3363
1512
3263
1412
925
2676
825
2364
594
2751
2264
57
2214
7
1727
2164
1627
1090
3328
1477
2791
940
2304
453
1246
2610
628
709
2429
2916
222
2866
172
2379
528
3693
478
122
2329
72
1792
428
22
378
2229
3543
3006
2956
3131
924
3568
874
1230
3081
1180
2544
2981
774
643
2494
724
2444
1907
56
2344
493
6
1857
137
443
3527
1807
1757
3477
3558
1576
1526
3733
3683
989
1345
939
2659
808
2509
171
3773
3642
71
3723
3236
1872
21
2178
2047
1104
1947
3311
1054
3261
1897
1360
873
3111
2624
773
236
186
2212
5
2293
442
2649
1625
2062
1656
3376
1525
3276
1375
2689
838
2458
607
2327
70
2277
507
2714
3541
2127
3491
1640
2077
3391
2854
1003
3291
1309
3029
3516
2673
3466
772
672
541
2342
572
85
441
391
3456
1118
60
3631
1293
1424
3225
3581
887
3175
3531
837
1193
2994
2507
787
2944
1093
2894
200
556
3721
506
19
100
1820
456
3621
406
1770
3571
2076
3796
1539
3259
3696
1489
1845
1002
1795
3159
1389
902
1258
852
1208
721
3059
1158
671
752
2472
3786
2372
390
2110
340
1704
1654
2010
240
1604
1554
3274
3761
1504
1373
1273
1223
2050
199
505
2662
1819
405
1769
2612
2125
2206
355
3439
3389
1538
1488
1438
3239
3189
851
2521
3364
1107
3314
2908
570
2290
2371
33
2240
2677
339
420
2140
289
1653
2090
3354
3304
3173
3529
3123
2992
1222
735
2942
3023
685
2405
554
635
504
2305
454
3619
404
1768
3569
354
2205
1668
304
3469
1131
1487
3288
1924
1387
3107
1256
3057
1206
1287
3007
1156
3494
1237
750
1106
2470
2957
2420
213
2857
2370
600
2320
469
3634
2270
1602
1958
238
3759
1989
3709
965
1808
3172
1758
1271
865
2535
1121
2435
2741
890
403
2073
2510
2460
1973
3774
3287
1436
3237
1873
1386
3674
3187
1336
1823
1417
1286
2650
1236
3037
2906
1055
2856
2369
2725
2319
468
2188
418
1782
2625
2138
2088
318
3402
2038
1988
3789
2765
914
2715
864
3508
1657
1170
2840
2921
2384
533
2740
402
2253
2334
2203
352
383
252
1566
1516
3186
3542
1822
1772
3136
3005
1285
1235
3392
698
2986
2855
1004
517
2368
2805
598
2318
954
548
417
3582
1731
3532
1681
2118
136
86
36
3557
3070
1219
1300
813
3507
763
2970
1200
713
1069
582
663
1019
2820
969
613
2333
3647
1796
788
201
1565
2002
151
1515
1952
1465
1821
3622
1771
1284
878
1234
3085
1315
1184
2548
778
2985
2498
2935
853
2573
2167
316
803
2523
2117
2067
1580
1936
3787
2017
1530
3250
3737
3687
1480
1349
3637
3150
1249
762
531
968
2769
2282
431
2638
2232
281
2001
3802
1951
3265
1414
3215
3084
3440
1670
3340
2934
2447
596
2884
1033
546
3240
2834
2166
315
2116
265
346
3430
215
165
1529
34
1835
1785
3505
3586
1198
3355
2868
1017
1148
611
917
430
2231
461
330
2487
3670
3751
49
3570
3651
1313
3520
1182
1619
2983
1213
2933
1569
1082
676
545
2833
2346
626
2652
2165
314
2602
2115
2552
164
3735
1965
1478
3635
1784
1378
891
1734
3098
1684
3048
1147
2948
2817
2767
1403
2667
816
329
766
279
2486
1999
2080
1949
2030
179
1899
3750
1493
3213
1362
3700
1312
1393
1749
1262
3113
1568
1081
3369
1518
1031
3238
2832
2345
494
2701
2782
444
2651
3088
2195
2551
344
2064
2095
244
2451
3765
3278
1427
3584
2220
3534
2997
1146
3353
1633
2947
3303
2816
2897
3253
1046
2847
509
2797
328
2616
2129
2566
228
3393
534
47
2335
1848
3699
3649
1798
3518
1748
1261
3112
1698
3368
674
1030
2881
1111
624
574
930
2244
474
830
343
2194
162
2450
549
3633
1863
12
1376
1813
3533
1326
1682
2946
2896
639
2359
2846
508
2128
277
2565
2515
2028
664
127
1847
1491
3698
1797
1878
3598
1747
3548
3061
1597
3317
1416
2780
2730
879
829
292
2499
2093
242
2043
2399
2349
1943
92
1325
3613
1762
1275
2945
3301
1094
3382
2895
3251
3332
2845
3201
2795
944
2664
2745
3101
2614
407
2258
3051
2158
307
2514
2027
2108
207
2414
76
3778
3597
382
2233
3547
1646
3447
2860
1009
3216
2810
2760
909
422
2629
372
728
3762
547
2398
1911
3712
1861
2348
3662
447
1811
1274
3562
3431
3512
1661
3381
1124
3331
587
3231
1024
893
2563
1149
2463
612
3777
562
3727
1745
3677
1826
1776
1289
1645
3446
2959
1239
1139
2859
1008
1314
827
777
2578
727
2041
2478
2347
1941
90
1810
3611
1760
1354
1710
1173
3330
115
1479
3280
1379
2743
2643
305
2512
2593
2106
742
2462
205
2412
2362
3726
1875
1825
1906
3626
3495
3445
1594
230
2081
2031
3264
3345
3295
2808
2627
2577
3014
2527
807
757
1990
139
220
2296
526
3610
395
345
1709
2973
3329
3410
1559
2923
3766
1072
3360
2873
3229
2742
1022
3179
922
3129
435
1047
560
1824
460
2261
1774
360
3525
3475
1624
1087
2807
956
1037
550
2757
1212
675
2963
1112
3790
38
1839
3559
1302
1252
3459
1689
1202
1558
2922
3359
2872
665
1864
3228
13
3665
3128
1277
790
2641
1227
2591
3028
1177
2541
2410
2491
640
153
2441
1954
1904
2260
3624
1723
3524
2160
1492
3780
3243
905
3193
1342
855
1292
3012
755
2962
2556
705
655
3739
1888
1969
3689
1838
780
3458
2044
3358
143
3227
3177
3258
2771
920
3208
2721
3077
870
2590
2671
3027
2540
333
2977
2571
720
2796
2309
458
945
2259
358
2159
3523
1622
2936
3292
2886
3242
3323
2836
3192
398
754
1110
2911
1060
573
2861
1010
523
2324
960
3638
2274
1787
3588
1737
3538
3407
3357
1150
3794
1100
1456
1050
2770
1406
3076
1712
1175
688
2926
2439
588
51
488
1
438
1752
1265
1215
1652
26
1390
1340
3628
753
2554
1140
653
2504
2373
603
2404
503
1867
1736
3587
3537
2529
2173
191
3356
1505
141
1942
1455
3306
1892
3125
3206
2719
3075
2669
3025
818
768
2975
2488
1982
1851