30502
54816
6171
41091
56124
14328
3799
32904
51340
40524
5070
55740
29855
48541
49485
54635
17343
37210
32671
31010
41722
18796
53524
54468
41059
29664
6149
44275
14489
21948
39120
6870
53083
34657
15687
56331
44321
3248
44830
26555
56850
15951
41208
43766
12786
14628
28697
16719
22497
40772
24339
1961
45867
28910
15251
22539
55531
30112
47921
49276
36571
45167
47476
36613
51941
29729
54976
10088
48674
18888
44849
14451
327
28599
2261
40921
36965
1939
13637
15229
49415
34164
47081
38811
21251
8099
6754
35646
18736
20146
14627
17050
38111
35164
13952
11934
45403
32461
40081
7299
10295
1099
25328
4839
36404
56567
1571
51524
46374
38480
41580
41113
55182
39999
25100
42057
47572
47105
44111
5300
42358
43006
51592
24829
32948
20938
51384
54123
43556
46980
20979
1798
18828
22250
17179
25753
3852
14719
33155
48905
32299
34312
54725
25053
53086
35001
55881
1636
11818
51315
22644
10350
44365
23801
10142
1729
30555
43680
27200
37912
10651
53707
42357
2399
51875
7400
41672
11340
1496
1029
32401
21389
42621
41256
941
48613
6845
22546
49273
55367
51009
19497
10044
43648
33900
48380
44271
3198
40664
49148
11242
2046
39956
1361
14287
33210
16596
18687
36962
44582
14796
53415
35389
52549
1728
15018
48556
8551
34746
51382
17094
56430
44249
45406
14208
40570
44970
52590
52372
26487
50790
8737
54473
14986
44021
3197
22638
34102
1852
25061
45474
16336
38761
26533
21994
17025
52766
2138
3253
11909
27037
52521
49213
7445
36271
10441
31798
218
33811
29138
41462
12791
976
55857
22818
30438
23
12909
24645
38247
52915
14518
33737
50647
5742
6686
55421
56081
44580
50674
24789
53413
1944
19125
10932
55981
26625
31288
47370
47199
22734
54658
36336
32445
33560
45399
6588
24835
42939
35651
11176
9327
1819
4289
6551
1295
13994
2660
14424
4751
22044
12842
56059
47505
7578
18875
48703
3442
32097
54990
1860
36497
43956
30001
30297
9943
5834
52047
13391
5626
28187
54148
30627
216
30928
36854
48081
54175
3385
29140
17209
41054
11268
32796
39360
18625
56359
21725
18133
32801
17981
13623
16876
21025
6518
22219
18184
49910
22478
48261
36251
10184
36760
18018
43798
48780
15024
56182
13691
215
48354
30927
21886
16269
23977
25819
19008
44255
45199
31597
35997
51180
54749
55372
37843
43937
23240
821
36950
54271
51811
40461
1650
1479
45338
33044
1988
26628
51158
34279
48052
36551
43839
15282
17907
10513
44746
26424
45110
29927
46837
10280
32819
26191
13066
3185
46100
48238
25377
358
34895
41353
27478
51847
18924
11577
28635
29750
53165
22435
21241
7631
4684
3023
56946
57139
32187
21791
25225
20686
28987
40061
15607
6831
48144
7024
33140
55862
37587
1617
10030
7609
41098
56848
45498
2240
20079
48237
32336
39196
3693
39942
27714
51300
22392
1969
39734
37188
17521
9519
42597
26117
50953
42389
55047
2634
52271
40760
7195
54362
56671
43546
2893
50471
35936
3832
54663
53298
2193
31085
48361
18812
481
47038
13282
5233
17215
19991
13791
30234
53136
23521
26307
356
28082
22416
4340
45252
28591
16114
12690
25177
2332
9985
55046
56161
26375
28684
45594
21290
52052
37517
44442
50470
47695
52062
48889
27324
21907
16757
39919
30150
28569
52872
21892
17172
2730
3207
29192
23308
2522
32334
22882
6477
41397
13374
27930
32126
48037
10914
874
25176
35907
56197
47927
14105
448
13457
49235
24283
31524
13249
24792
43544
2424
14090
10982
21331
16181
44451
3331
55138
26467
14410
21382
28558
41795
36178
25315
21891
6667
8976
36924
20230
11505
24630
10820
55698
23307
55402
14266
8494
55661
56855
22622
25092
30242
51770
51599
52200
36483
43942
56896
8068
5608
45079
51853
20406
36317
25968
11365
665
52589
10680
36109
32218
29330
2641
12563
14872
5913
21614
24820
711
3159
48679
49327
30469
26466
34086
6091
8716
41327
44751
5940
18582
31134
54819
13854
44117
32290
21474
5306
53351
39217
36223
9390
29491
35585
8067
32591
6485
36808
55961
48828
21567
53444
49488
1975
56947
51862
33540
51644
27275
33322
56988
5166
23959
37732
33114
7008
35423
3366
6790
53537
51737
4990
49326
55354
53045
3885
19711
27331
18606
10564
33716
50626
43427
22158
55150
3214
16857
47619
12748
33493
17480
3515
30032
45295
48252
36807
21010
27766
5082
38908
54600
10962
40293
25758
2130
46819
7007
40878
51954
21871
6114
48131
25804
4314
48640
56260
42440
13302
7530
45018
36931
53137
35608
56353
11304
44908
19061
30305
14510
26349
16601
20149
56928
52819
49978
55751
51143
48618
17572
18220
37985
2959
16420
53026
18261
3648
10261
14945
13047
5749
35769
17447
56000
11247
11210
56597
15620
3420
33973
20848
41593
48223
18437
24702
26057
2564
17970
49209
30522
43009
25881
14064
17804
23364
9505
20904
20667
37475
55750
15262
13746
5381
55334
31576
33121
55843
42718
5682
17664
21449
34107
28480
56829
49541
50550
22606
53118
46168
18862
17201
41083
56833
9666
42277
44368
17710
8981
36758
24748
55194
30012
33774
48741
29304
8281
2365
31191
29563
18529
22248
42582
26149
12500
52827
16947
53487
38122
22470
55541
670
53788
24821
26413
2920
18348
55125
14160
20971
17900
35221
48175
43090
27611
29749
21411
34365
22071
1648
3957
14461
17200
44585
7366
4906
45742
57035
17501
25199
46431
45066
9758
28902
26356
52033
39807
20949
32413
14637
21780
20902
22257
49985
42841
55078
21572
29080
41985
1980
953
2410
15052
54968
43322
3080
15845
5171
22303
18097
37020
43831
48392
9581
52686
5472
34115
16260
37321
9901
38556
50915
46176
13137
33471
128
55192
39713
14761
21970
48059
4880
49216
10728
50942
7458
43809
56934
9549
44640
3520
4464
36812
18537
1299
19197
33865
14428
26448
50034
5662
49284
38705
13753
37783
28512
6374
40416
55679
9580
26712
56576
18138
5755
51491
7063
23547
31903
33258
23339
25601
30264
33221
14251
21710
24963
37621
10360
31421
32365
33559
1910
14599
51626
12035
687
25953
40021
479
28455
40814
52824
56725
52616
49308
18328
56233
2455
32712
40114
37273
30959
38467
51723
13544
26202
48390
54484
7099
14950
46407
5754
1070
41868
56118
53124
37111
38772
46392
6703
22871
33220
56419
30055
28645
29839
46749
4198
54369
41664
12526
57108
6470
6003
41706
9256
16652
19438
11100
39280
17601
1260
29870
52091
6071
45675
47766
21153
6646
41020
44990
42515
2339
20835
40465
49404
10679
22143
3745
13418
21038
53382
49913
30847
10150
39512
14389
17128
25702
15078
18534
26154
10818
996
20529
36611
37805
32720
45207
29661
37281
45466
51731
41357
43666
26288
48714
39910
33539
28639
48973
52484
22698
28861
18238
9462
13718
26060
29629
48065
11886
22235
11419
6001
9254
45605
54876
40510
41180
25701
32455
49014
14926
47681
19737
29448
10827
55409
19529
23734
31354
16535
17650
55621
5289
49082
9860
27699
14994
5798
55685
54024
40214
45558
388
47649
42564
31997
29337
53214
47913
55315
51891
14350
45330
6098
56768
47680
6389
36100
45163
10292
13795
1096
15387
10618
36401
9647
25051
26245
3447
21943
17441
37854
9439
15688
52715
40421
29035
56907
24496
9952
30098
21828
8800
43720
28651
5427
3627
36146
36655
37770
37303
18333
3938
9137
17695
7555
17228
49105
49572
2470
45463
51557
530
51349
46199
6444
8753
39954
44570
44103
47356
52190
36960
18935
54281
39746
21460
3289
10477
1234
14877
10986
24825
56465
46764
17092
56257
28951
33147
52366
3428
3362
13284
40439
49062
27850
6142
15894
6935
38547
1929
37862
10917
18425
2836
38055
26045
3200
3496
44320
37370
24494
33337
34951
18985
42571
33846
19924
1960
39838
27544
31500
56682
13734
3060
8938
23227
3635
6841
17708
7252
36144
11192
808
48947
17184
55872
14724
48739
38754
12141
40957
2042
367
28093
40998
34437
17059
39952
47354
6234
10708
1979
14792
25141
51611
51166
24040
15315
28440
48853
36060
41039
56473
8428
14630
3125
27117
54957
36635
55321
18076
30435
25535
50848
34052
40146
55580
24679
50574
48956
55663
10614
1885
24216
29778
15175
52202
37897
10090
56820
25840
30036
33460
14490
36028
31660
55974
22685
37652
9237
48001
6451
52513
5595
5128
7437
32687
45137
29342
48561
931
30860
32998
3342
47747
55149
27126
47539
55159
36189
36142
30226
39395
29009
2740
2579
6979
21019
41899
55672
9936
5044
54520
54349
11293
43170
14815
51147
22009
55547
29378
7695
55273
36629
55065
45146
53720
55858
52071
12117
32997
32950
17881
11214
16558
18867
24178
1333
13315
44544
46853
52164
16284
18830
7325
12459
40445
1634
29527
18913
30318
3984
51846
2323
29568
14772
40029
4187
41653
2842
3035
33588
50202
55764
49499
19417
44901
3294
13476
20935
249
29340
46250
41528
17112
56962
55847
55301
32440
40060
3169
6126
15114
40361
52371
55110
39144
2027
5779
21717
18409
35319
41300
51544
49897
606
6769
52048
2841
56448
18440
23668
41160
39579
20892
28716
15057
41735
25940
2207
20684
52561
15020
3594
48101
19430
5695
28026
32278
22
56012
13568
14683
29650
6918
34332
18082
8008
6893
29691
24477
33995
605
56364
11315
22640
8076
44427
53945
35386
46528
37487
43752
9492
10713
29877
48800
33378
41952
54439
56202
26416
5709
32236
34794
6550
7494
40841
9585
3622
2191
28808
52861
29923
50552
8225
13359
50853
55948
55901
4909
44551
47337
52171
20869
28377
52528
22130
1707
13405
33568
14858
28631
7141
13390
32935
12304
56238
3108
1775
25221
29668
3083
6823
15065
7767
18271
51236
37579
30185
32494
17912
49552
26508
52699
6133
36219
1831
2024
20567
6708
41094
1168
31892
24759
37884
25590
26067
32332
46651
17980
25382
32841
45795
37718
9723
3807
25891
28630
36250
26113
47641
36607
44227
21366
2422
6869
18804
9608
47734
25568
43843
33687
52610
6340
18571
25780
12371
40641
35807
8690
51328
54752
30277
32368
40942
48450
7330
40734
48242
55701
12474
56361
45545
13621
16874
46660
48751
27690
10456
37183
51851
13662
21282
17563
41932
20167
32424
28468
14102
4258
17605
18720
44226
2468
9032
34033
40127
27149
34074
37031
25520
28773
28306
14170
17910
54497
35231
36175
37369
9908
29967
33478
49342
55436
52489
47043
9959
30276
21722
44624
56634
9430
3059
33316
36522
44142
51897
43027
44688
34769
47427
40033
41694
44651
35926
2675
52094
45678
23465
4521
24906
26681
33969
13272
33922
48718
41542
18320
56338
13064
29758
28031
37378
45516
15901
4080
13898
24974
37632
1412
1921
6482
1713
51429
3021
18755
37974
9559
13670
661
26157
51641
36822
41485
40291
32681
4266
40617
23956
19704
1272
46325
21373
37284
22530
7306
36132
23007
50629
28522
28304
43891
2304
18199
47834
32583
29512
52450
34175
7374
3720
14271
147
17010
57119
51386
44923
52543
15002
16663
36530
36359
10700
24848
49017
30159
20411
54360
46816
15770
36831
55096
39617
44233
51988
37349
44808
13762
54986
21164
56294
12610
18602
37584
54027
3673
6175
7290
31959
4830
17472
21257
43979
30491
28614
28863
29511
36265
9474
22247
44969
39523
447
27058
53019
17139
55795
38630
10254
53787
56993
8664
33665
22849
36622
53295
18300
41285
11452
44024
16500
49368
24120
16339
9405
50886
33976
3205
5514
29506
270
24670
45731
57024
49140
18160
2821
5856
22672
21011
7382
48284
1965
13947
21520
40568
47132
25920
51176
18253
44931
27803
7257
42414
33373
22339
19498
56525
45709
1020
20757
44231
3111
40340
40169
40132
1854
40381
15927
25638
14538
47530
36714
41159
56593
31411
25939
25873
47831
55451
36481
45532
2103
28871
11062
40993
14097
40775
3556
53225
16944
6804
21311
18299
50241
5948
6280
2705
30166
43617
51268
41520
42
25270
52892
48706
19761
10137
47576
7104
18438
12238
28149
48733
5771
49677
53178
41121
12450
33511
52730
50184
56176
42366
13228
53508
7172
43523
17354
48659
5739
40830
56523
14727
40622
47015
22347
7010
48130
1899
30258
53094
25854
46381
24998
37656
51869
5770
13134
22902
35310
1945
17544
7404
11344
15744
49977
54919
41431
21096
8649
11427
56476
10789
47714
44767
25501
56740
13829
45390
32265
42930
1810
12361
52423
32803
38548
33463
47574
1903
13351
47366
52516
50217
52308
23571
38604
33301
29345
7662
11135
30354
52609
28489
4497
40065
54384
55815
14850
33649
50559
44191
5446
20462
15628
23248
21188
18834
37270
27601
35470
26745
39870
47490
52469
56790
56323
4854
33680
46167
41865
45482
51576
15696
51109
29002
36211
50891
17579
55721
34670
7152
43266
20860
50191
41921
10019
4247
47458
53723
37710
56509
21354
9099
35702
53490
53023
10579
56276
13318
29400
6898
47981
49605
22344
37311
29701
48920
5538
6903
56540
41615
40203
377
21243
41656
11040
44904
52524
3297
11388
45107
52783
55522
53722
5143
17125
56975
5652
10287
1044
33439
5444
11226
2201
45204
43871
3695
3228
6652
37398
54012
15719
48711
54568
12725
13840
27988
20345
17286
24745
13395
45272
23889
50214
34248
3088
41748
14919
44171
47911
51459
56181
9589
25527
5698
37547
39856
9552
29653
10328
1770
51505
52620
10540
2288
52958
43870
51490
292
6651
55707
45504
36700
35098
10633
43205
25600
3746
26544
51791
5837
33002
40211
36255
56371
13631
39461
5629
11878
18234
8561
2361
52314
17378
7238
18493
10518
4254
55821
2987
28287
13533
33400
15125
75
9852
26450
9644
9436
37147
39456
26817
32845
33960
47562
14523
5327
11109
876
44101
13885
45762
56904
34738
36046
11877
4943
49680
43764
40770
22745
37244
28986
17169
11140
12084
47701
17915
8719
24887
55649
42954
11441
51721
14009
17433
54974
37846
32761
26029
51762
18668
25919
39988
36745
44864
22935
49912
10641
56120
34737
25696
2898
27787
14615
27740
34245
24793
7987
6042
13769
43271
51911
2944
31836
27050
22795
29188
268
10817
13240
34301
10075
32797
21684
23993
36651
26495
29234
3489
21518
37896
57059
38089
52757
37938
33501
34944
6232
19092
14323
56912
21077
57105
51372
174
47653
29094
37497
43762
56420
51164
34036
40301
504
34087
53010
29187
22109
9595
44752
37543
2517
20994
55657
2994
32250
4618
52663
49355
1842
17431
39199
13369
51511
10909
790
51562
4177
48036
873
4686
6995
6278
54857
11116
9734
40555
33842
39041
20183
22492
9827
37288
1785
1318
3093
6050
56299
11184
28993
28526
25532
12091
33152
34128
55656
1888
44803
37126
38787
53102
48498
23316
9924
43729
38579
3724
54763
32379
48461
39736
46661
53870
48799
54073
7642
8331
55261
50710
31740
456
37779
17082
56702
31579
43043
9043
39129
4741
47952
34044
55572
54457
30936
51463
8150
26226
28784
51255
41336
5731
51047
21691
55239
56070
28877
20368
22677
4927
50663
20094
54280
6017
25717
56400
56163
25183
22723
26340
13215
38142
6540
17874
7017
25494
27118
6332
11
28991
28524
36393
49051
26692
25530
33150
50060
18081
54299
2316
17267
1678
11067
50936
21015
35334
52244
23791
24221
1423
31509
1932
2876
19580
48043
55798
49200
7432
25192
48562
6327
29125
40618
52638
7483
29959
10805
8640
23930
43560
43389
25067
32526
47960
47789
26432
41589
56010
2232
1117
2778
47752
31841
5517
9418
2741
31141
48779
10873
8307
3768
32594
4416
14272
28408
16373
18682
29031
25424
2667
26659
45095
3031
28931
43295
3606
49287
1490
37786
1816
9324
24377
50338
33677
41297
19506
25284
20982
7534
54701
32784
6631
30984
11048
26482
3684
5775
6890
7617
17757
54001
49634
25330
5785
32618
33733
29730
19858
37350
55454
37132
46900
4415
35550
37925
27769
39233
40741
7176
43527
12547
49986
49519
20120
24567
48041
44150
2708
14374
29590
37526
23390
5924
32441
47237
9541
3590
52428
22030
29683
25858
11255
26222
53844
37878
22081
7107
33769
41389
25121
37131
32409
54051
34977
18964
6515
35407
47143
25681
50461
21790
29614
42851
44989
8124
33908
7505
44242
51451
16048
40417
39885
39418
32741
54746
17205
48434
53097
11472
11005
56054
19981
40936
22614
6209
41596
56629
43924
10398
21758
17038
10361
2530
52950
47333
22381
4631
9508
44428
30292
2114
29868
52260
14071
44432
3312
52551
23880
22048
44941
3821
34068
55300
9813
53796
53329
7230
24658
14910
21415
15103
55601
54953
5222
56836
30223
31167
15154
19554
56628
9881
27174
44334
24714
45241
32116
21720
33777
41179
10199
19072
39485
17556
7416
41688
53152
36491
41707
51418
48577
29311
29867
23904
17639
36075
46740
35924
5620
16171
56451
13711
28974
22307
8915
40332
56960
51237
46087
48178
7058
17161
56326
29964
27381
39717
55196
26058
16357
16310
56637
43695
43228
20070
18660
37459
41131
26280
25948
52787
44893
6730
24272
33822
41442
10462
24781
39031
38175
2672
56279
4763
53819
37490
9811
44731
51940
50825
52351
18846
9821
22565
55386
41784
19039
49292
40632
43885
3959
23514
12947
50135
33474
47076
1872
13399
32322
28603
18447
24712
27965
13362
32114
17762
25164
5790
3014
5105
6220
13900
654
19655
30365
3564
10461
13200
4471
48876
53309
56496
9282
52387
54696
12853
45425
20473
17948
14171
11960
22138
1103
51286
40423
56334
15198
10600
21505
8274
2857
20820
22412
7122
37675
41394
3480
3013
46224
50009
9472
37249
15036
6011
24804
9981
32673
33321
40075
36606
41269
30090
5664
1056
32507
27357
8880
35713
37068
43333
51985
13329
26454
29411
18061
24155
28555
34820
44869
45517
32812
38058
40432
47608
22656
22110
55228
2281
40941
20310
18729
55269
12529
26302
1662
351
56893
1704
42290
56426
6265
40307
49009
36304
1180
14138
5580
10951
55533
31775
32890
444
4257
3572
44474
18760
9564
49314
14443
29410
22063
7556
1356
31613
2980
48977
11797