2644
437
1272
785
1222
685
2405
554
1520
635
3808
1957
1470
3190
2305
3627
3619
404
2734
1768
3569
3171
2684
2205
354
833
1668
304
3469
1131
1487
1089
602
3288
1387
1256
858
3057
1206
321
1287
3007
1156
1237
1106
1585
700
2420
213
3255
2857
998
600
469
948
1254
1123
1602
1958
238
1073
1023
536
1989
486
965
1271
3601
336
286
3370
1519
2435
1419
3139
403
2073
1188
2510
2502
1138
651
1088
3287
551
3237
1873
501
3674
1336
1417
1286
2252
1765
401
1236
1715
2906
1055
2725
120
1353
468
2188
3641
418
1782
3104
1203
2567
318
1938
1930
79
2286
566
516
29
2715
864
641
235
3319
1468
1418
533
2740
402
1855
2334
3706
352
433
383
252
1566
202
2045
2888
1516
2482
1343
856
937
2657
806
319
1772
400
1235
3392
698
300
2020
3334
119
517
2805
3771
598
1433
3284
1383
498
846
3134
2516
2118
136
1102
1458
971
86
36
871
3070
1219
334
3499
284
2135
763
3449
1598
1200
713
234
3399
184
663
1019
3705
2820
969
3655
3647
1796
788
301
1217
3424
201
1036
151
1515
2837
1465
2787
936
3622
878
1234
1713
1315
1184
299
778
2985
1084
1788
903
1869
2267
853
1688
2167
316
803
2523
2117
1580
3787
2902
2415
1051
3250
1349
464
1828
1249
2084
531
2
968
3654
2769
2282
431
2638
2232
3554
1216
3017
1166
679
281
2001
3802
1951
1066
579
1414
3215
1670
217
167
2934
2447
3290
198
3282
1431
2884
1033
1381
3669
3182
2166
315
794
396
2116
265
1231
3430
215
2545
3032
165
869
463
3505
413
2620
282
2083
719
1198
2033
2868
1017
3347
132
263
611
3734
1883
3603
430
511
2231
3553
1346
1165
3322
3670
934
3570
1313
1182
1619
247
1213
1611
676
1998
3718
2833
2652
314
1767
2602
2115
1099
164
1486
1478
2800
899
1378
891
1734
362
1684
3048
1147
2948
2817
966
1453
2288
81
2767
1801
1214
816
766
279
2486
1601
2080
1949
2030
179
1014
527
1493
477
1749
1262
2228
2940
1568
683
1916
1518
1031
3238
502
494
96
444
1279
3567
1716
1229
2195
2551
344
2064
3517
3030
2014
2095
244
2451
1427
2393
3584
717
1146
3353
2947
3303
130
211
567
80
30
2847
509
3632
328
1294
2616
2129
1244
228
3045
707
3393
534
47
1013
882
1848
3699
476
3649
426
1261
2583
245
326
2533
682
1030
1996
1111
930
45
3697
830
343
1534
1615
1971
162
1078
3285
549
3633
1028
2748
1863
12
1376
1813
3533
1326
2648
310
697
2061
2896
3375
639
2359
3325
110
466
1699
1301
2136
2615
2128
277
1599
2565
2028
664
3350
2863
127
1847
1491
2813
425
862
1697
275
1597
3317
2788
94
3615
2730
879
3515
292
3465
2499
1614
2093
242
2043
2349
1862
977
92
1325
440
1762
259
2945
3301
696
2416
2903
2895
3251
646
3730
1879
3332
28
515
2316
465
3680
3201
2664
2266
415
2745
2614
3051
3043
1192
307
1142
207
76
2406
911
382
2581
730
3547
374
332
324
680
2531
1109
530
1009
2331
2810
959
909
422
372
3545
728
1076
1432
3762
547
1513
3233
1382
3712
1861
1332
447
1811
876
1232
3562
3431
826
208
3381
158
1124
2844
595
587
3231
893
1859
1191
1149
662
3348
3785
1091
1447
3248
991
1776
1645
760
3446
2959
1108
710
223
1239
2024
173
1139
2859
1008
1974
1314
827
429
2149
777
727
3413
3363
1512
90
3263
1810
925
1760
1354
1710
1173
3330
115
594
2793
1379
2214
7
2164
305
1627
2593
2106
742
1090
205
2362
3328
1875
1825
940
453
3495
1246
2610
3445
1594
230
709
2031
3264
172
3345
478
72
22
3543
3014
2527
807
3006
757
1990
2956
139
220
3131
526
395
874
1230
345
1180
2981
774
643
287
724
2444
3410
1559
1907
56
3229
493
6
3179
443
3527
922
3558
2063
1576
1047
560
1526
1039
989
2311
1824
2659
808
758
360
839
3525
3475
171
1624
956
550
3236
1872
21
1212
1112
625
1104
1054
3261
873
3559
2624
773
1252
1202
1558
186
2872
665
2212
3665
442
3128
1277
790
1625
1227
2062
1177
2410
3376
2491
153
2360
2441
1375
1723
838
3524
2160
1492
2458
607
70
507
2714
1342
855
1292
3012
2127
2077
705
3391
655
3739
2854
1003
1969
118
1309
3029
3516
780
822
772
3458
2044
672
541
3358
143
2342
3177
572
85
441
920
391
2721
3077
820
2571
720
2796
60
3631
1293
3225
887
3175
358
837
1193
2507
737
1093
2894
556
2886
506
2836
3621
406
804
398
3571
1110
2911
1060
573
1539
3259
523
3696
1489
3209
1795
3159
3638
2274
1389
902
1258
1308
1737
852
1208
721
3407
1158
671
752
1456
2770
1406
2372
3076
340
1654
240
2926
2439
588
1554
51
1504
1373
488
438
1273
1752
1265
1223
1215
199
1652
26
1390
1340
3628
1290
2125
3389
1538
1140
653
1488
603
503
3189
851
191
2521
1505
1107
1455
570
2371
33
3206
2240
3075
2719
339
2669
3025
420
289
1653
768
2975
2488
718