1581 1652 1694 1790 1808 1839 1858 1955 1967 2007 2071 2100 2108 2151 2198 2255 2265 2304 2338 2448 2569 2577 2617 2633 2634 2637 2682 2701 2771 2816 2858 2861 2944 2970 2986 2994 3084 3112 3136 3207 3213 3276 3460 3508 3528 3586 3598 3611 3717 3720 3726 3740 , 0 3 5 % 52 , 3
101 320 514 543 650 745 858 1011 1264 1267 1298 1329 1352 1371 1481 1497 1578 1589 1632 1638 1639 1659 1722 1724 1898 1977 2174 2187 2424 2442 2446 2449 2501 2587 2596 2654 2685 2692 2708 2937 3068 3083 3097 3106 3152 3313 3454 3476 3477 3482 3483 3714 , 1 2 5 % 52 , 3
1478 1581 1640 1660 1758 1812 1843 1959 1999 2037 2108 2121 2147 2151 2248 2265 2318 2344 2368 2400 2514 2578 2631 2633 2682 2771 2827 2838 2849 2856 2921 2944 3084 3136 3172 3204 3205 3207 3310 3368 3456 3461 3475 3531 3537 3677 3681 3701 3708 3710 3717 , 5 6 % 51 , 2
3 9 133 186 361 399 523 537 547 651 683 684 723 754 767 792 807 813 846 873 886 1028 1060 1115 1163 1278 1326 1406 1483 1487 1491 1509 1519 1583 1631 1654 1671 1788 1818 2447 2527 2955 2979 2985 3076 3399 3469 3490 3495 3663 3718 , 3 5 % 51 , 2
5 20 60 157 158 159 183 208 234 364 419 439 445 488 495 499 500 501 578 616 700 722 862 867 936 939 945 954 1024 1025 1048 1069 1094 1121 1137 1170 1171 1175 1257 1282 1308 1331 1384 1394 1470 1523 1546 1548 2694 3449 3671 , 4 5 % 51 , 2
1513 1581 1640 1660 1736 1758 1820 1826 1831 1843 1951 1959 1999 2037 2121 2128 2147 2151 2248 2265 2318 2344 2345 2400 2410 2514 2578 2631 2633 2677 2682 2750 2771 2827 2838 2849 2856 2921 3057 3084 3136 3204 3270 3320 3461 3475 3681 3701 3708 3717 3767 , 1 6 % 51 , 2
308 1434 1568 1587 1603 1655 1692 1695 1836 1849 1871 1919 1928 1980 2060 2145 2150 2250 2254 2278 2285 2299 2387 2390 2394 2403 2422 2464 2537 2606 2611 2695 2739 2759 2783 2803 2841 3011 3018 3049 3165 3210 3308 3339 3383 3411 3464 3492 3576 3679 3779 , 1 3 5 % 51 , 3
5 9 22 60 164 314 378 405 407 419 495 499 500 574 616 671 688 722 791 813 886 902 905 930 939 945 954 960 1024 1025 1069 1089 1094 1115 1137 1170 1175 1257 1282 1331 1373 1455 1458 1483 1523 1546 1548 1671 2694 3180 3671 , 1 2 4 % 51 , 3
5 19 60 76 333 419 444 454 494 495 500 513 515 550 596 611 616 643 655 664 722 790 808 830 890 939 1023 1024 1025 1030 1069 1100 1137 1170 1246 1257 1282 1294 1331 1342 1416 1417 1432 1487 1493 1499 1546 1548 1762 2694 3671 , 0 1 2 5 % 51 , 4
358 408 606 775 877 1737 1755 1871 1950 1965 1983 2005 2040 2152 2206 2297 2387 2390 2509 2559 2572 2591 2606 2728 2761 2783 2791 2797 2810 2923 2933 2962 3018 3069 3145 3164 3304 3383 3415 3419 3551 3571 3589 3633 3712 3721 3733 3755 3779 3790 , 3 6 % 50 , 2
42 52 140 150 160 166 190 192 193 216 231 250 261 271 341 363 369 458 482 484 487 490 539 591 732 737 739 832 839 859 880 903 931 963 992 1006 1040 1146 1305 1350 1437 1453 1473 1486 1522 1553 1590 1614 1621 2538 , 2 4 % 50 , 2
3 346 361 399 499 523 537 547 551 570 651 683 684 723 754 767 792 813 846 873 886 954 1028 1060 1069 1163 1278 1326 1406 1483 1491 1509 1519 1583 1631 1654 1671 1788 1818 2447 2527 2979 2985 3076 3399 3469 3490 3495 3663 3718 , 0 3 % 50 , 2
16 48 55 58 65 128 132 167 175 181 197 237 238 305 436 502 532 533 586 605 608 635 657 682 691 699 703 716 729 747 789 888 913 946 994 1049 1112 1118 1164 1185 1195 1230 1277 1281 1364 1440 1448 1459 1552 1619 , 2 5 % 50 , 2
1478 1513 1581 1640 1660 1758 1843 1851 1959 2037 2108 2147 2151 2248 2253 2265 2344 2368 2400 2514 2578 2631 2633 2677 2682 2771 2778 2827 2838 2849 2856 2921 2944 3084 3136 3172 3204 3207 3298 3456 3475 3501 3531 3537 3677 3681 3701 3708 3710 3717 , 0 6 % 50 , 2
1868 1893 1902 1937 1944 2029 2036 2053 2149 2221 2237 2245 2284 2295 2355 2357 2392 2402 2493 2506 2522 2526 2553 2574 2661 2674 2729 2781 2790 2882 2907 2978 3015 3053 3202 3212 3246 3249 3277 3428 3497 3521 3617 3623 3645 3646 3648 3754 3764 3802 , 1 2 4 % 50 , 3
82 356 632 712 1086 1337 1372 1725 1763 1805 1817 1853 1914 1929 1931 1978 1985 1994 2034 2099 2169 2227 2315 2426 2528 2679 2722 2735 2777 2868 2931 3033 3036 3086 3156 3191 3223 3241 3293 3326 3377 3397 3436 3450 3516 3639 3685 3688 3711 3783 , 0 4 5 % 50 , 3
1634 1648 1781 1841 1871 1878 1887 1936 1944 1997 2015 2053 2088 2091 2201 2347 2387 2390 2398 2401 2419 2470 2488 2553 2573 2606 2608 2658 2689 2783 2818 2879 2883 2890 2899 2954 2984 3018 3113 3117 3133 3168 3197 3222 3383 3390 3597 3647 3662 3779 , 1 5 6 % 50 , 3
37 59 118 130 156 174 196 245 278 301 322 380 381 388 426 433 453 530 583 587 615 618 748 758 778 924 999 1029 1039 1078 1081 1097 1132 1134 1150 1220 1290 1311 1344 1347 1423 1445 1466 1475 1500 1520 1577 1606 1617 , 3 4 % 49 , 2
5 9 20 60 130 157 158 159 183 208 234 364 419 439 445 488 495 500 501 530 578 616 722 862 867 936 939 960 965 1024 1025 1048 1069 1115 1121 1137 1170 1171 1257 1282 1308 1331 1394 1546 1548 2694 3449 3671 3798 , 0 4 % 49 , 2
16 48 55 58 62 65 75 128 167 171 175 197 237 305 340 436 502 532 533 586 588 605 608 635 682 691 699 703 716 747 789 913 935 946 994 1049 1112 1118 1159 1164 1185 1195 1230 1233 1277 1364 1440 1448 1552 , 0 2 % 49 , 2
1434 1603 1655 1673 1692 1695 1871 1919 1980 1986 2055 2060 2150 2278 2299 2312 2326 2336 2351 2363 2368 2385 2387 2403 2464 2537 2550 2606 2634 2711 2783 2788 2827 2841 2887 2996 3011 3049 3069 3160 3165 3190 3308 3339 3464 3492 3606 3620 3675 , 2 3 % 49 , 2
101 543 553 650 751 836 858 1011 1113 1264 1267 1329 1374 1481 1578 1632 1659 1683 1722 1730 1817 1898 1977 2116 2174 2176 2179 2187 2424 2442 2446 2489 2692 2706 2762 2805 2828 2937 3047 3083 3086 3097 3106 3152 3313 3454 3477 3483 3685 , 1 3 % 49 , 2
1678 1736 1744 1780 1785 1829 1843 1899 1984 1988 2046 2076 2207 2275 2293 2296 2309 2350 2430 2462 2496 2541 2548 2743 2809 2814 2832 2856 2915 2928 2941 2971 2973 2990 3066 3085 3109 3256 3274 3315 3316 3388 3461 3582 3687 3751 3761 3769 3781 , 1 2 4 % 49 , 3
63 87 147 169 195 229 285 287 291 332 350 368 371 383 400 479 529 558 609 785 797 838 843 861 871 955 959 966 979 982 1012 1080 1083 1116 1119 1187 1228 1260 1266 1274 1332 1338 1363 1489 1492 1504 1605 1611 1626 , 0 4 5 % 49 , 3
82 111 356 632 712 884 1086 1157 1337 1642 1725 1754 1763 1778 1805 1853 1914 1922 1923 1929 1931 1968 1994 2034 2068 2099 2227 2315 2386 2409 2421 2426 2570 2722 2735 3033 3095 3156 3191 3223 3241 3326 3377 3450 3516 3596 3639 3688 3807 , 1 2 4 % 49 , 3
30 318 399 478 523 537 547 683 754 846 848 873 968 1019 1028 1060 1062 1066 1156 1182 1278 1315 1326 1351 1387 1406 1491 1516 1519 1583 1618 1649 1654 1749 1818 1916 2173 2527 2734 2979 2985 3076 3162 3399 3469 3490 3495 3527 3663 , 0 1 2 5 % 49 , 4
12 64 66 151 155 161 228 242 244 260 281 315 357 394 418 427 432 534 555 580 595 659 677 742 766 768 772 820 854 855 860 869 922 962 980 989 1036 1088 1106 1110 1192 1202 1203 1207 1348 1400 1419 1484 , 2 % 48 , 1
149 274 327 712 1086 1179 1321 1337 1485 1636 1674 1690 1751 1759 1763 1805 1908 1929 1931 1932 1934 1993 2092 2096 2191 2196 2208 2323 2417 2497 2534 2681 2683 2707 2811 2925 3091 3140 3235 3267 3283 3429 3437 3498 3510 3658 3688 3691 , 2 3 % 48 , 2
1748 1758 1771 1851 1906 1947 1950 1982 1999 2005 2009 2047 2114 2206 2287 2335 2591 2728 2761 2775 2860 2921 2933 2962 2964 3028 3164 3205 3216 3265 3275 3355 3415 3507 3529 3548 3589 3610 3626 3634 3642 3689 3707 3721 3733 3738 3755 3777 , 3 4 % 48 , 2
1 36 141 182 189 205 226 236 241 430 448 455 457 493 505 531 546 592 614 634 666 692 784 794 851 893 941 952 961 990 1045 1065 1067 1125 1255 1312 1340 1343 1356 1392 1399 1427 1454 1457 1517 1594 1616 3473 , 2 3 % 48 , 2
101 392 575 650 836 858 1011 1113 1264 1267 1299 1329 1481 1578 1632 1659 1722 1754 1898 1925 1977 2174 2176 2179 2187 2276 2409 2424 2442 2446 2543 2706 2762 2785 2828 2937 3047 3083 3097 3106 3152 3161 3313 3454 3471 3477 3483 3770 , 0 3 5 % 48 , 3
1648 1701 1841 1868 1901 1902 1944 2053 2149 2221 2236 2241 2245 2295 2355 2392 2493 2506 2522 2526 2553 2579 2729 2794 2882 2978 2984 3015 3053 3168 3184 3200 3202 3212 3246 3249 3298 3335 3428 3497 3501 3617 3623 3645 3646 3690 3754 3764 , 1 4 5 % 48 , 3
6 64 79 125 172 247 258 279 282 283 299 307 357 367 472 486 524 559 585 590 638 644 676 677 696 705 715 820 853 927 1063 1128 1197 1219 1221 1237 1240 1443 1599 1657 2127 2474 3342 3430 3446 3653 3744 , 3 % 47 , 1
13 34 36 71 168 226 236 241 448 455 456 457 562 592 614 617 784 787 794 798 831 941 952 1037 1045 1050 1067 1074 1077 1079 1125 1144 1255 1284 1343 1356 1389 1399 1403 1424 1427 1457 1511 1524 1627 2238 3575 , 0 3 5 % 47 , 3
149 327 712 842 1086 1179 1321 1337 1485 1580 1636 1674 1690 1751 1763 1805 1908 1929 1931 1932 1993 2092 2096 2191 2196 2208 2298 2323 2417 2497 2528 2534 2683 2699 2811 2925 3140 3235 3267 3283 3426 3429 3437 3498 3658 3688 3691 , 0 1 3 % 47 , 3
12 47 72 136 165 179 184 199 242 252 284 336 354 401 441 541 573 598 607 720 777 879 887 1008 1013 1047 1054 1088 1091 1106 1107 1110 1111 1123 1192 1222 1230 1252 1279 1353 1447 1465 1526 1534 1559 1625 , 0 1 % 46 , 2
82 111 356 632 712 1086 1337 1372 1725 1763 1805 1817 1853 1914 1929 1931 1968 1985 1994 2034 2099 2169 2227 2315 2421 2426 2570 2722 2735 3033 3036 3086 3156 3191 3223 3241 3326 3377 3397 3450 3516 3596 3639 3685 3688 3807 , 2 4 5 % 46 , 3
149 327 712 1086 1179 1321 1337 1485 1636 1674 1690 1751 1759 1763 1805 1908 1929 1931 1932 1934 1993 2092 2096 2191 2196 2208 2323 2417 2497 2534 2681 2683 2707 2811 2925 3091 3140 3235 3267 3283 3429 3437 3498 3658 3688 3691 , 0 2 3 % 46 , 3
149 327 712 842 1086 1179 1321 1337 1485 1580 1636 1674 1690 1751 1763 1805 1908 1929 1931 1932 1993 2092 2191 2196 2208 2298 2323 2356 2417 2497 2528 2534 2683 2699 2811 2925 3140 3235 3267 3283 3426 3437 3498 3658 3688 3691 , 1 3 5 % 46 , 3
1518 1688 1712 1738 1784 1951 2048 2067 2072 2097 2159 2252 2331 2345 2362 2371 2383 2410 2515 2641 2673 2774 2792 2796 2836 2847 2863 2983 3006 3057 3080 3148 3215 3255 3264 3330 3361 3534 3567 3624 3637 3705 3727 3745 3771 3801 , 0 3 5 % 46 , 3
308 1434 1568 1587 1603 1655 1692 1695 1836 1871 1919 1928 1980 2060 2145 2150 2250 2254 2285 2299 2336 2387 2390 2394 2403 2422 2464 2537 2606 2611 2695 2739 2759 2783 2803 3011 3018 3049 3165 3210 3310 3339 3383 3411 3464 3492 , 0 1 3 % 46 , 3
133 361 392 393 537 547 575 754 807 846 873 968 1019 1028 1033 1060 1182 1278 1299 1315 1326 1371 1375 1387 1388 1406 1491 1516 1519 1654 1818 1912 1948 2073 2439 2527 2543 2734 2785 2979 2985 3105 3161 3495 3663 , 1 4 % 45 , 2
12 47 72 171 179 184 199 242 252 284 336 354 401 403 441 541 588 598 607 720 727 768 777 879 887 935 1008 1047 1054 1088 1091 1106 1107 1110 1111 1123 1192 1252 1325 1353 1447 1465 1526 1534 1559 , 1 5 % 45 , 2
101 320 650 858 926 1011 1264 1267 1298 1329 1352 1481 1497 1578 1589 1632 1638 1659 1722 1724 1898 1977 2174 2187 2424 2442 2446 2449 2501 2596 2685 2708 2937 3068 3083 3097 3106 3152 3302 3313 3454 3476 3477 3482 3483 , 0 1 2 % 45 , 3
1634 1648 1740 1781 1841 1871 1876 1878 1887 1936 1944 1997 2015 2053 2201 2387 2390 2398 2401 2419 2470 2488 2553 2573 2606 2608 2658 2783 2818 2879 2883 2899 2954 2984 3018 3113 3117 3133 3197 3222 3383 3390 3597 3647 3662 , 0 1 6 % 45 , 3
82 356 632 712 1086 1337 1372 1620 1725 1730 1763 1778 1805 1817 1853 1914 1929 1931 1985 1994 2034 2099 2169 2178 2227 2315 2426 2557 2722 2735 3033 3036 3086 3156 3191 3223 3241 3326 3377 3397 3450 3516 3639 3685 3688 , 0 2 4 % 45 , 3
149 327 712 842 1086 1179 1321 1337 1485 1580 1636 1674 1690 1751 1763 1805 1908 1929 1931 1932 1993 2092 2191 2196 2208 2298 2323 2417 2497 2528 2534 2683 2699 2811 2925 3140 3235 3267 3283 3426 3437 3498 3658 3688 3691 , 0 1 3 5 % 45 , 4
133 361 399 523 537 547 651 683 684 754 767 807 846 873 1028 1033 1060 1163 1278 1326 1370 1375 1406 1491 1509 1519 1583 1654 1788 1806 1818 2073 2130 2527 2955 2979 2985 3076 3099 3399 3469 3490 3495 3663 , 1 3 % 44 , 2
1456 1581 1652 1770 1790 1808 1816 1839 1888 1947 1955 1989 2001 2007 2010 2071 2100 2165 2304 2318 2472 2546 2569 2617 2633 2677 2682 2701 2750 2817 2845 2861 2886 2944 2986 2994 3112 3136 3213 3331 3512 3598 3717 3740 , 2 3 % 44 , 2
36 141 189 210 241 448 455 457 531 562 592 614 617 634 666 674 794 900 941 952 990 1045 1065 1067 1074 1079 1125 1144 1293 1340 1343 1356 1392 1399 1403 1424 1457 1517 1524 1594 2238 3473 3487 3575 , 1 3 % 44 , 2
1648 1701 1841 1901 1902 1944 2029 2053 2149 2221 2236 2241 2245 2295 2355 2392 2493 2506 2522 2526 2553 2579 2729 2790 2794 2882 2978 2984 3184 3200 3202 3212 3246 3249 3335 3428 3521 3617 3623 3645 3646 3690 3754 3764 , 0 1 4 % 44 , 3
82 111 356 632 712 1086 1337 1725 1763 1805 1853 1914 1929 1931 1968 1994 2034 2099 2227 2315 2356 2421 2426 2528 2570 2722 2735 2868 2931 3033 3156 3191 3223 3241 3326 3377 3436 3450 3516 3596 3639 3688 3783 3807 , 1 4 5 % 44 , 3
3 361 399 523 537 547 651 683 684 723 754 767 792 813 846 873 886 1028 1060 1163 1278 1326 1406 1483 1491 1509 1519 1583 1631 1654 1671 1788 1818 2447 2527 2979 2985 3076 3399 3469 3490 3495 3663 3718 , 0 3 5 % 44 , 3
308 1434 1568 1587 1603 1655 1692 1695 1836 1871 1919 1928 1980 2060 2145 2150 2250 2254 2285 2299 2387 2390 2394 2403 2422 2464 2537 2606 2611 2695 2739 2759 2783 2803 3011 3018 3049 3165 3210 3339 3383 3411 3464 3492 , 0 1 3 5 % 44 , 4
3 133 152 186 361 393 415 537 547 553 754 807 846 873 886 968 1019 1028 1060 1182 1278 1315 1326 1374 1387 1388 1406 1487 1491 1516 1519 1654 1818 1948 2439 2447 2527 2734 2979 2985 3495 3663 3718 , 4 5 % 43 , 2
2 15 42 121 160 190 231 250 261 271 325 369 384 410 467 470 484 487 490 539 560 561 571 591 637 654 679 709 743 832 969 1006 1015 1040 1122 1131 1146 1350 1377 1437 1453 1547 1621 , 1 4 % 43 , 2
16 48 58 62 65 72 88 128 142 175 197 305 436 502 533 586 588 605 608 623 682 691 698 710 713 727 729 764 789 803 894 913 935 994 1049 1051 1054 1118 1194 1199 1252 1552 1598 , 3 4 % 43 , 2
3 133 186 346 361 494 537 547 551 570 611 643 655 754 807 830 846 873 886 1028 1033 1060 1256 1278 1326 1375 1406 1417 1468 1487 1491 1493 1519 1654 1818 2073 2447 2527 2979 2985 3495 3663 3718 , 3 4 % 43 , 2
149 274 327 712 1086 1179 1321 1337 1485 1636 1674 1690 1751 1763 1805 1908 1929 1931 1932 1993 2092 2096 2191 2196 2208 2323 2417 2497 2534 2683 2811 2925 3140 3235 3267 3283 3429 3437 3498 3510 3658 3688 3691 , 1 2 3 % 43 , 3
1478 1581 1640 1660 1758 1843 1959 2037 2108 2147 2151 2248 2265 2344 2368 2400 2514 2578 2631 2633 2682 2771 2827 2838 2849 2856 2921 2944 3084 3136 3172 3204 3207 3456 3475 3531 3537 3677 3681 3701 3708 3710 3717 , 0 5 6 % 43 , 3
1634 1648 1781 1841 1871 1878 1887 1936 1944 1997 2015 2053 2201 2387 2390 2398 2401 2419 2470 2488 2553 2573 2606 2608 2658 2783 2818 2879 2883 2899 2954 2984 3018 3113 3117 3133 3197 3222 3383 3390 3597 3647 3662 , 0 1 5 6 % 43 , 4
101 320 650 858 1011 1264 1267 1298 1329 1352 1481 1497 1578 1589 1632 1638 1659 1722 1724 1898 1977 2174 2187 2424 2442 2446 2449 2501 2596 2685 2708 2937 3068 3083 3097 3106 3152 3313 3454 3476 3477 3482 3483 , 0 1 2 5 % 43 , 4
149 327 712 1086 1179 1321 1337 1485 1636 1674 1690 1751 1759 1763 1805 1908 1929 1931 1932 1934 1993 2092 2191 2196 2208 2323 2417 2497 2534 2683 2707 2811 2925 3091 3140 3235 3267 3283 3437 3498 3658 3688 3691 , 0 2 3 5 % 43 , 4
