53 65 73 96 102 131 194 222 324 329 376 427 451 534 538 589 593 612 648 815 845 869 978 983 984 1042 1053 1101 1120 1211 1241 1467 1536 1556 1560 1590 1612 1734 2525 2715 3263 3539 , 6 % 42 , 1
1776 1807 1810 1835 1918 1966 1992 2038 2061 2098 2104 2126 2212 2226 2256 2263 2282 2346 2353 2451 2453 2590 2643 2724 2810 2830 2870 2891 2948 2982 3002 3056 3092 3145 3194 3232 3351 3571 3579 3616 3628 3762 , 2 4 % 42 , 2
98 101 543 650 651 723 767 1011 1163 1196 1264 1267 1370 1481 1497 1509 1632 1659 1722 1788 1806 1898 1977 2130 2187 2276 2298 2395 2442 2692 2782 2937 3079 3097 3099 3106 3152 3313 3454 3471 3476 3483 , 2 4 % 42 , 2
44 83 106 107 225 287 291 332 387 400 434 462 497 498 558 566 602 649 656 695 704 759 785 786 834 843 901 916 982 1114 1119 1228 1253 1266 1283 1395 1489 1492 1528 1571 1611 2693 , 1 2 4 % 42 , 3
5 20 60 157 158 159 183 208 234 364 419 439 445 488 495 500 501 578 616 722 862 867 936 939 1024 1025 1048 1069 1121 1137 1170 1171 1257 1282 1308 1331 1394 1546 1548 2694 3449 3671 , 0 4 5 % 42 , 3
1719 1757 1773 1966 2020 2045 2066 2090 2095 2107 2133 2334 2367 2389 2416 2453 2533 2589 2592 2594 2615 2784 2793 2822 2866 2895 2997 3056 3145 3281 3317 3337 3505 3532 3600 3667 3703 3728 3734 3785 3808 , 2 5 % 41 , 2
2 201 250 254 255 268 270 343 384 406 410 431 470 560 561 637 670 672 679 709 743 757 969 978 1015 1122 1131 1140 1159 1161 1165 1172 1233 1349 1376 1377 1379 1418 1532 1562 1613 , 4 5 % 41 , 2
101 543 575 650 858 1011 1264 1267 1299 1329 1481 1578 1632 1659 1722 1898 1912 1925 1948 1977 2174 2187 2276 2424 2442 2446 2692 2782 2785 2937 3079 3083 3097 3106 3152 3161 3313 3454 3471 3477 3483 , 2 3 % 41 , 2
3 346 361 415 537 547 551 553 570 754 846 873 886 968 1019 1028 1060 1182 1278 1315 1326 1374 1387 1406 1491 1516 1519 1654 1683 1818 1912 2447 2527 2706 2734 2979 2985 3105 3495 3663 3718 , 0 4 % 41 , 2
16 48 55 58 65 128 167 175 197 237 305 436 502 532 533 586 605 608 635 682 691 699 703 716 747 789 913 946 994 1049 1112 1118 1164 1185 1195 1230 1277 1364 1440 1448 1552 , 0 2 5 % 41 , 3
101 543 650 751 836 858 1011 1113 1264 1267 1329 1481 1578 1632 1659 1683 1722 1730 1898 1977 2174 2176 2179 2187 2424 2442 2446 2692 2706 2762 2828 2937 3047 3083 3097 3106 3152 3313 3454 3477 3483 , 1 3 5 % 41 , 3
149 327 712 1086 1179 1321 1337 1485 1636 1674 1690 1751 1763 1805 1908 1929 1931 1932 1993 2092 2096 2191 2196 2208 2323 2417 2497 2534 2683 2811 2925 3140 3235 3267 3283 3429 3437 3498 3658 3688 3691 , 0 1 2 3 % 41 , 4
1648 1701 1841 1901 1902 1944 2053 2149 2221 2236 2241 2245 2295 2355 2392 2493 2506 2522 2526 2553 2579 2729 2794 2882 2978 2984 3184 3200 3202 3212 3246 3249 3335 3428 3617 3623 3645 3646 3690 3754 3764 , 0 1 4 5 % 41 , 4
5 15 99 111 490 539 543 791 891 923 992 1016 1127 1182 1329 1659 1678 1701 1778 1822 1838 1968 2123 2227 2270 2365 2409 2643 2660 2661 2773 3162 3199 3246 3287 3521 3530 3541 3604 3782 , 3 6 % 40 , 2
2 121 160 201 238 254 255 268 271 384 406 410 431 470 560 561 637 654 670 672 679 709 743 757 856 969 978 1015 1122 1131 1140 1161 1172 1349 1376 1379 1418 1532 1562 1613 , 0 4 % 40 , 2
1697 1757 1775 1834 1874 1995 2113 2117 2167 2219 2230 2258 2311 2334 2584 2594 2595 2615 2672 2793 2813 2857 2864 2908 2989 3012 3020 3045 3167 3181 3182 3271 3370 3393 3505 3601 3659 3668 3758 3808 , 3 5 % 40 , 2
1757 1773 1966 2020 2045 2066 2090 2107 2133 2367 2389 2416 2453 2533 2589 2592 2594 2615 2784 2793 2822 2866 2895 2997 3056 3145 3281 3317 3337 3416 3505 3532 3600 3667 3703 3728 3734 3785 3787 3808 , 0 2 % 40 , 2
82 356 632 712 1086 1337 1372 1725 1763 1805 1817 1853 1914 1929 1931 1985 1994 2034 2099 2169 2227 2315 2426 2722 2735 3033 3036 3086 3156 3191 3223 3241 3326 3377 3397 3450 3516 3639 3685 3688 , 0 2 4 5 % 40 , 4
19 76 130 289 345 377 382 425 444 513 515 530 548 550 596 639 664 667 790 808 890 977 1023 1030 1100 1246 1273 1294 1342 1346 1381 1416 1432 1499 1558 1584 1762 3065 3396 , 0 3 % 39 , 2
3 346 399 523 537 547 551 570 683 754 792 807 846 873 1028 1033 1060 1278 1326 1375 1406 1468 1491 1519 1583 1631 1654 1818 2447 2527 2979 2985 3076 3399 3469 3490 3495 3663 3718 , 2 3 % 39 , 2
11 38 49 212 219 224 227 239 246 251 253 267 365 552 554 581 584 624 636 660 673 731 741 796 810 864 910 1031 1041 1201 1210 1295 1333 1512 1596 1669 2376 3408 3486 , 0 3 % 39 , 2
85 435 459 857 1303 1461 1581 1770 1812 1831 1864 2108 2151 2195 2253 2265 2318 2330 2607 2633 2677 2682 2750 2771 2817 2909 2917 2944 2969 3084 3136 3207 3322 3331 3382 3485 3512 3555 3717 , 3 6 % 39 , 2
48 55 58 65 132 167 175 181 197 237 238 532 586 605 608 657 682 703 716 729 789 888 913 946 994 1049 1112 1118 1164 1185 1195 1277 1281 1364 1440 1448 1459 1552 1619 , 1 2 5 % 39 , 3
1804 1902 1910 1944 2029 2053 2149 2221 2245 2295 2307 2355 2392 2493 2506 2522 2526 2553 2636 2729 2773 2790 2882 2978 3119 3143 3202 3212 3226 3246 3249 3428 3521 3617 3623 3645 3646 3754 3764 , 0 2 4 % 39 , 3
101 543 575 650 858 1011 1264 1267 1299 1329 1481 1578 1632 1659 1722 1898 1912 1925 1977 2174 2187 2276 2424 2442 2446 2692 2782 2785 2937 3083 3097 3106 3152 3161 3313 3454 3471 3477 3483 , 2 3 5 % 39 , 3
149 327 712 1086 1179 1321 1337 1485 1636 1674 1690 1751 1763 1805 1908 1929 1931 1932 1993 2092 2191 2196 2208 2323 2417 2497 2534 2683 2811 2925 3140 3235 3267 3283 3437 3498 3658 3688 3691 , 0 1 2 3 5 % 39 , 5
1581 1652 1816 1831 1858 2007 2100 2151 2255 2265 2304 2318 2472 2569 2577 2617 2633 2634 2677 2682 2750 2771 2845 2858 2970 2986 2994 3084 3112 3136 3213 3276 3460 3586 3611 3717 3726 3740 , 1 3 % 38 , 2
11 49 144 219 224 227 239 246 251 253 267 365 552 581 584 624 636 660 673 731 741 796 810 864 910 1041 1155 1201 1210 1295 1333 1512 1596 1669 2376 3294 3408 3486 , 3 5 % 38 , 2
19 76 289 345 382 397 444 513 515 548 550 596 664 667 790 808 890 925 977 1023 1030 1076 1100 1246 1273 1294 1342 1346 1381 1416 1432 1438 1499 1539 1558 1584 1762 3396 , 3 5 % 38 , 2
11 17 49 105 153 212 219 240 246 303 330 347 365 552 554 582 584 636 673 699 711 747 864 910 943 956 1031 1046 1068 1129 1155 1295 1297 1450 1512 1588 3294 3486 , 1 3 % 38 , 2
12 47 72 179 184 199 242 252 284 336 354 401 441 541 598 607 720 777 879 887 1008 1047 1054 1088 1091 1106 1107 1110 1111 1123 1192 1252 1353 1447 1465 1526 1534 1559 , 0 1 5 % 38 , 3
3 346 415 537 547 551 553 570 754 846 873 968 1019 1028 1060 1182 1278 1315 1326 1374 1387 1406 1491 1516 1519 1654 1683 1818 2447 2527 2706 2734 2979 2985 3105 3495 3663 3718 , 0 2 4 % 38 , 3
1804 1868 1902 1910 1944 2053 2149 2221 2245 2295 2307 2355 2392 2493 2506 2522 2526 2553 2729 2773 2882 2978 3015 3053 3143 3202 3212 3226 3246 3249 3428 3497 3617 3623 3645 3646 3754 3764 , 2 4 5 % 38 , 3
1757 1773 1966 2020 2045 2066 2090 2107 2133 2367 2389 2416 2453 2533 2589 2592 2594 2615 2784 2793 2822 2866 2895 2997 3056 3145 3281 3317 3337 3505 3532 3600 3667 3703 3728 3734 3785 3808 , 0 2 5 % 38 , 3
82 356 632 712 1086 1337 1725 1763 1778 1805 1853 1914 1929 1931 1994 2034 2099 2227 2315 2426 2528 2722 2735 2868 2931 3033 3156 3191 3223 3241 3326 3377 3436 3450 3516 3639 3688 3783 , 0 1 4 % 38 , 3
63 87 225 229 287 291 332 400 479 529 558 602 718 785 838 843 861 871 901 919 955 966 979 982 1080 1116 1119 1187 1228 1260 1266 1332 1338 1363 1489 1492 1605 1611 , 1 4 5 % 38 , 3
82 111 356 632 712 1086 1337 1725 1763 1805 1853 1914 1929 1931 1968 1994 2034 2099 2227 2315 2421 2426 2570 2722 2735 3033 3156 3191 3223 3241 3326 3377 3450 3516 3596 3639 3688 3807 , 1 2 4 5 % 38 , 4
847 953 1102 1485 1636 1643 1690 1729 1756 1823 1867 1930 2126 2207 2226 2246 2346 2452 2465 2560 2719 2764 2993 3082 3130 3140 3187 3194 3198 3211 3235 3267 3426 3594 3688 3751 3760 , 3 6 % 37 , 2
1697 1757 1775 1834 1874 1995 2117 2167 2230 2258 2311 2584 2594 2615 2672 2793 2813 2857 2864 2908 2989 3012 3020 3045 3124 3167 3181 3182 3271 3370 3393 3505 3601 3659 3668 3758 3808 , 0 3 % 37 , 2
1699 1704 1737 1767 1801 1828 1846 1855 1930 1969 1996 2024 2084 2093 2160 2217 2328 2483 2547 2582 2906 2912 3029 3039 3075 3187 3225 3236 3244 3368 3547 3581 3627 3692 3712 3760 3805 , 1 4 % 37 , 2
101 650 836 858 1011 1113 1264 1267 1329 1481 1578 1632 1659 1722 1898 1977 2174 2176 2179 2187 2424 2442 2446 2489 2706 2762 2828 2937 3047 3083 3097 3106 3152 3313 3454 3477 3483 , 0 1 3 % 37 , 3
101 575 650 858 1011 1264 1267 1299 1329 1481 1578 1632 1659 1722 1898 1925 1948 1977 2174 2187 2276 2424 2442 2446 2785 2937 3079 3083 3097 3106 3152 3161 3313 3454 3471 3477 3483 , 0 2 3 % 37 , 3
3 152 393 415 537 547 553 754 807 846 873 968 1019 1028 1060 1182 1278 1315 1326 1374 1387 1388 1406 1491 1516 1519 1654 1818 2439 2447 2527 2734 2979 2985 3495 3663 3718 , 2 4 5 % 37 , 3
133 361 399 523 537 547 651 683 684 754 767 807 846 873 1028 1060 1163 1278 1326 1406 1491 1509 1519 1583 1654 1788 1818 2527 2955 2979 2985 3076 3399 3469 3490 3495 3663 , 1 3 5 % 37 , 3
1678 1785 1823 1843 1880 1897 1970 1984 1988 2076 2081 2110 2121 2138 2203 2275 2296 2341 2430 2435 2462 2487 2625 2832 2856 2971 2973 3085 3123 3130 3274 3461 3542 3551 3582 3751 3769 , 1 4 5 % 37 , 3
82 356 632 712 1086 1337 1725 1763 1805 1853 1914 1929 1931 1994 2034 2099 2227 2315 2426 2528 2722 2735 2868 2931 3033 3156 3191 3223 3241 3326 3377 3436 3450 3516 3639 3688 3783 , 0 1 4 5 % 37 , 4
110 174 245 304 362 364 433 453 476 505 582 587 645 758 778 822 936 1001 1003 1024 1239 1242 1324 1331 1520 1787 1842 1862 1869 1935 2375 2523 3318 3386 3563 3804 , 4 6 % 36 , 2
17 49 100 105 123 143 153 240 263 330 347 349 370 385 507 526 552 554 582 624 680 717 826 943 956 1020 1031 1032 1046 1068 1129 1139 1155 1297 1361 1588 , 2 3 % 36 , 2
2 271 353 445 500 643 767 807 1028 1048 1119 1163 1165 1257 1274 1326 1418 1582 1642 1654 1724 1745 2130 2136 2155 2272 2405 2667 2757 2873 3009 3058 3343 3517 3590 3615 , 3 6 % 36 , 2
101 543 650 751 1011 1264 1267 1481 1632 1659 1722 1898 1915 1968 1977 2016 2116 2187 2276 2437 2442 2489 2692 2712 2782 2937 2956 3079 3097 3106 3152 3273 3313 3454 3471 3483 , 3 4 % 36 , 2
1697 1757 1775 1834 1874 1995 2117 2167 2230 2258 2311 2584 2594 2615 2672 2793 2813 2857 2864 2908 2989 3012 3020 3045 3167 3181 3182 3271 3370 3393 3505 3601 3659 3668 3758 3808 , 0 3 5 % 36 , 3
1581 1640 1660 1758 1843 1959 1999 2037 2121 2147 2151 2248 2265 2318 2344 2400 2514 2578 2631 2633 2682 2771 2827 2838 2849 2856 2921 3084 3136 3204 3461 3475 3681 3701 3708 3717 , 1 5 6 % 36 , 3
1678 1785 1823 1843 1880 1897 1970 1984 1988 2076 2081 2110 2138 2203 2275 2293 2296 2341 2350 2430 2435 2462 2487 2625 2832 2856 2971 2973 3085 3123 3130 3274 3542 3582 3751 3769 , 0 1 4 % 36 , 3
101 650 836 858 1011 1113 1264 1267 1329 1481 1578 1632 1659 1722 1898 1977 2174 2176 2179 2187 2424 2442 2446 2706 2762 2828 2937 3047 3083 3097 3106 3152 3313 3454 3477 3483 , 0 1 3 5 % 36 , 4
72 191 327 563 623 631 747 753 761 764 812 931 1091 1122 1212 1469 1482 1518 1555 1683 1753 1859 1986 2001 2056 2160 2239 2274 2312 2698 2916 3247 3374 3478 3669 , 6 % 35 , 1
19 76 89 215 289 345 382 397 444 509 513 515 550 596 664 790 808 890 925 1023 1030 1076 1078 1100 1246 1273 1294 1342 1346 1416 1432 1499 1558 1584 1762 , 1 3 % 35 , 2
1752 1768 1875 1883 2412 2429 2499 2507 2571 2610 2620 2629 2635 2795 2942 3001 3005 3027 3261 3280 3297 3336 3559 3569 3587 3629 3631 3638 3654 3655 3680 3700 3739 3787 3796 , 1 5 % 35 , 2
11 49 219 224 227 239 246 251 253 267 365 552 581 584 624 636 660 673 731 741 796 810 864 910 1041 1201 1210 1295 1333 1512 1596 1669 2376 3408 3486 , 0 3 5 % 35 , 3
392 393 537 547 754 807 846 873 968 1019 1028 1033 1060 1182 1278 1315 1326 1375 1387 1388 1406 1491 1516 1519 1654 1818 2439 2527 2543 2734 2979 2985 3105 3495 3663 , 1 2 4 % 35 , 3
63 87 229 287 291 332 400 479 529 558 656 695 785 838 843 861 871 955 966 979 982 1080 1116 1119 1187 1228 1260 1266 1332 1338 1363 1489 1492 1605 1611 , 0 1 4 % 35 , 3
3 346 399 523 537 547 551 570 683 754 792 846 873 1028 1060 1278 1326 1406 1491 1519 1583 1631 1654 1818 2447 2527 2979 2985 3076 3399 3469 3490 3495 3663 3718 , 0 2 3 % 35 , 3
101 575 650 858 1011 1264 1267 1299 1329 1481 1578 1632 1659 1722 1898 1925 1977 2174 2187 2276 2424 2442 2446 2785 2937 3083 3097 3106 3152 3161 3313 3454 3471 3477 3483 , 0 2 3 5 % 35 , 4
68 81 99 129 221 414 450 471 589 593 604 627 669 693 708 721 734 868 978 1090 1120 1147 1226 1288 1314 1391 1460 1514 1564 1565 1567 1592 1600 1610 , 2 4 % 34 , 2
1752 1768 1875 1883 2412 2429 2499 2507 2571 2610 2620 2629 2635 2795 2942 3001 3005 3027 3261 3280 3297 3336 3559 3569 3629 3631 3654 3655 3680 3682 3696 3700 3739 3796 , 0 1 % 34 , 2
