1434 1603 1655 1692 1695 1871 1919 1980 2055 2060 2150 2299 2387 2403 2464 2537 2550 2606 2711 2783 2788 3011 3049 3069 3160 3165 3339 3464 3492 , 0 2 3 5 % 29 , 4
845 1365 1369 1689 1710 1734 1760 1811 1859 1990 2077 2301 2475 2563 2583 2671 2684 2888 2913 2940 3171 3201 3229 3263 3345 3518 3554 3680 , 3 % 28 , 1
1765 1824 1863 2030 2064 2077 2115 2288 2369 2384 2502 2504 2648 2649 2767 2854 2896 2940 3128 3171 3229 3358 3539 3554 3558 3587 3603 3697 , 5 % 28 , 1
1712 1764 2012 2062 2067 2070 2331 2476 2515 2599 2673 2772 2792 2847 2889 2926 3148 3282 3301 3330 3361 3481 3624 3637 3641 3705 3771 3776 , 2 3 % 28 , 2
72 179 184 198 199 213 252 284 336 354 541 607 713 727 777 879 887 1008 1054 1091 1106 1107 1123 1252 1325 1353 1465 1559 , 2 5 % 28 , 2
1518 1688 1738 2012 2067 2072 2252 2331 2362 2515 2641 2673 2796 2836 2847 2863 2889 3215 3247 3255 3361 3534 3567 3624 3637 3705 3771 3801 , 1 3 5 % 28 , 3
1581 1660 1758 1843 1959 1999 2037 2248 2318 2400 2514 2578 2631 2633 2682 2856 2921 2944 3136 3204 3205 3310 3461 3677 3701 3708 3710 3717 , 2 5 6 % 28 , 3
72 136 165 179 184 199 252 284 336 354 541 573 607 777 879 887 1008 1054 1091 1106 1107 1123 1222 1252 1279 1353 1465 1559 , 0 1 2 % 28 , 3
298 997 1485 1501 1636 1690 1728 1866 1877 2016 2099 2132 2244 2411 2621 2622 2722 2850 3140 3178 3192 3223 3235 3267 3327 3426 3688 3743 , 0 1 6 % 28 , 3
5 9 60 157 419 488 495 500 616 722 939 960 1024 1025 1069 1115 1137 1170 1171 1257 1282 1308 1331 1546 1548 2694 3449 3671 , 0 1 4 % 28 , 3
1581 1652 1790 1808 1839 1888 1955 2007 2010 2071 2100 2304 2569 2617 2633 2677 2682 2701 2861 2944 2986 2994 3112 3136 3213 3598 3717 3740 , 0 2 3 % 28 , 3
3 133 186 361 537 547 754 807 846 873 886 1028 1060 1278 1326 1406 1487 1491 1519 1654 1818 2447 2527 2979 2985 3495 3663 3718 , 3 4 5 % 28 , 3
19 76 130 377 425 444 513 515 548 550 596 639 664 667 790 808 890 977 1023 1030 1100 1246 1294 1342 1416 1432 1499 1762 , 0 2 3 % 28 , 3
19 76 289 345 382 444 513 515 550 596 664 790 808 890 1023 1030 1100 1246 1273 1294 1342 1346 1416 1432 1499 1558 1584 1762 , 0 1 3 5 % 28 , 4
399 523 537 547 683 754 807 846 873 1028 1060 1278 1326 1406 1491 1519 1583 1654 1818 2527 2979 2985 3076 3399 3469 3490 3495 3663 , 1 2 3 5 % 28 , 4
1773 1966 2045 2066 2090 2107 2133 2367 2389 2416 2533 2589 2592 2615 2784 2793 2866 3056 3145 3281 3317 3337 3532 3667 3703 3728 3734 3785 , 0 1 2 5 % 28 , 4
101 650 858 1011 1264 1267 1329 1481 1578 1632 1659 1722 1898 1977 2174 2187 2424 2442 2446 2937 3083 3097 3106 3152 3313 3454 3477 3483 , 0 1 2 3 5 % 28 , 5
1902 1944 2053 2149 2221 2245 2295 2355 2392 2493 2506 2522 2526 2553 2729 2882 2978 3202 3212 3246 3249 3428 3617 3623 3645 3646 3754 3764 , 0 1 2 4 5 % 28 , 5
1680 1715 1824 1907 1998 2030 2064 2115 2364 2384 2504 2649 2854 2872 2896 2913 2940 3001 3171 3229 3231 3381 3543 3554 3603 3638 3697 , 1 % 27 , 1
1765 1824 1863 2030 2064 2077 2115 2288 2369 2384 2502 2648 2649 2767 2854 2896 2940 3128 3171 3229 3358 3539 3554 3558 3587 3603 3697 , 0 5 % 27 , 2
1664 1737 1846 1855 1969 1973 2024 2093 2217 2310 2483 2547 2555 2558 2686 3225 3248 3250 3368 3419 3545 3547 3562 3581 3591 3712 3760 , 0 4 % 27 , 2
3 346 361 537 547 551 570 754 846 873 886 1028 1060 1278 1326 1406 1491 1519 1654 1818 2447 2527 2979 2985 3495 3663 3718 , 0 3 4 % 27 , 3
1634 1740 1871 1944 1978 2017 2053 2324 2387 2419 2553 2606 2608 2713 2777 2783 2816 2879 2883 2890 2907 3258 3520 3715 3741 3753 3802 , 1 2 6 % 27 , 3
1581 1652 1790 1808 1839 1955 2007 2071 2100 2304 2318 2472 2569 2617 2633 2682 2701 2861 2944 2986 2994 3112 3136 3213 3598 3717 3740 , 2 3 5 % 27 , 3
101 543 650 723 1011 1163 1264 1267 1481 1497 1632 1659 1722 1898 1977 2187 2395 2442 2692 2937 3097 3106 3152 3313 3454 3476 3483 , 1 2 4 % 27 , 3
361 537 547 754 846 873 968 1019 1028 1060 1182 1278 1315 1326 1387 1406 1491 1516 1519 1654 1818 2527 2734 2979 2985 3495 3663 , 0 1 4 5 % 27 , 4
537 547 754 846 873 968 1019 1028 1060 1182 1278 1315 1326 1387 1406 1491 1516 1519 1654 1818 2527 2734 2979 2985 3105 3495 3663 , 0 1 2 4 % 27 , 4
36 241 448 455 457 562 592 614 617 794 941 952 1045 1067 1074 1079 1125 1144 1343 1356 1399 1403 1424 1457 1524 2238 3575 , 0 1 3 5 % 27 , 4
5 60 158 159 364 419 445 495 500 616 722 936 939 1024 1025 1069 1121 1137 1170 1257 1282 1331 1394 1546 1548 2694 3671 , 0 2 4 5 % 27 , 4
399 523 537 547 683 754 846 873 1028 1060 1278 1326 1406 1491 1519 1583 1654 1818 2527 2979 2985 3076 3399 3469 3490 3495 3663 , 0 1 2 3 5 % 27 , 5
61 170 220 418 536 682 735 755 833 837 959 1002 1010 1051 1109 1271 1301 1306 1323 1521 1530 1765 2693 2804 3553 3612 , 4 6 % 26 , 2
164 314 318 407 574 576 663 694 767 807 971 988 1028 1089 1163 1318 1326 1374 1540 1654 1718 1750 2204 2663 2669 3742 , 5 6 % 26 , 2
1697 1775 1834 1874 1995 2117 2230 2258 2311 2334 2584 2595 2615 2672 2793 2813 2989 3020 3045 3182 3370 3393 3659 3668 3699 3758 , 1 3 % 26 , 2
64 66 151 155 161 228 244 260 281 315 357 394 418 427 534 595 659 772 854 855 869 922 980 989 1207 1419 , 1 2 % 26 , 2
164 314 318 407 574 576 663 694 767 925 971 988 1028 1072 1089 1163 1318 1326 1374 1540 1654 1718 2204 2663 2669 3742 , 0 6 % 26 , 2
1664 1737 1767 1846 1855 1969 2024 2093 2217 2310 2483 2547 2555 2558 2686 2912 3248 3250 3419 3545 3547 3562 3581 3591 3712 3760 , 4 5 % 26 , 2
307 779 929 2082 2099 2304 2319 2363 2429 2464 2560 2639 2679 2722 2834 2874 2967 3086 3112 3198 3223 3293 3620 3688 3705 3771 , 4 6 % 26 , 2
1581 1660 1758 1843 1959 2037 2248 2400 2514 2578 2631 2633 2677 2682 2856 2921 2944 3136 3204 3298 3501 3677 3701 3708 3710 3717 , 0 2 6 % 26 , 3
1678 1743 1769 1785 1843 1984 1988 2076 2275 2296 2313 2430 2462 2832 2856 2971 2973 3085 3274 3461 3582 3652 3677 3710 3751 3769 , 2 4 5 % 26 , 3
701 776 819 1157 1329 1409 1659 1696 1953 2085 2102 2214 2292 2300 2322 2339 2409 2619 2975 3061 3068 3125 3208 3476 3482 3538 , 0 5 6 % 26 , 3
72 179 184 198 199 213 252 284 336 354 541 607 713 777 879 887 1008 1054 1091 1106 1107 1123 1252 1353 1465 1559 , 0 2 5 % 26 , 3
101 543 650 751 1011 1264 1267 1481 1632 1659 1722 1898 1977 2187 2276 2442 2692 2782 2937 3097 3106 3152 3313 3454 3471 3483 , 3 4 5 % 26 , 3
101 543 650 1011 1264 1267 1481 1632 1659 1722 1898 1977 2187 2276 2442 2692 2782 2937 3079 3097 3106 3152 3313 3454 3471 3483 , 2 3 4 % 26 , 3
36 141 205 226 236 241 448 455 457 592 614 784 794 893 941 952 1045 1067 1125 1255 1343 1356 1399 1427 1457 1594 , 0 2 3 % 26 , 3
1434 1603 1655 1692 1695 1871 1919 1980 2060 2150 2278 2299 2387 2403 2464 2537 2606 2783 2841 3011 3049 3165 3308 3339 3464 3492 , 1 2 3 5 % 26 , 4
5 60 419 495 499 500 616 722 939 945 954 1024 1025 1069 1094 1137 1170 1175 1257 1282 1331 1523 1546 1548 2694 3671 , 1 2 4 5 % 26 , 4
537 547 754 846 873 968 1019 1028 1060 1182 1278 1315 1326 1387 1406 1491 1516 1519 1654 1818 2527 2734 2979 2985 3495 3663 , 0 1 2 4 5 % 26 , 5
1073 1354 1714 1844 1883 1971 2043 2349 2369 2379 2475 2525 2616 2949 2957 3027 3037 3048 3077 3179 3240 3311 3543 3554 3584 , 3 % 25 , 1
7 26 66 86 155 161 211 228 244 394 418 427 472 517 524 579 590 659 760 854 980 1158 1207 1232 1419 , 0 1 % 25 , 2
50 74 80 123 230 300 326 337 398 423 464 465 489 506 525 647 661 687 697 724 752 827 1277 1474 1576 , 1 3 % 25 , 2
23 50 74 115 123 187 317 348 359 489 506 525 661 687 752 814 1126 1247 1250 1270 1277 1302 1368 1474 1609 , 3 5 % 25 , 2
7 26 66 86 155 161 211 228 244 394 427 472 517 524 579 590 659 760 854 980 989 1207 1225 1232 1433 , 1 5 % 25 , 2
101 543 650 751 1011 1264 1267 1481 1632 1659 1722 1898 1977 2116 2187 2442 2489 2692 2937 3097 3106 3152 3313 3454 3483 , 1 3 4 % 25 , 3
101 650 1011 1264 1267 1481 1632 1659 1722 1898 1968 1977 2187 2276 2442 2489 2937 3079 3097 3106 3152 3313 3454 3471 3483 , 0 3 4 % 25 , 3
72 179 184 199 252 284 336 354 541 607 727 777 879 887 1008 1054 1091 1106 1107 1123 1252 1325 1353 1465 1559 , 1 2 5 % 25 , 3
1697 1775 1834 1874 1995 2117 2230 2258 2311 2334 2584 2595 2615 2672 2793 2813 2989 3020 3045 3182 3370 3393 3659 3668 3758 , 1 3 5 % 25 , 3
101 543 650 751 1011 1264 1267 1481 1497 1632 1659 1722 1898 1977 2187 2442 2692 2937 3097 3106 3152 3313 3454 3476 3483 , 1 4 5 % 25 , 3
133 361 537 547 754 807 846 873 1028 1033 1060 1278 1326 1375 1406 1491 1519 1654 1818 2073 2527 2979 2985 3495 3663 , 1 3 4 % 25 , 3
1581 1652 1790 1808 1839 1955 2007 2071 2100 2304 2569 2617 2633 2682 2701 2861 2944 2986 2994 3112 3136 3213 3598 3717 3740 , 0 2 3 5 % 25 , 4
1518 1688 1738 2067 2072 2252 2331 2362 2515 2641 2673 2796 2836 2847 2863 3215 3255 3361 3534 3567 3624 3637 3705 3771 3801 , 0 1 3 5 % 25 , 4
101 543 650 1011 1264 1267 1481 1632 1659 1722 1898 1977 2187 2276 2442 2692 2782 2937 3097 3106 3152 3313 3454 3471 3483 , 2 3 4 5 % 25 , 4
5 60 157 419 488 495 500 616 722 939 1024 1025 1069 1137 1170 1171 1257 1282 1308 1331 1546 1548 2694 3449 3671 , 0 1 4 5 % 25 , 4
3 346 537 547 551 570 754 846 873 1028 1060 1278 1326 1406 1491 1519 1654 1818 2447 2527 2979 2985 3495 3663 3718 , 0 2 3 4 % 25 , 4
1678 1743 1769 1785 1843 1984 1988 2076 2275 2296 2313 2430 2462 2832 2856 2971 2973 3085 3274 3582 3652 3677 3710 3751 3769 , 0 2 4 5 % 25 , 4
