518 751 895 1160 1168 1485 1636 1690 1789 2016 2026 2082 2099 2137 2145 2156 2639 2722 2736 2754 2776 2932 3023 3086 3140 3170 3223 3235 3267 3421 3491 3576 3688 3698 , 2 6 % 34 , 2
72 136 165 179 184 198 199 213 252 284 336 354 541 573 607 713 764 777 879 887 1008 1054 1091 1106 1107 1123 1222 1225 1252 1279 1353 1433 1465 1559 , 0 2 % 34 , 2
1518 1688 1738 2012 2062 2067 2072 2252 2331 2362 2515 2641 2673 2796 2836 2847 2863 2889 2922 2926 3193 3215 3247 3255 3301 3361 3481 3534 3567 3624 3637 3705 3771 3801 , 1 3 % 34 , 2
48 55 58 65 75 167 175 197 237 340 532 586 605 608 682 703 716 789 913 946 994 1049 1112 1118 1159 1164 1185 1195 1233 1277 1364 1440 1448 1552 , 0 1 2 % 34 , 3
3 361 415 537 547 553 754 846 873 886 968 1019 1028 1060 1182 1278 1315 1326 1374 1387 1406 1491 1516 1519 1654 1818 2447 2527 2734 2979 2985 3495 3663 3718 , 0 4 5 % 34 , 3
1513 1581 1640 1660 1758 1843 1959 2037 2147 2151 2248 2265 2344 2400 2514 2578 2631 2633 2677 2682 2771 2827 2838 2849 2856 2921 3084 3136 3204 3475 3681 3701 3708 3717 , 0 1 6 % 34 , 3
2 201 254 255 268 384 406 410 431 470 560 561 637 670 672 679 709 743 757 969 978 1015 1122 1131 1140 1161 1172 1349 1376 1379 1418 1532 1562 1613 , 0 4 5 % 34 , 3
1678 1785 1823 1843 1880 1897 1970 1984 1988 2076 2081 2110 2138 2203 2275 2296 2341 2430 2435 2462 2487 2625 2832 2856 2971 2973 3085 3123 3130 3274 3542 3582 3751 3769 , 0 1 4 5 % 34 , 4
361 399 523 537 547 651 683 684 754 767 846 873 1028 1060 1163 1278 1326 1406 1491 1509 1519 1583 1654 1788 1818 2527 2979 2985 3076 3399 3469 3490 3495 3663 , 0 1 3 5 % 34 , 4
1804 1902 1910 1944 2053 2149 2221 2245 2295 2307 2355 2392 2493 2506 2522 2526 2553 2729 2773 2882 2978 3143 3202 3212 3226 3246 3249 3428 3617 3623 3645 3646 3754 3764 , 0 2 4 5 % 34 , 4
19 76 89 130 215 377 425 444 513 515 548 550 596 639 664 667 706 714 790 808 890 977 1023 1030 1100 1246 1265 1294 1342 1416 1432 1499 1762 , 2 3 % 33 , 2
101 543 650 751 1011 1196 1264 1267 1370 1481 1497 1632 1659 1722 1806 1898 1977 2130 2187 2276 2442 2692 2782 2937 3097 3099 3106 3152 3313 3454 3471 3476 3483 , 4 5 % 33 , 2
1699 1704 1737 1767 1801 1828 1846 1855 1930 1969 1996 2084 2093 2160 2328 2483 2547 2582 2906 2912 3029 3039 3075 3187 3225 3236 3244 3368 3581 3627 3692 3760 3805 , 1 2 4 % 33 , 3
5 60 157 419 488 495 499 500 616 700 722 939 945 954 1024 1025 1069 1094 1137 1170 1171 1175 1257 1282 1308 1331 1470 1523 1546 1548 2694 3449 3671 , 1 4 5 % 33 , 3
3 399 523 537 547 683 754 792 807 846 873 1028 1060 1278 1326 1406 1491 1519 1583 1631 1654 1818 2447 2527 2979 2985 3076 3399 3469 3490 3495 3663 3718 , 2 3 5 % 33 , 3
5 60 158 159 364 419 445 495 499 500 616 722 936 939 945 954 1024 1025 1069 1094 1121 1137 1170 1175 1257 1282 1331 1394 1523 1546 1548 2694 3671 , 2 4 5 % 33 , 3
133 361 393 537 547 754 807 846 873 968 1019 1028 1060 1182 1278 1315 1326 1387 1388 1406 1491 1516 1519 1654 1818 1948 2439 2527 2734 2979 2985 3495 3663 , 1 4 5 % 33 , 3
19 76 289 345 382 444 513 515 548 550 596 664 667 790 808 890 977 1023 1030 1100 1246 1273 1294 1342 1346 1381 1416 1432 1499 1558 1584 1762 3396 , 0 3 5 % 33 , 3
1581 1652 1858 2007 2100 2151 2255 2265 2304 2318 2472 2569 2577 2617 2633 2634 2682 2771 2858 2970 2986 2994 3084 3112 3136 3213 3276 3460 3586 3611 3717 3726 3740 , 1 3 5 % 33 , 3
1434 1603 1655 1673 1692 1695 1871 1919 1980 2060 2150 2278 2299 2326 2336 2351 2368 2385 2387 2403 2464 2537 2606 2783 2841 2996 3011 3049 3165 3308 3339 3464 3492 , 1 2 3 % 33 , 3
63 87 229 287 291 332 400 479 529 558 785 838 843 861 871 955 966 979 982 1080 1116 1119 1187 1228 1260 1266 1332 1338 1363 1489 1492 1605 1611 , 0 1 4 5 % 33 , 4
82 356 632 712 1086 1337 1725 1763 1778 1805 1853 1914 1929 1931 1994 2034 2099 2227 2315 2426 2722 2735 3033 3156 3191 3223 3241 3326 3377 3450 3516 3639 3688 , 0 1 2 4 % 33 , 4
135 273 1886 1981 2272 2337 2418 2420 2425 2436 2444 2458 2521 2753 3014 3126 3134 3139 3208 3292 3366 3376 3389 3401 3405 3407 3439 3441 3502 3517 3524 3621 , 4 % 32 , 1
101 650 1011 1196 1264 1267 1370 1481 1497 1632 1659 1722 1806 1898 1968 1977 2130 2187 2276 2442 2489 2937 3079 3097 3099 3106 3152 3313 3454 3471 3476 3483 , 0 4 % 32 , 2
101 543 650 723 751 792 1011 1163 1264 1267 1481 1497 1631 1632 1659 1722 1898 1977 2116 2187 2395 2442 2489 2692 2937 3097 3106 3152 3313 3454 3476 3483 , 1 4 % 32 , 2
1752 1768 1875 1883 2412 2429 2499 2507 2571 2610 2620 2629 2635 2795 2942 3001 3005 3027 3261 3280 3297 3336 3559 3569 3629 3631 3654 3655 3680 3700 3739 3796 , 0 1 5 % 32 , 3
101 543 650 1011 1196 1264 1267 1370 1481 1497 1632 1659 1722 1806 1898 1977 2130 2187 2276 2442 2692 2782 2937 3097 3099 3106 3152 3313 3454 3471 3476 3483 , 2 4 5 % 32 , 3
5 9 60 130 158 159 364 419 445 495 500 616 722 936 939 960 1024 1025 1069 1115 1121 1137 1170 1257 1282 1331 1394 1546 1548 2694 3671 3798 , 0 2 4 % 32 , 3
1581 1652 1858 2007 2100 2151 2255 2265 2304 2569 2577 2617 2633 2634 2677 2682 2771 2858 2970 2986 2994 3084 3112 3136 3213 3276 3460 3586 3611 3717 3726 3740 , 0 1 3 % 32 , 3
1434 1603 1655 1692 1695 1871 1919 1980 2055 2060 2150 2278 2299 2387 2403 2464 2537 2550 2606 2711 2783 2788 2841 3011 3049 3069 3160 3165 3308 3339 3464 3492 , 2 3 5 % 32 , 3
1434 1603 1655 1692 1695 1871 1919 1980 2055 2060 2150 2299 2336 2363 2387 2403 2464 2537 2550 2606 2711 2783 2788 3011 3049 3069 3160 3165 3339 3464 3492 3620 , 0 2 3 % 32 , 3
1868 1902 1944 2053 2149 2221 2245 2295 2355 2392 2493 2506 2522 2526 2553 2729 2882 2978 3015 3053 3202 3212 3246 3249 3428 3497 3617 3623 3645 3646 3754 3764 , 1 2 4 5 % 32 , 4
3 415 537 547 553 754 846 873 968 1019 1028 1060 1182 1278 1315 1326 1374 1387 1406 1491 1516 1519 1654 1818 2447 2527 2734 2979 2985 3495 3663 3718 , 0 2 4 5 % 32 , 4
3 399 523 537 547 683 754 792 846 873 1028 1060 1278 1326 1406 1491 1519 1583 1631 1654 1818 2447 2527 2979 2985 3076 3399 3469 3490 3495 3663 3718 , 0 2 3 5 % 32 , 4
1581 1640 1660 1758 1843 1959 2037 2147 2151 2248 2265 2344 2400 2514 2578 2631 2633 2682 2771 2827 2838 2849 2856 2921 3084 3136 3204 3475 3681 3701 3708 3717 , 0 1 5 6 % 32 , 4
82 356 632 712 1086 1337 1725 1763 1805 1853 1914 1929 1931 1994 2034 2099 2227 2315 2426 2722 2735 3033 3156 3191 3223 3241 3326 3377 3450 3516 3639 3688 , 0 1 2 4 5 % 32 , 5
0 39 41 96 376 396 442 451 510 555 577 738 845 962 1096 1153 1211 1296 1304 1336 1354 1369 1400 1426 1484 2205 2475 3025 3048 3089 3674 , 4 % 31 , 1
1581 1660 1736 1758 1843 1951 1959 1999 2037 2128 2248 2318 2345 2400 2410 2514 2578 2631 2633 2677 2682 2750 2856 2921 3136 3204 3461 3701 3708 3717 3767 , 1 2 6 % 31 , 3
1719 1773 1966 2045 2066 2090 2095 2107 2133 2334 2367 2389 2416 2533 2589 2592 2615 2784 2793 2866 3056 3145 3281 3317 3337 3532 3667 3703 3728 3734 3785 , 1 2 5 % 31 , 3
19 76 289 345 382 397 444 513 515 550 596 664 790 808 890 925 1023 1030 1076 1100 1246 1273 1294 1342 1346 1416 1432 1499 1558 1584 1762 , 1 3 5 % 31 , 3
1581 1652 1858 2007 2100 2151 2255 2265 2304 2569 2577 2617 2633 2634 2682 2771 2858 2970 2986 2994 3084 3112 3136 3213 3276 3460 3586 3611 3717 3726 3740 , 0 1 3 5 % 31 , 4
1902 1944 2029 2053 2149 2221 2245 2295 2355 2392 2493 2506 2522 2526 2553 2729 2790 2882 2978 3202 3212 3246 3249 3428 3521 3617 3623 3645 3646 3754 3764 , 0 1 2 4 % 31 , 4
145 154 173 247 258 260 279 281 357 486 524 540 653 676 690 726 779 850 927 989 1130 1184 1188 1197 1213 1231 1236 1237 1575 1579 , 0 % 30 , 1
76 174 181 245 433 453 587 758 778 780 1023 1186 1200 1325 1342 1438 1520 1584 1726 1856 1957 2172 2378 2413 2603 2653 2760 3536 3556 3566 , 3 6 % 30 , 2
78 209 543 581 741 1076 1509 1609 1659 1694 1697 1784 1968 2351 2362 2537 2634 2737 2811 2841 2889 2922 2994 3294 3399 3408 3476 3487 3492 3675 , 4 6 % 30 , 2
23 50 74 78 80 115 123 187 317 337 359 423 489 506 525 647 661 687 740 752 814 1126 1180 1247 1270 1277 1302 1368 1474 1609 , 0 3 % 30 , 2
543 701 776 819 1157 1329 1409 1659 1696 1778 1953 2085 2102 2214 2292 2300 2322 2339 2409 2619 2623 2975 3061 3068 3125 3208 3476 3482 3506 3538 , 5 6 % 30 , 2
101 650 1011 1196 1264 1267 1370 1481 1497 1632 1659 1722 1806 1898 1977 2130 2187 2276 2442 2937 3079 3097 3099 3106 3152 3313 3454 3471 3476 3483 , 0 2 4 % 30 , 3
36 141 210 241 448 455 457 562 592 614 617 794 941 952 1045 1067 1074 1079 1125 1144 1343 1356 1399 1403 1424 1457 1524 1594 2238 3575 , 0 1 3 % 30 , 3
399 523 537 547 683 754 807 846 873 1028 1033 1060 1278 1326 1375 1406 1491 1519 1583 1654 1818 2527 2979 2985 3076 3399 3469 3490 3495 3663 , 1 2 3 % 30 , 3
36 241 448 455 457 562 592 614 617 794 900 941 952 990 1045 1067 1074 1079 1125 1144 1340 1343 1356 1399 1403 1424 1457 1524 2238 3575 , 1 3 5 % 30 , 3
101 543 650 858 1011 1264 1267 1329 1481 1578 1632 1659 1722 1898 1977 2174 2187 2424 2442 2446 2692 2937 3083 3097 3106 3152 3313 3454 3477 3483 , 1 2 3 5 % 30 , 4
393 537 547 754 807 846 873 968 1019 1028 1060 1182 1278 1315 1326 1387 1388 1406 1491 1516 1519 1654 1818 2439 2527 2734 2979 2985 3495 3663 , 1 2 4 5 % 30 , 4
48 55 58 65 167 175 197 237 532 586 605 608 682 703 716 789 913 946 994 1049 1112 1118 1164 1185 1195 1277 1364 1440 1448 1552 , 0 1 2 5 % 30 , 4
1765 1824 1863 2030 2064 2077 2115 2288 2369 2384 2502 2648 2649 2767 2854 2896 2940 3001 3128 3171 3229 3358 3539 3554 3558 3587 3603 3654 3697 , 0 % 29 , 1
145 154 207 247 260 279 281 357 418 486 540 590 644 653 676 690 726 850 927 1184 1188 1197 1212 1213 1231 1236 1237 1419 1579 , 5 % 29 , 1
111 124 701 776 819 1157 1329 1409 1659 1696 1953 1968 2085 2102 2214 2292 2300 2322 2339 2409 2619 2975 3061 3068 3125 3208 3476 3482 3538 , 0 6 % 29 , 2
361 537 547 754 846 873 968 1019 1028 1060 1182 1278 1315 1326 1387 1406 1491 1516 1519 1654 1818 1912 2527 2734 2979 2985 3105 3495 3663 , 0 1 4 % 29 , 3
1678 1743 1769 1785 1843 1984 1988 2076 2088 2154 2275 2293 2296 2313 2350 2430 2462 2832 2856 2971 2973 3085 3274 3582 3652 3677 3710 3751 3769 , 0 2 4 % 29 , 3
3 346 537 547 551 570 754 807 846 873 1028 1033 1060 1278 1326 1375 1406 1468 1491 1519 1654 1818 2447 2527 2979 2985 3495 3663 3718 , 2 3 4 % 29 , 3
36 141 189 241 448 455 457 531 592 614 634 666 794 941 952 990 1045 1065 1067 1125 1340 1343 1356 1392 1399 1457 1517 1594 3473 , 1 2 3 % 29 , 3
1773 1966 2045 2066 2090 2107 2133 2367 2389 2416 2533 2589 2592 2615 2784 2793 2866 3056 3145 3281 3317 3337 3416 3532 3667 3703 3728 3734 3785 , 0 1 2 % 29 , 3
101 650 1011 1196 1264 1267 1370 1481 1497 1632 1659 1722 1806 1898 1977 2130 2187 2276 2442 2937 3097 3099 3106 3152 3313 3454 3471 3476 3483 , 0 2 4 5 % 29 , 4
