843
0
3702
2594
2107
256
387
3371
156
1520
2007
3271
2784
3627
933
3140
3171
2684
833
2553
2584
602
958
2809
2709
371
2122
1635
271
2899
1535
3286
3155
948
1204
3411
2924
3601
2237
3501
286
2137
1650
3370
1550
1063
3270
1775
1288
1419
3039
2939
601
1865
14
2252
1765
2121
401
170
3741
2377
3641
1790
2567
1203
716
2954
2467
616
2367
1880
2236
516
29
285
641
154
2005
3756
3169
2682
831
3069
2582
2482
2838
2351
1995
144
856
631
500
2707
2607
400
2120
269
300
2020
3740
169
1533
3771
1433
69
3184
3540
846
3053
2822
2722
871
384
1648
284
3399
3755
1548
3299
3655
3168
961
986
499
2350
886
399
1663
1563
3639
2275
3539
1688
3052
2952
614
2852
2265
1778
414
2134
3754
2390
52
183
3654
3167
83
3554
1703
2967
2480
1116
2380
2736
42
529
1893
298
654
2505
167
2018
3769
1918
1431
3282
3182
1331
1818
1231
744
2951
2595
2495
3207
513
2720
1356
900
413
2133
282
2520
182
3753
1933
3197
3553
3066
1346
859
3322
1115
2735
884
397
2248
2635
784
2048
197
3768
3312
3668
974
3437
2950
3337
1486
999
2850
2750
2263
2163
1676
1932
2288
3652
81
1832
3065
1214
1701
1601
1114
2965
2865
1014
1791
2147
2534
196
2403
65
3767
3667
1816
3567
1716
2493
642
2849
1029
542
2749
2618
2518
3782
567
80
211
1931
3682
1831
1344
3095
2608
1244
2964
1500
1013
2733
913
426
1269
2633
326
2533
1459
95
3697
1846
3079
1028
2748
3235
2648
2161
310
697
2061
210
1474
3681
110
1699
1730
3450
2863
1012
1499
2276
425
2176
812
325
2432
1945
94
2301
3565
1714
3465
1127
1514
2878
2291
440
927
2547
2903
209
565
2416
465
1829
9
1729
1242
3093
2993
1142
2406
3605
3118
911
3018
2531
1944
2331
3695
1844
1257
1513
3233
3720
926
2646
795
695
208
595
108
1959
3679
3710
3223
8
3579
1859
1984
3248
2761
910
3148
2661
1974
2330
2686
1843
2199
1743
2099
1643
925
2676
825
594
2801
107
2214
1727
3578
2114
1627
1527
2791
2304
453
2560
2916
222
578
609
2329
122
1842
3693
378
1642
1155
3006
3262
3618
3131
924
3031
2544
693
724
2931
593
1080
3708
493
2344
3608
1757
1270
3477
3121
3733
1526
3246
1039
1395
1426
3146
1295
808
2559
708
2459
608
121
1872
21
1385
1641
1154
1541
3261
2674
2574
236
2212
5
2243
2112
1625
1656
2012
1525
3276
2789
838
607
507
2227
2714
1640
3391
1440
3516
3029
1209
722
2342
35
391
3606
2242
1655
1168
3275
1424
3631
1293
60
3531
737
2944
1093
250
3721
506
150
19
2257
50
1770
3490
406
3621
2026
1539
175
3646
952
1308
1795
3059
1208
721
2572
752
2472
621
134
1985
3736
2372
2241
2110
2141
1654
2010
290
1910
3274
1454
3174
2687
1323
1223
2843
2356
505
2225
2256
2612
1769
1669
2025
951
3189
1338
851
2958
1107
2471
2827
2727
33
2271
420
2140
3504
289
1653
2040
189
1553
3304
1809
1322
3529
1222
2942
735
3429
504
2255
3619
3519
3775
3644
3057
1237
2957
1106
619
750
2857
3634
1783
419
2008
1552
3659
1808
965
1352
3072
1121
634
2741
890
403
2254
303
1667
2054
3774
1923
1823
1236
749
2856
518
2625
2138
2169
318
3402
1938
1451
3202
864
1220
3427
2971
3327
2840
1020
533
2384
402
2284
433
2153
2053
3673
3542
3086
1235
748
2986
648
2368
517
2755
61
548
2268
3532
317
1681
1937
1450
3657
3688
1837
3557
2970
763
663
2383
532
563
3647
432
2152
788
1796
301
2052
3772
1921
1565
101
1821
1365
878
3085
2985
778
1134
647
2498
2623
2654
2167
2523
2036
1580
1936
3687
1836
3200
1380
1018
531
2769
918
431
2051
3802
1951
3315
3215
1364
1720
3440
1233
3084
1620
3340
1133
2984
1033
546
2753
2066
3686
3199
1835
3586
1248
3355
661
1017
1148
2868
74
430
2281
330
2437
1950
3670
99
3701
1363
776
1132
1619
2983
676
2883
545
2783
2165
214
1965
114
3685
1378
1634
1147
2998
1403
2636
2667
2180
2080
1593
229
129
3213
1493
3600
1393
1262
3113
2882
1031
3238
2782
2651
444
2195
2064
2095
244
1964
3715
3584
369
2997
1146
1633
1046
2766
946
2566
359
3699
2335
484
3599
3112
1748
3368
674
1030
1061
2781
474
2681
2194
699
343
599
3714
3583
12
3614
1763
1632
1145
1532
1045
1301
2665
714
227
1978
1491
3698
1878
1391
1747
3598
3498
1291
1160
3011
3267
2780
929
1416
2680
829
342
2549
242
1993
2349
1862
1762
267
2895
1044
2795
457
3051
2564
2108
1977
2233
382
3497
1159
3397
1546
959
2679
2579
728
241
2092
3712
1761
1274
3481
3512
3281
2794
587
943
1074
487
3050
2463
612
125
2363
512
3596
1745
1776
1289
1189
2909
1058
1545
702
3165
827
2578
2478
627
2347
140
1891
3611
1304
3024
1173
1660
3280
2793
1429
942
2693
2593
2106
255
2006
2362
3726
1906
3626
55
3495
280
2031
1544
3264
2808
3164
1444
2708
2221
2577
3064
370
270
1990
139
526
3610
1759
3510
1659
3379
3766
2923
3279
872
2592
385
254
610
2848
2361
2261
410
3394
1187
3425
1574
1087
2807
956
3294
987
2576
725
2963
1112
2476
2376
525
1889
1789
1302
1658
3509
1689
2922
1558
1814
2591
1227
740
640
153
2004
2360
1904
53
3624
2260
1773
1804
1542
3293
78
1929
1342
2606
2962
2475
268
168
1888
3739
2631
2144
193
3308
1457
970
2721
870
2590
3077
2621
2977
2746
2259
539
2159
308
3423
2936
3292
3779
3323
1472
985
3192
2705
3092
398
885
1110
2861
1010
1787
1687
3407
1587
1100
3307
1712
1225
1125
2389
1902
1802
3522
1671
3422
3191
1340
3091
753
2504
653
2404
1917
66
2273
1817
2173
322
2529
1942
1455
1355
868
3075
1255
768
2488
2975
668
181
2388
2644
2157
2057
1570
3421
3808
3321
1957
3190
3090
783
2503
296
2990
2759
2272
421
908
552
2072
1585
3436
3692
3205
3461
1123
2874
2387
1023
2774
2287
436
923
3551
2187
1700
3451
3807
3576
3089
1725
2502
651
1138
2889
2402
551
1038
2302
1715
2071
1584
89
3204
1353
3591
3104
1253
666
566
2286
79
335
691
2055
2542
1955
1468
1855
4
3219
3119
2988
2532
681
2401
194
2888
937
450
2170
2657
350
2070
2557
706
1970
1483
3234
896
3103
2647
796
2516
3003
1021
1283
1052
2772
921
821
3805
1498
3705
1011
3218
3249
1136
3374
2887
1523
936
3564
349
2100
249
3333
1869
3589
1738
3102
18
3002
2415
1051
2315
364
2084
3804
233
102
2440
133
2340
3704
1853
3117
1266
679
2917
1066
2430
348
704
217
2555
248
1968
2455
3719
1868
3232
17
2645
794
1281
3032
2545
2901
694
1306
463
3347
3703
1983
3734
3247
3603
3147
2660
1034
1065
934
2685
834
2198
347
247
1998
147
3362
1767
2123
1280
1636
2900
1049
2800
2313
2700
362
2113
1626
262
1882
31
1751
3602
3502
3015
1164
1651
1064
2428
964
2328
477
2228
377
2940
2453
246
146
502
15
1866
3717
3617
1279
1666
1079
2799
848
361
717
261
1981
617
161
3732
3245
1781
3145
1294
3045
1194
707
3170
476
732
245
2096
276
1996
145
2483
3716
1896
3616
1409
3260
3160
3385
1534
1178
1078
1434
847
2111
2011
1524
3375
3731
160
1780
3500
1549
3300
1449
962
2813
2713
2226
375
862
275
1895
44
1764
2151
1664
3515
3415
1564
1077
2928
2341
977
2728
2597
746
259
615
2497
646
3730
515
28
2366
59
1779
2266
3630
3530
1192
605
3068
861
374
1117
630
174
3745
1894
2381
3645
3158
3058
1694
3414
1076
1432
1207
3283
1463
3183
2696
1332
745
2496
2009
158
645
3760
3273
1422
1909
1678
1547
1578
3298
1447
1934
3198
1347
860
2611
2511
1793
2149
3513
3413
875
2239
388
2851
2395
2751
57
2264
3528
3428
1577
1090
990
3097
1246
2966
2479
659
172
2866
528
72
428
1792
3056
1205
1105
3212
1361
3568
3081
2981
1130
2494
3758
543
2394
56
1907
187
3658
1807
1707
2063
1576
3783
1445
3683
1345
3096
1245
758
789
2509
3773
558
1922
2409
3642
2178
2047
1591
1104
1947
3798
3211
1360
3111
1260
2624
2524
2037
186
2293
2649
1706
2062
3426
1606
3326
1475
988
3226
2739
1375
2639
2508
657
2864
1144
3541
1690
226
1590
2854
3110
1259
2979
3466
672
2392
541
2879
2292
441
3656
1805
2192
3456
1605
2969
3581
887
2994
787
2894
200
1043
2407
100
2307
1820
3571
2076
3796
1589
3696
3209
1358
1389
3109
2622
1258
802
2522
1158
3009
2422
571
3786
2191
340
1704
1960
1504
3711
3124
1273
786
2637
2537
2050
199
555
455
2206
355
2075
1588
1719
3339
2752
901
3008
2521
2877
1157
2908
2421
570
2290
2777
2677
2190
3454
1603
2090
3354
2867
3123
2992
2892
554
2305
454
3569
1718
354
3469
1618
123
1487
3725
3594
3107
1256
3007
2907
2420
213
1056
569
600
3684
1833
1602
1989
3709
1858
3609
1402
1271
1758
915
3122
815
584
353
2104
253
1973
1617
1517
1873
3724
3037
2906
2419
2319
955
2188
2219
368
2088
1988
3252
2765
3508
1657
3377
2890
3021
2921
3277
1070
2790
583
2334
2203
352
383
3467
3136
3492
3036
1185
2905
2805
2318
954
467
2218
1731
11
2118
2474
136
3738
36
3507
3020
813
1300
1200
2920
1069
582
613
969
2820
482
2589
738
251
2002
151
1515
1871
1771
1284
3135
2935
1084
597
2448
2217
2573
2117
266
1630
1986
2017
3737
1530
3637
3150
1430
1555
1068
2819
968
2688
381
281
2001
1901
1414
3265
3521
3034
3390
1083
596
2803
3290
2834
396
265
2016
165
3380
34
3636
3149
3505
3049
711
1067
2918
2949
1098
511
2718
380
24
2487
3751
1900
3620
49
3651
1800
3033
1182
3420
2933
1569
726
1213
1082
2833
982
495
2602
751
264
2015
164
1884
1915
3635
1684
1197
1097
2817
1453
2461
966
2717
866
2230
2617
766
2486
1999
2386
1899
3650
3163
1312
1568
1081
2832
2345
494
981
2701
2245
2145
294
2501
1427
3534
1196
2947
2816
2847
509
278
3393
2029
1898
47
534
3749
1798
3162
1311
3549
3318
1111
624
2831
2731
37
393
2013
3764
549
62
2400
3633
3664
1813
1326
1682
1582
739
639
508
2615
764
277
2128
2515
664
2028
3648
1797
3548
3061
1697
3317
2830
979
1466
3217
2599
2143
2399
192
1943
3663
92
1325
1812
3176
1094
3301
2845
994
1481
2745
2258
894
2614
407
3101
2158
2514
2027
3778
2414
76
332
1696
3416
3447
3803
3316
1109
2860
3216
2729
2760
909
2629
291
3762
2398
2298
1811
3662
3331
637
2844
1024
893
2513
662
3777
1926
2413
3677
1826
1695
1726
1595
1139
1008
3115
1264
2528
2041
190
1941
2297
1841
3561
1966
1479
115
3330
2743
892
2643
2512
2056
2412
3776
205
105
2312
2081
3445
3345
1394
2627
2658
807
220
2427
1940
445
1709
3460
1609
2973
3360
1022
2742
2773
3129
435
2411
560
2311
1824
3575
360
2211
3475
1624
1137
1037
550
2526
675
3790
2326
1839
3228
1377
1864
13
1277
790
3028
2541
2410
2441
1954
103
2310
1854
2210
1367
1723
3343
128
1492
1392
2756
1292
3012
1969
3689
2325
2094
243
1994
1507
3358
3227
1407
2771
2671
820
2540
720
589
2309
458
489
2209
1722
2109
258
3473
3342
1622
3373
2886
1035
3242
1522
3729
2655
448
804
2911
2424
573
960
2324
2224
373
1737
3488
1637
3357
1150
1537
3257
2770
919
1050
2539
2926
1
3472
1265
1652
3728
1877
3628
3141
1290
3041
2554
703
1967
2323
1867
16
1736
503
3587
1505
3743
1892
3156
1305
2569
2082
718
2925
2469
1982
2338
1851