183
560
997
481
664
148
504
1166
1370
529
471
94
704
327
1162
44
167
879
1106
475
1077
823
213
396
142
1252
773
215
1071
34
513
1044
413
515
28
282
740
109
465
1321
690
669
153
1221
540
430
888
634
126
1346
1042
1144
149
607
730
1138
651
20
253
1313
1182
530
451
1307
168
118
1228
424
780
801
568
701
447
999
135
114
491
1203
64
441
645
391
637
1328
58
516
262
1199
712
60
662
1243
489
816
562
402
483
606
229
1058
194
1139
1343
1060
573
319
1031
1010
523
96
1308
344
621
877
57
434
261
240
617
588
692
1069
1040
1223
105
199
301
1369
628
832
578
122
399
1365
378
1315
16
1105
220
597
830
416
112
337
316
62
295
818
420
1001
1349
464
1016
364