1068
317
671
1000
939
431
978
397
311
1338
618
505
189
391
410
305
725
812
50
1326
1112
645
379
600
1054
400
536
707
1161
723
1087
1001
1316
585
118
32
538
853
1011
911
1299
1298
676
209
991
524
313
114
460
1190
289
30
213
1184
1129
63
246
409
619
1117
522
605
1222
1327
452
339
483
799
856
1014
916
1047
1039
78
232
586
899
391
685
193
574
60
309
1183
187
860
1043
723
925
399
457
1074
935
288
97
661
719
548
824
1013
52
511
760
648
1007
46
583
688
917
317
1021
748
892
921
9
435
369
1244
36
571
629
878
1075
324
192
363
1238
996
1151
565
299
147
633
777
520
407
293
1234
666
716
708
96
621
831
703
337
129
444
234
864
1319
405
549
1053
401
747
1122
424
739
481
224
197
160
1311
257
428