56 62 63 70 91 92 95 97 104 111 116 118 119 122 123 140 147 148 154 155 156 168 170 174 176 179 180 185 187 195 206 213 217 220 227 228 231 235 236 237 241 247 251 254 255 258 271 278 285 286 287 288 301 304 309 317 320 328 330 333 336 341 347 350 365 380 383 388 427 438 444 501 546 567 577 630 673 685 691 707 738 754 755 768 773 780 786 822 841 903 930 968 1089 1103 1113 1132 1135 1149 1155 1156 1158 1169 1170 1173 1187 1201 1216 1218 1225 1236 1239 1241,1 2 3 % 112,3
529 535 536 578 582 586 619 629 634 641 657 669 671 682 683 684 692 693 695 704 716 722 723 727 728 731 737 740 741 743 745 746 751 757 762 763 764 766 769 770 775 776 778 788 792 797 798 800 808 809 811 821 823 825 826 828 833 834 835 837 838 839 845 847 849 850 857 867 868 872 873 882 884 889 893 901 910 918 928 930 932 937 942 947 951 953 956 961 966 969 970 974 996 1000 1003 1004 1046 1047 1052 1058 1063 1085 1089 1132,0 1 2 % 104,3
135 161 163 196 202 233 240 243 246 249 250 262 265 272 277 294 327 332 345 353 360 361 372 379 386 391 399 410 418 423 424 432 441 445 447 449 450 452 454 459 460 463 465 467 470 471 473 474 475 480 484 486 487 488 494 497 498 501 502 504 505 507 511 512 523 525 533 539 543 544 546 549 565 567 570 573 577 583 587 589 616 623 630 643 651 659 668 690 707 739 742 756 759 761 781 787 793 819 858 862,0 1 2 % 100,3
42 54 115 126 128 151 171 173 194 229 232 256 263 274 290 293 300 306 316 325 339 359 362 369 375 382 384 392 408 412 433 472 481 889 901 910 918 937 956 966 969 974 1003 1004 1052 1063 1076 1080 1093 1099 1104 1116 1121 1133 1134 1139 1145 1161 1165 1168 1178 1181 1183 1198 1199 1209 1211 1215 1217 1219 1228 1229 1235 1237 1250 1256 1260 1273 1275 1286 1292 1298 1299 1302 1312 1321 1324 1328 1333 1334,1 2 3 % 90,3
54 105 107 117 122 123 124 132 137 139 140 146 148 151 154 155 158 164 168 171 172 176 180 181 187 189 191 194 201 211 212 220 222 231 238 239 241 251 259 265 268 284 285 287 289 291 294 302 312 313 316 317 333 334 345 350 352 356 381 386 388 389 399 414 419 422 429 443 445 457 467 485 497 520 525 534 554 579 583 595 689 771 777 779 784 810 818 820 843,0 2 3 % 89,3
84 90 108 111 115 116 118 131 144 147 156 170 174 185 186 193 195 209 213 216 217 227 228 229 230 232 237 240 244 248 254 255 256 258 263 271 273 275 278 290 297 299 300 301 304 309 311 319 322 323 329 330 338 339 340 341 346 349 353 355 360 361 372 376 377 378 387 395 398 411 424 436 452 456 459 466 474 475 476 479 486 488 504 517 526 531 539 565,0 1 3 % 88,3
12 28 36 39 41 42 44 46 56 63 75 78 79 80 82 85 87 94 95 97 98 99 101 102 106 112 121 129 135 142 149 157 161 162 163 165 175 183 190 196 202 206 207 224 233 243 246 249 250 266 272 277 279 283 295 307 315 326 332 367 374 393 397 401 407 430 431 440 441 447 449 453 460 477 478 484 487 714 734 772,0 2 3 % 80,3
426 428 429 443 489 491 492 496 500 520 522 527 538 540 545 550 558 566 569 574 576 588 595 603 611 617 618 619 641 645 656 657 658 669 689 692 693 704 714 716 722 723 727 728 729 734 735 737 741 746 747 750 751 764 766 770 771 775 776 777 778 783 799 808 809 810 811 814 820 823 838 849 926 927 938,0 1 3 % 75,3
128 218 234 274 280 308 314 318 347 357 383 387 391 408 413 417 425 428 433 438 444 450 451 454 462 470 492 493 494 502 507 509 523 537 540 545 566 568 569 574 594 599 600 601 611 616 617 634 643 671 730 799 829 851 852 855 856 860 863 865 866 871 897 900 907 909 913 916 920,0 2 3 % 69,3
0 6 26 33 34 35 37 38 43 45 47 48 49 50 51 52 55 58 59 61 62 64 65 66 67 68 70 71 73 74 76 83 86 89 91 92 104 109 114 126 127 133 136 143 150 173 179 182 188 200 215 223 235 236 247 252 257 261 276 286 288 292 320 324 336 354 357,0 1 3 % 67,3
293 306 325 327 328 343 359 362 365 368 369 370 371 375 379 380 382 384 390 392 394 406 410 412 418 427 434 437 448 455 472 495 505 508 515 519 524 529 533 536 543 544 548 555 557 559 560 564 580 584 591 596 597 602 609 610 612 615 620 625 626 627 632 646 650,0 1 3 % 65,3
783 794 846 848 859 885 887 888 891 898 912 915 934 950 962 964 975 977 990 992 998 1006 1011 1022 1060 1067 1072 1076 1077 1080 1081 1082 1083 1088 1090 1093 1096 1099 1102 1104 1115 1121 1126 1133 1134 1139 1145 1149 1155 1168 1169 1181,0 1 2 % 52,3
329 343 368 371 390 394 406 473 610 612 620 625 628 632 648 650 663 664 665 666 667 670 673 677 678 679 680 681 685 691 694 695 697 698 699 700 701 702 705 726 732 738 754 794 800 837 857 896 932 961 964 994,0 2 3 % 52,3
349 354 377 398 436 469 476 479 481 501 519 546 567 577 592 593 596 609 615 630 637 639 675 703 707 708 709 710 711 712 715 740 743 757 763 788 797 813 831 840 848 864 872 880 904 921 928 933 940 951 988,0 2 3 % 51,3
432 435 437 442 461 463 465 483 495 510 511 512 515 516 517 526 531 549 550 555 557 559 560 564 571 572 584 589 591 597 602 624 627 646 696 717 755 768 773 780 786 822 825 828 859 891 898 934 950 962,0 2 3 % 50,3
389 414 421 446 451 462 483 499 501 506 513 521 530 535 541 542 546 554 556 567 572 575 577 578 582 585 586 594 598 606 608 624 628 629 630 631 636 648 662 682 683 684 694 696 705 707 717 726 745 762,0 1 3 % 50,3
211 308 318 434 469 873 882 884 941 958 971 975 990 998 1011 1022 1046 1058 1067 1075 1077 1078 1081 1083 1088 1090 1095 1102 1120 1122 1126 1137 1167 1233 1234 1246 1249 1255 1285 1287,1 2 3 % 40,3
547 639 653 675 676 779 784 798 821 826 827 829 830 833 835 845 846 847 850 853 867 868 869 883 885 887 888 892 894 902 905 908 911 912 915 917 919 1029,0 1 3 % 38,3
581 747 827 830 836 842 853 869 892 894 902 905 908 911 917 919 922 924 931 939 943 952 960 971 1037 1049 1050 1051 1075 1078 1092 1095 1120 1122 1137 1142 1167,0 2 3 % 37,3
677 678 679 680 681 749 752 795 801 805 806 812 816 817 824 832 836 842 844 861 875 886 903 922 924 931 939 960 978 1002 1008 1012 1013 1024 1065,0 1 3 % 35,3
753 795 802 803 804 805 812 815 816 824 832 834 844 875 886 893 942 1002 1008 1012 1013 1024 1027 1065 1066 1094 1098 1108 1114 1123 1148 1159 1194,0 2 3 % 33,3
480 530 548 573 575 580 585 587 598 606 613 626 659 662 668 733 742 744 765 767 807 841 883 941 958,0 2 3 % 25,3
166 298 303 321 324 351 385 401 415 435 439 442 456 461 464 468 510 516 534 571 796,0 1 2 % 21,3
943 1027 1037 1060 1066 1082 1092 1096 1098 1108 1114 1123 1142 1148 1153 1159 1194 1232 1251 1269,1 2 3 % 20,3
1 3 4 5 7 8 9 10 13 14 15 20 23 25 27 29 32 40 53 119,0 1 3 % 20,3
508 513 645 663 664 665 666 667 670 698 699 700 701 702 703 715 732,0 1 2 % 17,3
861 870 874 881 890 895 970 1000 1055 1074 1107 1141 1153 1190,0 2 3 % 14,3
57 72 88 134 153 166 219 225 262 264 305,0 2 3 % 11,3
292 592 593 623 651 697 814 978 1029 1193 1310,1 2 3 % 11,3
570 690 926 927 938 949 957 979 997,1 2 3 % 9,3
501 546 567 577 630 707,0 1 2 3 % 6,4
