List((4 5 7 14 20 21 22 23,0), (20 21 22 23,0 1 2 9), (5 20 21 22 23,0 9), (3 10 20 21 22 23,1), (4 9 10,10), (3 11 18,11), (4 18,12), (0 3 6 17,13), (6,14), (7 17,15), (1 8 10,16), (2,17), (2 11,18), (2 6 8 9 20 21 22 23,2), (11,21), (16,22), (14 16,3), (0 7 16 18 19,4), (0 19,5), (1 10 16 19,6), (1 14 17,7), (5 8 9 16,8))
List((7 15,0), (11 18,1), (11 15 18,10), (6,11), (2 17,13), (1 6 7,14), (6 19,15), (6 15,16), (0,17), (0 2,18), (1 2,2), (17,3), (7 11 18 19,4), (0 19,5), (11,8), (1 17,9))
List((20,12))
List((14,0), (3 11 17,1), (3 4 14,10), (5 13 14,11), (3 4,12), (2,13), (19,15), (11,17), (2 19,19), (13 16,2), (17,3), (11 19,4), (16,7), (5 16,8), (4 5 13 17,9))
List((18,1), (1,12), (0,17))
List((11,16))
List((3 4 5 6 11,0), (1 6 9 13 14 16,1), (9 13 16,1 10), (1 13 16,1 15), (1 6 14,1 4), (0 4 9 13 16 20 21,10), (0 16 20,10 11), (0 3 10 15 16 19 20 22,11), (0 10 16,11 16), (0 15 19,11 3), (3 15 16 22,11 9), (0 2 19,12), (1 5 8 18 19 20 23,13), (5 18 19,13 20), (5 8 23,13 8), (16 17,14), (1 2 13 16 17,15), (0 7 10 16,16), (2,17), (17 20 21,18), (11 17 21,19), (4 7 8 10 11 14 23,2), (7 8 23,2 8), (5 7 17 18 19 21,20), (17 18 19 21,20 21 22), (5 7 17,20 8), (17 18 19 21 22,22), (0 6 15 18 19,3), (1 6 14 15 17,4), (1 15 17,4 6), (18,5), (1 9 15 17 18,6), (15 18,7), (5 7 8 13 17 23,8), (2 3 11 15 16 22,9))
List((19 20 21,0), (9 10 13 14 15 20 21,1), (9 13 15 20 21,1 10), (10 13 14,1 2), (0 9 12 13 15 16 20 21,10), (12 13 20,10 11), (3 11 12 13 18 19 20 22,11), (11 13 22,11 2), (3 12 22,11 9), (2 18 19,12), (0 1 3 6,13), (17,14), (7 17,15), (1 7 10 16,16), (2,17), (11,18), (2 6 10 11 13 14 22 23,2), (21,20), (16,22), (0 6 14,3), (0 6 7 16,4), (18 19,5), (1 15 19,6), (14 17 18,7), (7 9 23,8), (3 12 15 22 23,9))
List((14 23,0), (3 15 18 23,1), (3 11 15,10), (11 12 14,11), (18,12), (0 3 6 17,13), (1 6,14), (6,15), (1 15 23,16), (12 16,2), (11,21), (16,3), (0,5), (1 14 17,7), (1 11 16,8), (1 12 17,9))
List((0 3 4 6 10 11,0), (0 6 9 12 14,1), (6 12,10), (9 10 12 15 22,11), (0 6 20 21,12), (5 9 13 14 15 19 20,13), (10 11 16,14), (1 2 13 16,15), (0 9,16), (16 17 18,17), (17 20 21,18), (21,19), (4 7 10,2), (3 4 5 7 18 19,20), (1 22,21), (2 5 7 22,22), (1 12 18,3), (1 14 15,4), (9,6), (6 12 13 17 19,8), (2 3 11,9))
