List((1,0), (7,1), (22,10), (21 22,13), (19,14), (4 5 7 9 10 23,17), (5 9 10 23,17 19), (4 6 7 19,18), (5 8 9 10 12 13 14 15 18 20 23,19), (12 13 14 15 20,19 20 21 22), (12 13 14 15 20 23,19 21), (9 10 12 13 14 15 20,19 22), (8 10 23,19 4), (5 19,2), (0 1 6 12 13 14 15 20,20), (0 6 12 13 14 15 20,20 21 22), (0 6 12 13 14 15 20 23,21), (0 6 9 10 12 13 14 15 20,22), (1 8 9 21 22,3), (8 10 21 23,4), (4 18,8), (8 18,9))
List((1 10,0), (6,10), (10 12,13), (19,17), (22,19), (2 3 4 6 22,20), (2 3 4 22,20 21 22), (1 2 3 4 22,21), (1 22,3), (2 12 19,8))
List((12 13,0), (2 4 5,1), (1 2 5,10), (1 4 5 7,11), (5,12), (4,13), (0,15), (2,16), (11,17), (1 10,18), (0 1,19), (12,2), (7 11,3), (10 14,6), (7 13 14,9))
List((9 16 18,0), (7 8,1), (7 8 22 23,10), (7 21 23,12), (8 14 19 23,14), (9 10 12,15), (4 12 15 18 19,17), (3 13 14 15 16,18), (3 15 16,18 21), (13 22,19), (19,2), (14 23,20), (3 9 12 15 16,21), (3 4,22), (13 21 22,3), (21,4), (10,7), (4,8), (9 10 18,9))
List((2 8,0), (2,11), (21,13), (15 21,15), (3 4 12 13 14 20,16), (3 4 20,16 17), (3 4 12,16 19), (13 14 20,16 21), (12 13 14,16 22), (3 4 5 6 7 8 9 10 20 23,17), (3 4 5 6 7,17 18 19), (3 4 5 6 7 8 9 10 23,17 19), (3 4 5 6 7 18,18 19), (3 4 5 6 7 8 9 10 12 15 18 23,19), (9 10 15,19 5), (6 12 23,19 7), (15 20,20), (6 11 12 13 14,22), (6 11 12 13,22 7), (5,4), (9 10 14 15,5), (2 7 11,6), (6 11 12 13 23,7), (3 18,8), (8,9))
List((22,12), (21 22,13), (20 21 22,14 15 16 17 5 6 7 8), (20,3), (20 22,4))
List((11 17,0), (11 15 21,12), (8 13 15 19 23,13), (8 13 19 23,13 8), (11 12 13 16,14), (8 23,15), (16 17,17), (21,18), (4,2), (4 7 16,20), (4 7,21), (2 7,22), (12,3), (15 21,4), (2 8 12 13 17 19 23,8), (2 19,9))
List((2,11), (3,15))
List((8,0), (22,10), (4,16), (6 8 23,17 7), (5,18), (4 7,19), (4 5,4), (6 23,5), (7,6), (6 7 8 23,7))
List((7 15,0), (2 4 11 17 19 23,1), (2 17 19,1 10), (4 17 23,1 11), (17 19 23,1 16), (1 2 3 10 14 17 18 19,10), (1 3 17,10 12 2), (17 18 19,10 16), (1 2 19,10 19), (1 3 17 18,10 2), (4 5 6 7 8 13 14 17 21 23,11), (4 5 17,11 12), (6 8 17 23,11 16), (8 17 21,11 2), (4 5 6 13 21,11 9), (1 3 4 5 16 17,12), (1 3 16 17,12 2), (2,13), (7 18,14), (18 19,15), (6 8 15 17 18 19 23,16), (8 15 17 18,16 2), (11,17), (0 8 9 23,18), (0 8 9,18 2), (0 1 2 19,19), (0 1 3 8 9 12 15 16 17 18 21,2), (0 9 15,2 8), (0 12 21,2 9), (1,22), (7 17,3), (12 13,4), (10 14,6), (0 16 19,7), (0 9 10 14 15,8), (0 4 5 6 12 13 21,9))
List((2,10))
List((8,0), (3 4 5,14 15 16 3 4 5 6 7), (3 4 5 14,15 16 5), (3 4 5 12 13 14,16 5), (3 4 5 12 13,16 5 6 7), (2 3 4 5,3 4 5 6 7), (2 3 4 5 6 7 8 12 13 14 23,5), (2 3 4 5 6 7 8 12 13 23,5 6 7))
List((0 3 18,0), (0,1), (9,11), (14,12), (5 9 14,13), (18,17), (0 3,20), (5,21), (3 5,22))
List((0 2 16 17 18,0), (7 8,1), (7 8 23,10), (2,11), (6,12), (11,13), (3 5 12 17,17), (3 5 12,17 21), (3 7 14 15 16,18), (13 14,19), (5,2), (0 2 6 8 9 10 12 13 14 23,20), (6 8 9 10 12 23,20 21), (8 9 10 23,20 21 22 3 4), (0 8 9 10 23,20 22), (8 9 10 13 23,20 3), (3 5 6 8 9 10 12 15 23,21), (8 9 10 15 23,21 22), (0 8 9 10 11 15 23,22), (16 17,5), (10 11,7), (18,8), (9 10 18,9))
List((1,11), (0,14))
List((2 9,0), (8,1), (7,10), (7 8 9 10 11 12 13 14 15 20 23,12), (7 8 9 10 11 12 13 14 15 23,12 13), (8 9 10 11 12 13 14 15 23,12 13 14), (8 9 10 11 12 23,12 13 14 15), (12 13 14 15,12 13 14 17 18), (7 8 9 10 11 12 13 14 15 16 23,13), (12 13 14 15 16,13 17 18), (8 9 10 11 12 13 14 15 19 23,14), (12 13 14 15 19,14 17), (12 13 14 15 16 19,17), (16 20,19), (5,2), (2 16,20), (2 4 5 7 16,21), (4 5 7,21 22), (4 5 7 20,22), (13,3), (11,7), (4,8), (10 19,9))
List((11,22))
