66940
59049
66709
94693
20411
19924
48395
78717
80824
53486
22933
87279
83577
60915
91237
28255
89386
39617
68088
3255
66237
64386
73410
40750
42857
70841
12304
40775
71097
20841
17139
24799
22948
83592
1650
91252
59079
5608
67616
88683
65534
31997
60468
63683
39170
69005
65790
14170
15534
74814
9981
71112
68774
49327
26178
87309
78054
13221
54905
56525
29187
59996
89831
4187
38467
61385
70896
7914
36385
67194
47747
76218
73880
18558
79689
28069
56540
23880
52351
32904
63226
6540
88251
34780
93086
72275
14615
41722
70193
25259
22044
52366
82201
14153
76648
19475
81970
28986
25284
55606
85928
56970
34308
1648
31970
62779
90763
38266
37779
68101
95208
14630
75274
9564
39886
11184
6995
48679
46341
42639
21828
54001
82472
81985
17639
55621
55134
85456
91265
26432
5621
26688
58861
24350
55159
56523
33374
30159
60481
90316
7010
70869
67654
12332
44018
20869
26191
87322
53298
74365
22745
77836
29918
94520
92182
13711
38480
63249
94058
70422
36398
19289
16951
13249
18571
79702
48893
28082
88726
31553
94048
86157
38239
90115
87777
84562
55604
4471
3984
32942
32455
94950
70437
6091
35926
66735
68586
68099
5604
14628
41735
19073
56081
20462
52148
81106
23933
30619
91750
59090
93114
36428
69965
3768
37792
94734
11428
39899
71585
62817
7008
69503
44990
21354
48461
80147
29014
24825
55147
312
91278
1932
81
60238
89196
85494
65560
62345
64196
30172
39196
14683
49840
78311
87335
51947
85971
78567
13734
72527
21394
47527
4931
3080
32038
90344
6551
94302
14211
46384
40344
8171
65600
31576
72773
42220
43584
20922
82930
79715
94548
94061
58673
36657
63277
89897
6591
38764
95219
44086
41748
79730
47326
75310
54012
29499
88292
63292
9821
7483
37805
34103
11441
43614
5401
66045
60492
11210
70003
65814
16532
45003
71623
54027
79283
59836
53796
2176
31134
59605
57267
89440
9836
87589
80672
1945
60738
89696
55672
89209
5416
2201
64696
30185
41547
71869
67680
45018
76704
74853
73489
42680
46382
21382
82513
46407
76729
76242
72540
85753
28093
87373
3580
1729
3093
30200
29713
37373
69059
33927
64249
71422
69084
67233
47786
13762
20935
83430
47555
77877
87388
5446
3108
31579
61901
58686
94074
92223
20473
29984
90628
4497
34819
61439
92248
91761
15628
45950
45463
39910
49421
48934
14910
58445
49190
48703
75810
12828
22339
29512
27174
57983
23959
54281
86454
25323
63305
91776
70965
44114
11454
74436
45478
64694
93165
91314
8008
47354
48718
79527
84849
50825
50338
29527
90171
25825
56147
85982
60982
59131
59618
19554
30429
7767
38089
33900
37858
16073
44544
12371
46651
46164
77229
21907
82551
29080
89724
4080
5444
378
95046
66088
60535
90857
71897
8915
14724
14237
74881
41113
71435
8453
36924
16113
78121
21435
82079
17246
24906
55228
1270
28377
56361
53146
79279
62170
60319
58468
54279
35319
1295
808
94112
11683
6617
6130
36452
67261
47814
78623
21450
53136
79756
78161
56863
82996
30012
29525
35334
40656
40169
13318
10103
4063
93178
11236
40194
7534
18409
16558
45516
22367
54540
52202
80673
351
89953
21905
93911
27714
91573
86020
36251
33036
32549
93680
34887
61020
42060
5698
16573
43680
72151
50853
80944
46920
80457
79093
50135
44582
48284
14747
3606
62886
30226
61035
10779
70059
64019
7333
66126
94110
8953
72812
69110
67259
44110
51770
19110
30959
61281
87414
86050
1770
93223
55497
37183
3159
62439
90423
67761
69125
13803
19125
49216
24216
79794
60347
86480
60116
89951
9860
70991
68653
66802
20529
81660
58511
58024
33511
31660
52727
61264
91586
87884
5942
2240
61033
43924
37884
18924
77717
43693
18693
18206
47164
78850
80957
25148
50404
55239
404
62899
92734
90883
8064
16601
66626
11304
10817
70097
48799
77270
23799
21948
52270
48081
57105
87427
85576
64278
62427
55510
93005
89303
85114
94625
8981
8494
73327
36965
67287
20989
19138
79782
74716
42056
17056
75849
49485
79807
62698
28187
56658
54807
66169
1336
94640
61980
35360
90451
10360
73342
71004
67302
65707
13600
74244
13369
52715
79822
56186
88615
54104
52253
27740
57575
4104
2740
67086
32575
93706
63384
95070
43937
72408
70070
14748
75879
24259
52730
77986
43475
49284
79119
45095
86779
84441
30970
92101
59928
93721
5739
37912
66383
87450
36317
64788
94623
93259
62450
50663
16639
45110
12450
23812
55985
21474
51796
82118
663
30985
58969
53416
34456
33969
27052
24714
23350
81656
60845
30036
7374
68018
3185
18018
78662
52298
51811
43043
74729
16192
17556
49729
44176
74498
48365
23365
22878
55051
51349
216
26836
26349
56671
5538
3200
66182
63844
8522
60398
90720
90233
37249
34911
93704
15951
42571
10398
71042
70555
18935
44191
43704
74026
52728
79835
90710
88372
33793
63628
58562
90248
56224
37264
75892
41868
24759
49528
11315
22677
18488
45108
86305
83090
80752
661
29132
86561
6470
67114
66627
2281
62925
64776
38412
37925
58992
7859
40032
7141
68272
37463
16652
48338
77296
20610
20123
52783
87940
23594
6485
36807
25701
21512
51834
59494
59007
41180
7643
77311
44651
20138
52311
84484
14098
40718
21758
19189
80320
81684
60386
58535
26849
26362
35386
10873
92584
58073
37749
33560
46773
74757
69691
21773
17584
44691
76864
27095
82186
79848
2095
28228
26864
58806
85426
61790
27766
92112
67599
3253
91881
38410
66881
17112
47921
13410
75905
45583
72203
74541
15030
45352
43501
73823
20608
92127
59467
2781
34954
91896
10441
40276
69234
59979
61343
9723
43516
72474
40301
9492
68285
51176
83118
84482
59482
25227
84507
51847
4416
34738
27334
7887
7400
66193
32656
12722
41193
68300
67813
75473
12747
74755
76862
88224
85886
51862
729
63224
60886
59035
37737
32671
32184
13224
43546
41208
69679
267
32440
92597
58573
68084
5102
33573
42597
72919
48406
85901
84050
83563
19704
30579
26390
87521
49308
78266
87290
86803
84952
53266
30117
60439
56250
67612
33588
65274
63423
92381
31250
9952
85916
48190
74323
21339
78281
76430
75943
28512
26174
22959
86818
85454
28281
88925
88438
25943
67627
63925
11818
72949
6752
71098
6265
37074
59992
45867
76189
9505
72000
18529
75958
25702
86833
54173
20149
50471
82644
59495
87966
84751
84264
79198
27578
57413
23389
31536
29198
60007
67180
65329
4198
63478
43544
37991
17180
47015
77106
10909
18082
79213
46553
75024
27593
54213
80346
59535
38237
32684
63006
93328
34048
13237
66477
64626
94948
94461
35924
37288
68097
73419
39395
38908
21799
18097
78741
44717
74552
25270
85914
49552
270
59550
91236
82468
28997
26659
3997
32468
5617
37303
67625
68112
12303
73434
18112
17625
14410
78269
17881
48203
14179
71121
17650
49336
78294
26674
56509
54658
83616
1674
31509
60467
92640
90302
87087
3294
2807
63451
29683
60005
4683
66691
10492
74351
10005
70649
80160
26202
54673
81780
31524
88953
19054
50740
48889
47038
23889
86384
88235
82682
85020
33400
36384
67193
95177
10020
41706
68326
18557
66731
45433
18582
18095
47053
23904
82210
32441
29226
27375
89870
268
28739
31077
57210
38250
1888
11886
36655
66977
93597
68597
34086
75283
10937
43110
20448
79241
32943
770
59076
57225
82481
24821
87316
23457
34332
3523
64167
62316
30630
5143
47960
36854
67663
69027
51687
51456
58629
5645
63951
37587
4927
3563
40340
19529
82024
49851
75984
57024
56537
81793
92668
56793
85264
27604
25753
57695
2373
93339
7695
16719
77850
37786
19313
42231
74404
22784
49404
48917
86899
61899
60048
86181
8428
36899
95205
13750
44072
9099
70230
47081
46594
75065
22081
2634
59089
23214
49834
80156
62816
7494
7007
66287
15154
11452
44989
73460
19989
18138
18625
48460
69527
17907
51700
85493
51469
90815
5171
3807
94286
5427
92204
90353
70906
65840
12369
10518
40840
82037
45675
75997
74146
24377
52848
20675
62359
31550
82939
81575
77873
28591
87384
83195
35764
61897
76730
74879
73028
51730
45690
76012
43839
77632
74417
51268
16757
88763
23930
54739
83210
63276
61912
59574
89896
94085
38763
69085
68598
33210
91516
65152
2170
62814
39665
45474
75309
41285
80631
56118
81143
55656
87829
54292
6374
86465
2672
821
32507
61465
60978
31143
89449
93151
38316
64936
64449
94771
12829
41300
20002
77431
37854
67689
18407
48242
75349
73011
23242
52200
19540
48498
54051
80671
27200
57035
82291
81804
2200
1713
3564
26482
24887
85531
33424
71893
39233
5209
75364
12382
44555
19555
27215
23026
53835
1728
62859
24646
22795
19580
82075
49415
60777
28117
56588
33439
94083
71421
38761
6588
67232
44570
40381
48041
11679
6126
15150
11448
43621
54752
86438
33454
16114
25819
88314
86463
88801
4521
63801
31141
36950
19123
83469
79767
79280
24445
82751
2660
22363
52198
78818
25834
4049
64462
13329
12842
73486
48973
16800
16313
11247
7058
74875
21891
84873
59873
55684
65195
362
29320
40195
6171
3833
64964
28602
59411
26751
5940
90866
9411
5222
65866
43204
41353
76510
25377
86021
21188
23039
377
24659
53130
47577
146
88774
33939
29750
65881
33221
13774
40881
73054
20070
48541
44839
10328
17501
47823
81616
78401
89276
63789
10805
26319
35343
36707
63327
89947
72838
6154
15665
78160
45500
53160
16798
28160
86953
3160
73996
50360
80682
56169
57533
89962
42531
38829
68664
36491
13829
70771
70284
51324
81646
43433
74242
8045
70540
37880
45540
43202
52713
20540
79333
80697
29564
86506
23524
4077
28846
40208
64490
91110
87408
32086
61044
91366
8937
71688
73052
82076
48052
57076
55225
23308
21944
84439
28630
59439
66612
32588
64274
30250
94596
3630
9439
64043
14761
45083
44596
75174
76794
74456
83967
51794
83480
47605
174
28645
26307
56629
32116
63802
29778
58249
88571
10818
90191
56654
86976
31167
61489
70513
17529
42298
72620
19149
81644
76091
26809
89304
24471
55280
85115
79562
76347
75860
21025
18687
49009
56182
84653
3198
65693
89975
17544
76337
70784
72148
21015
51337
9909
43446
17082
14744
75388
74024
23768
77008
27726
25388
56197
63370
388
59668
87652
32817
91123
36775
67097
34437
64759
9924
68717
13395
43717
75403
50403
86534
52510
55725
16148
55981
20106
60816
55750
32114
94609
92758
64287
39774
5750
69609
35585
14287
41394
74931
40907
43014
6652
67783
16163
78658
42783
25187
22849
48105
187
28658
86087
1807
64302
91409
37938
69624
62220
89327
88840
86989
56667
6898
32154
61989
92311
10369
71500
6667
67311
13840
74484
22864
48120
79806
56657
83277
15229
21038
1591
62235
25873
56195
56682
873
94177
62004
6682
70541
66839
76350
9666
39988
13137
11286
37906
19433
15244
85399
81210
49037
1606
29590
26375
63870
63383
71043
38870
6210
62921
41623
72432
68730
14772
43243
24283
20094
77523
27267
25416
23565
86060
25903
80507
76805
74954
21970
89787
55763
83747
64787
93258
30276
39300
7127
17125
16638
43745
74067
75431
34003
64812
92796
75687
12705
43027
16663
78671
19647
17796
78440
687
31009
57629
87951
26820
456
95124
28440
89571
3927
65704
63853
31680
9018
67811
47877
23364
47646
45795
54819
13391
75886
22902
52737
50886
93057
60884
89355
87504
1860
37504
46528
15719
46041
70810
13637
40257
15744
30090
85181
60181
8561
40734
3008
670
25439
87934
8099
38421
70594
18974
45594
45107
83089
56725
58089
87047
18999
49321
56238
53023
79156
22470
84478
3023
89800
4643
33114
13436
43271
11354
43527
37487
75469
50469
25469
59006
83775
2320
3684
32642
62477
28453
89097
11344
82180
92568
7411
37246
65717
79186
89830
21782
52104
87748
51386
253
1617
89368
54857
7426
3724
62030
12748
7195
6708
37030
8559
48392
76863
71310
6477
40270
77765
74063
24781
83574
79385
58087
82856
94218
12763
3021
6979
5128
93756
44474
40772
70607
69243
47458
50929
79400
26416
58102
17161
75954
24334
86342
61342
92151
90300
86598
57640
65300
63449
95135
41664
40300
66202
73375
77333
12500
50482
82655
27333
57655
86613
34506
65315
61126
91935
84531
82680
53722
251
61382
93068
32424
91217
87515
57680
62746
34044
71539
20406
48390
76861
44688
23390
82670
78968
78481
49779
76399
27117
21077
49548
81721
26886
68083
35423
1399
29870
92852
90514
71554
8572
66001
35192
15745
6977
5126
94728
63919
14637
12786
42621
40770
69241
15770
78265
75050
84074
2132
57223
34074
92380
60463
27803
63934
8125
51429
50942
49347
16687
45158
26198
22009
84991
82653
711
59991
27331
33140
67420
15313
44271
11611
40569
13718
18553
22024
81304
4684
33155
63477
62759
38246
7437
1884
93337
13246
72039
67850
18081
13015
51874
40768
48428
27617
55601
2130
5601
1899
9559
7708
39394
37543
48905
5626
73443
10461
74807
50294
48443
44254
53765
294
28765
91260
30129
54898
66260
62071
85476
94500
88460
6518
94269
13691
13947
74591
23227
21376
81533
22509
83640
31533
58640
90813
3318
61624
11855
8640
37111
66946
17664
47986
78308
6071
36393
43566
70186
20904
77846
26226
52359
86152
35019
32681
64854
95176
25277
51897
61408
93094
70919
4235
66730
13746
10044
41730
70688
19068
51241
47539
16730
22539
52861
82696
18606
82465
86423
31101
292
27399
89894
57234
87556
66745
2399
94729
39894
70216
67878
48918
11192
8854
69267
18134
80629
19498
75076
24820
55629
28778
25076
5629
87827
59125
7505
94769
94282
14678
41298
72984
47984
76942
25322
24835
55644
74860
73009
11878
21389
20902
17200
81546
48009
55182
52844
83166
3331
33653
94297
38488
68810
70917
65364
45917
10042
72537
72050
17702
17215
48024
55197
20686
51495
61883
26495
37370
90610
86908
86421
4966
32950
94081
92230
10288
6099
36908
93850
13272
7719
70214
15379
77874
13041
43850
73685
54725
23916
52387
79494
48685
21834
81114
54263
32965
63287
30627
60949
6114
64907
60718
9585
39907
5652
94767
44998
47105
16296
44767
57980
23956
51940
88071
86220
34600
1940
35964
25345
55667
23007
53329
30667
94526
39691
39204
70013
63973
94782
94295
12353
74848
38973
75104
44295
55657
24848
82277
44551
74873
51237
49386
53344
20684
83179
85030
85517
52857
95028
28344
39706
5682
34153
64475
67690
92228
4733
21417
17228
48037
52872
62383
26508
58194
90367
37383
2872
2641
32963
790
60070
70945
2410
63054
93863
15623
11434
68376
45227
77400
22565
18863
13797
72103
50805
81127
23954
54763
82747
1292
29763
93622
57747
38787
4763
69109
68622
38556
66540
95011
93647
42027
8003
72349
45498
69780
82993
81142
18160
85977
52440
51953
61464
27440
59613
85746
6142
59382
358
64217
61002
30193
88986
8895
39217
3342
12853
72133
22364
14960
14473
75604
22133
53819
84141
84628
80926
75373
73522
21415
51737
78357
53844
5695
5208
68190
64001
62637
14719
31597
41108
19579
19092
46199
76521
57074
83694
60314
88785
60570
7099
14272
11934
42743
71214
76536
47834
45983
17025
75818
11472
22347
81627
49454
33478
88569
86231
35098
34611
66784
4289
40420
41784
70742
2207
356
70024
15189
45511
75346
22362
18660
80668
22618
33493
833
63815
27940
29304
8493
31411
59882
25858
4073
93675
59164
89486
7544
38353
39717
34164
45526
71659
50848
45295
44808
75617
46659
86492
21659
18444
14742
44577
73048
78370
3601
62881
31841
6841
1775
32097
92254
41121
46930
45079
43228
20079
82574
18228
78872
85558
32574
91367
89029
55261
88567
94376
14285
20971
78400
79764
24929
17038
76318
24698
83004
77938
3169
1318
92284
89946
86244
36962
65433
91822
6665
13351
72144
21011
20524
17309
83506
58506
86490
82788
1333
61490
59639
34895
33044
65217
29342
384
59177
64986
73523
39499
14986
46672
78845
17970
48779
12904
74912
80721
78870
57572
53870
28870
36530
72174
65903
71225
23794
21943
15903
46225
23076
53885
89529
87678
89042
20994
51316
79787
3167
1316
33976
60109
10827
8976
38811
36960
65431
33258
11960
74455
71240
80264
74711
16174
15687
14323
78669
56653
60124
5289
42784
71255
3207
1356
31191
66835
76346
45537
72644
22388
81181
56181
22644
80950
3197
29330
86759
49033
78868
93701
9908
8057
47890
39999
81683
47659
77494
75643
14768
48561
88394
86543
34436
9436
3883
68229
41865
2288
7123
44618
51791
21725
52047
1791
80774
61327
59476
26816
1816
60609
69633
46484
12947
41418
44633
20120
18269
49955
46740
36998
44171
55533
81666
59004
35855
1831
64326
92797
27964
90459
37475
882
62013
63377
89997
37013
17566
42335
51846
84019
48144
78466
17335
79830
28697
57168
89341
85639
87003
54830
60639
90961
51384
83070
92581
28235
56706
88879
63879
69201
15730
40499
74036
77994
70103
49292
16632
46954
79383
29614
57598
425
30747
62920
9936
6234
37920
66878
15258
43729
12920
36812
6003
11812
9474
8110
66416
18985
14796
45605
24307
52778
82613
29629
23589
86084
34951
2778
62935
55531
21994
49978
696
61340
59489
59002
55300
2316
93282
30300
90944
11340
7638
39811
36109
5300
14324
11109
41431
71266
82628
71035
74993
84017
78464
55315
3695
93297
91446
58786
90959
28464
10868
37488
64595
6935
3720
32191
6704
71050
69199
17579
48388
44199
75008
51372
17348
94676
92825
26628
60652
29843
59934
3248
61554
71065
6232
68727
65512
13405
44214
51387
16876
47685
9472
70116
43752
24792
22941
83098
90271
87056
85205
88420
1412
33098
62056
90040
88189
4883
8354
34487
63445
93767
61107
91429
49320
43767
77304
50453
25940
82395
2304
93757
29411
55544
21520
85866
80800
82651
25478
89337
3693
1842
478
90957
41188
66444
77806
11609
43295
11122
20146
41700
72022
69684
77344
21535
51857
59517
26857
86137
53477
2344
93310
28477
90972
41690
64608
88890
37270
33568
40741
71063
46550
12526
76872
53723
81707
49534
24534
83327
1872
30343
56963
26154
30112
28261
88905
34070
92863
39392
17607
76887
44227
70847
76656
69252
46103
74087
83598
28276
56260
5127
90540
90053
69242
9987
68293
46995
77317
41442
20144
50953
78937
46764
60464
90786
25953
26440
52573
953
3060
59515
89837
4193
95159
91944
91457
61622
41688
70646
36622
77332
43795
11135
22497
52819
16944
48630
39375
69697
79208
86381
27357
57679
57192
84299
66703
9043
68323
37770
3746
34068
71563
69712
14877
45199
52372
80843
50034
48183
752
86165
1885
55125
85934
62785
60447
59083
37298
1910
1423
10934
71578
15769
73198
42389
72711
21578
9985
40307
74331
19009
84975
1669
56760
3289
10462
71593
38933
4909
35231
67404
29678
92173
8867
69511
36851
3314
63958
69024
12338
44024
42173
8149
13958
45644
77817
72264
29668
28304
88948
90799
22264
83395
84759
82908
60477
77355
26222
56544
61866
2842
31313
504
11379
41701
14850
18808
44941
10917
43090
70197
79221
56072
22048
86394
81328
58179
88501
89865
6559
2857
34543
63501
59312
10030
41716
70674
34312
7461
3759
34081
94725
93361
11419
10932
7230
22063
52385
17874
59071
55138
26923
28287
85229
7476
37311
34096
60229
43120
41269
39418
35229
16269
14418
75062
10229
51451
59111
55409
37813
10962
10475
39433
29691
8880
6542
3327
33649
72995
71144
8649
72508
74128
79937
77599
26466
79219
56070
86879
51004
88012
2855
93821
91970
8664
66970
15837
13986
17201
13499
74630
23010
13268
61894
60043
92216
29234
61407
54003
25532
84325
31085
61176
91498
91985
63283
88052
89416
1921
9581
72076
9094
48927
47076
76911
75060
50060
25060
23465
53787
54274
21614
52423
2423
18133
43389
71373
41307
69291
21629
84124
30166
25100
5166
60744
94281
41297
63728
92686
5191
12364
10513
11877
74859
85990
78099
85759
22546
33908
86661
33677
72536
68834
41983
45223
48694
61907
89891
6098
4247
31354
90147
7974
64916
47576
51047
84584
79518
82733
58220
84840
52180
25816
25329
87824
54287
82271
2667
93633
36460
32271
73955
70253
75575
75344
76964
75113
55666
23006
56799
66797
60757
43648
9137
28840
89484
66335
67699
53830
55194
60516
91325
49897
48046
28599
87392
85054
62392
58203
33203
8690
38525
48036
44334
13525
74656
76020
44103
76276
70236
49912
47574
46210
24425
87407
52896
83705
30234
60069
26045
67729
65391
11920
40878
73051
33474
63796
61945
93631
88078
7987
38796
6136
93400
45969
72589
40416
68400
17267
45738
77911
74209
43400
75573
49209
79531
31613
26060
86704
21871
16805
80664
52449
2193
33002
57771
8002
4300
5664
62606
93415
10986
41795
48968
17051
21886
18184
23993
55679
86488
89472
55448
3828
36001
32299
1746
64728
9406
7555
3366
34175
12877
41348
71183
18199
78843
74654
23521
51505
89487
25141
49910
48059
47572
81852
28381
14743
39512
71198
46454
72587
71223
15901
81867
26058
67255
64040
61702
92511
93644
59620
57769
6149
36958
32769
39942
20982
19131
79288
84610
81395
83246
79057
49222
50586
58246
22858
51329
83015
59635
89957
6651
32784
93915
40444
39957
13362
11511
75370
71668
78841
76990
84650
21668
2708
91823
139
61270
62634
23057
5948
64254
94576
95063
9419
37890
68212
65874
73534
18699
14510
55707
82327
19601
51774
84203
2261
32583
39756
66376
94360
42740
73062
8716
48549
70980
65914
40427
21467
48087
15427
26302
24451
85095
79542
30260
89053
84864
35582
1558
59864
32136
41160
65442
42293
40929
79788
24466
21251
53424
18913
49235
83746
1317
22871
55044
18682
16831
77475
28193
5044
94159
93672
27962
6177
65457
91590
13606
47143
11268
68697
75870
72168
16846
44830
55705
83299
90472
57812
88134
86283
69174
66836
32812
93943
86052
93225
8068
17092
13390
75398
39523
49034
79356
15010
14523
23547
53869
80489
23316
48085
78407
29125
26787
57109
33960
30258
59216
68240
67753
65902
31878
11067
41389
37200
48562
14538
46224
77033
67778
74951
71736
82611
82124
15927
46249
29140
55273
2289
27058
57380
56893
9462
7124
3909
66404
1571
67768
26340
86984
64322
65686
60620
60133
40942
38604
26817
57139
52950
72653
51355
83041
81190
49017
47653
28206
27719
25868
5057
33041
60148
8528
38363
12486
40957
10148
48130
10404
72412
70561
17577
75883
22412
19197
49519
52734
58056
60163
27503
90485
55974
8543
35163
61296
58081
57594
25421
908
32594
30743
93238
34214
66387
45576
75411
81220
79369
77518
18238
16874
49047
54369
20345
19858
50436
82609
29138
923
89551
7609
13418
49062
48575
18253
12700
39807
37956
67791
46980
16171
44642
73600
71749
74964
46749
29153
23113
30286
59244
26584
7624
7137
37459
35608
64566
30055
60377
91186
94170
10633
40955
47641
55301
53937
51599
24748
21533
51368
22666
5070
4
29839
27988
4839
67334
69185
63632
65970
2988
14350
48143
47681
47194
26383
85176
28003
91862
90011
88160
86309
4854
88416
65267
61565
61078
91887
59714
6730
17605
47927
74547
9714
15036
56233
81489
75449
52787
18763
27787
59473
84242
82391
4407
68266
5771
15282
45117
43266
13200
50464
49977
19655
17804
48613
8124
30555
6042
60646
13215
7662
72008
37497
35646
71777
17819
80314
21290
82421
80083
78232
42357
88876
1381
8554
6703
38645
9943
72438
72694
21074
263
23181
55354
85676
3734
30354
92849
29867
89147
67849
30123
29636
58594
90280
934
63429
92387
91900
63916
40767
69238
74560
13454
22478
88444
4164
93766
61106
57404
94899
43766
13213
72006
22006
50477
84757
32650
93294
246
30568
91212
87997
86146
66699
71534
73154
71303
51856
46790
86136
21790
82434
17601
78732
76394
82203
81716
25030
85674
62525
9541
68334
64145
16714
63914
92872
71574
46087
44236
83582
78516
58582
55367
83838
81500
92862
69713
31500
59971
56269
94251
90549
40293
71102
46102
42400
43764
20615
79895
49086
26424
56259
22235
49342
17169
77813
75962
24829
50962
29664
59986
34986
62093
93779
68779
35242
36606
67415
93548
13457
42415
12093
41928
70399
74101
32673
63482
64846
38482
36144
17184
47506
75977
12995
41466
18804
48639
56299
53961
35001
33150
490
61621
29448
90092
89605
8150
27366
88010
86159
85672
34539
34052
61159
5837
66481
64143
14374
52843
20183
82678
77612
56314
19952
50761
21572
84554
27381
5596
3745
530
30365
41727
9067
37538
14389
75033
10456
6754
46100
44249
12563
75058
78042
24571
1678
34107
1447
10958
42644
6769
44751
12091
40562
17900
78057
76206
49842
49355
26693
3313
33148
59768
40808
15321
35024
61157
44048
11388
19048
47519
75990
77123
27841
52610
4692
65823
2841
1477
93807
88741
40823
63741
33188
40361
9552
7701
77856
71816
80840
46816
24154
20221
48205
78527
59567
86187
5609
34080
64402
92873
69724
10700
39658
63940
67411
79260
73220
80393
79029
28773
558
62566
59351
91524
28542
83633
327
60971
26460
56782
85253
66293
62104
12822
43144
17657
44277
70897
53788
59110
26450
26937
49368
21153
54946
61632
38483
37119
5202
35524
19061
46168
24383
55192
51490
18830
19317
77623
26490
24152
87134
1490
61647
91969
29730
61416
38754
67225
64887
30863
95209
72060
68358
13036
72316
79489
75300
16763
81109
50300
82242
84349
2894
65389
4258
67240
93373
40389
9580
94993
47562
45224
42009
11200
75546
37820
64440
25802
79042
55406
2422
64917
95239
64430
28555
91050
55175
85497
81795
2191
340
1704
89455
87117
5662
66306
1960
63968
37604
71141
67926
78801
12117
42439
76463
51463
79934
29288
18182
82528
48504
17695
55677
30677
30190
60512
57297
87619
56810
1975
29959
37132
65603
46643
63521
39008
70694
68843
71181
17710
19074
43843
72314
24396
85527
56338
54974
87147
4718
92469
22570
52892
83214
33445
1272
88536
6594
67238
66751
13767
39023
17725
48047
15387
45709
23047
49667
16776
77907
76056
54271
85080
82742
29758
36931
67253
1056
41766
36700
77897
13064
45724
45237
6147
7511
68155
34131
64453
10982
41304
46626
78799
48733
79055
23733
85741
3799
93401
29055
24866
32526
29311
62848
59633
9864
35997
34146
43170
38104
69790
67939
70277
37617
13104
42939
52450
71179
39006
17708
85781
1988
64483
90616
6823
37632
37145
16334
4741
35550
33212
63534
17723
47558
86027
383
87647
62160
29987
94333
56607
92738
90887
89036
35565
65887
8714
67507
42507
43871
22573
53382
81366
39938
51300
79771
84606
61457
88564
55904
86713
88077
57755
2920
92035
70737
5904
64697
37846
68655
44142
51315
48977
14953
45762
73746
56637
23977
597
53837
93670
6175
36497
63117
46654
44803
75381
41357
16357
48043
2232
56836
3852
93454
92967
74007
41834
5472
68454
67967
9430
68223
67736
45074
73545
39034
28149
89280
1785
60578
26067
7107
39280
6389
68884
17264
19371
81866
51544
45504
20991
28651
26313
54784
3651
30271
90915
60106
88577
7122
3420
36957
65428
70750
8024
34644
15684
9644
51328
18668
74246
24477
84634
18437
56419
89956
84890
55701
52486
51999
29337
93196
57808
68196
63130
93452
18196
80947
43708
11048
16857
77014
25881
84187
82336
2732
68698
93467
70318
35807
69600
94369
74922
39047
78393
21220
84202
81864
58715
5731
87442
55269
1798
60104
89062
9458
67764
74706
25424
21722
51557
80515
50193
44640
70773
76582
85606
51095
56904
86739
5284
37457
67292
94399
92061
73101
71250
38590
67548
42292
60144
90466
34657
32806
13359
74003
72152
21019
58283
88861
33539
2730
29837
59672
4350
34672
63630
65481
13374
43696
41845
72167
38630
68465
14994
13630
52489
13399
43721
18234
48556
44854
23556
84200
82349
30729
57349
25176
8067
2027
30498
62671
7836
64291
93249
91398
5754
36076
34225
64547
39547
18736
80744
44869
23571
82851
50191
56000
76580
59471
23109
87455
1811
447
41413
8753
71248
44884
73124
10142
49488
30297
26108
7148
2959
93925
40941
8281
94181
10875
71519
6686
39346
46032
21519
47652
78461
15479
28461
24272
84916
77999
60403
27743
28230
31214
58321
33321
43709
72180
19196
24031
52989
15263
21718
63889
29378
36551
3014
66873
34469
32618
93749
90047
7618
36089
64560
11576
81244
45369
54393
55757
82377
29393
91888
25204
78444
87468
34484
28931
59253
66426
93046
75450
69410
76583
75219
73624
82161
48137
57161
84268
4177
62483
93292
89590
64590
39590
71763
3228
10401
67830
76854
68963
17343
51136
80094
1854
58796
49541
81714
54863
1392
31714
32847
40994
42358
51869
78489
47680
15507
75920
83093
25920
94224
63415
67373
93506
8349
70844
6011
40291
7631
39804
12953
43762
40060
75704
50217
80539
448
61579
56026
89563
18300
49986
27324
86604
55795
93777
59753
95141
68777
94910
40075
68059
75719
75232
55810
53959
85645
81943
2339
1852
62496
28959
3959
36132
33794
94438
93074
42818
35901
33563
90992
92356
71545
14372
13885
44694
51867
26867
55825
86147
53487
83809
28974
87767
82214
83578
78025
54876
31727
92371
67858
35198
67371
13900
75031
73180
39156
17858
74800
44247
45611
19247
18760
49082
79404
84726
2784
62064
35213
44237
11577
41899
59751
59264
40304
7644
70626
6280
15791
47964
74097
72246
81270
75717
25948
81039
90550
25717
52824
52337
22015
55808
54444
2337
90088
36617
3957
34279
11617
40088
20641
81285
44923
75245
75732
73650
42841
71312
22030
18328
25501
55823
32187
30336
56956
34294
66467
94707
10914
41723
14872
13021
73665
81971
2367
60673
91482
21096
51418
89400
24567
22716
31740
58360
13913
41020
44004
74813
6278
17640
75946
52797
89415
87077
83862
53053
31755
62077
92399
94737
4904
35713
63697
10713
37333
36846
91937
6293
44275
75961
74597
22977
53299
76217
26448
84754
82903
50730
62092
28068
79457
24135
54457
86143
64845
90101
40332
94936
45167
11143
41952
69936
20167
39870
68341
15357
47530
45679
22530
18828
83174
77134
56323
54472
2365
32687
59307
34794
2134
32712
66249
1903
13265
39885
71571
37547
45207
12547
77380
22058
42
27149
82240
83604
25067
89413
5620
64413
63926
92884
41751
72073
69735
41520
71611
69760
19991
16289
14438
21611
53784
28784
26933
89428
56768
3297
62577
30404
94519
56306
7024
67668
4686
62115
93801
90586
90099
50974
26461
56296
84767
3312
21164
54701
81808
49148
29701
27850
54957
63981
12361
40832
71154
70436
19303
20667
15114
39883
19072
14883
18841
48676
77147
25527
59320
89642
4254
93369
11427
39898
7238
13047
73204
22071
18856
26029
24178
1029
63524
82740
89195
36211
95004
43384
69517
80392
14451
72757
51459
83632
57268
85252
63954
92425
58888
90830
58170
86641
6550
71639
40830
72772
51474
80432
78581
81796
53094
1961
64456
1474
26730
51499
56334
86656
84805
15845
46167
13994
10292
40127
45936
72069
43854
74176
85051
29729
26027
55862
82969
33687
31836
61671
59820
88291
34820
94100
90398
89911
61209
9589
39911
38547
8225
46853
82984
52175
2893
22109
61455
91777
30646
89439
87588
6133
1944
32266
30415
60737
89695
35737
64208
94530
14926
41059
19761
6804
37126
48488
77446
25826
59619
91561
37603
95032
62372
7306
37628
69314
12141
26487
57296
3338
76025
26743
23041
53363
32065
90371
7065
35536
2876
1025
29983
59818
46667
74651
44585
74907
45718
74189
24420
18867
49676
54511
92493
29511
93857
69344
67493
27916
36940
34602
91544
13791
11453
72584
67031
36222
17031
25568
84130
19784
30659
28808
86237
61724
42277
40426
7766
11724
41559
45517
73501
16328
48501
56161
52459
17948
25121
55443
62616
89236
39954
87641
7063
92963
69814
42963
44327
70947
17963
80458
89969
23285
85780
78376
23054
28863
61036
54996
32334
64020
9185
37656
44829
44111
70731
78391
45731
77904
81862
51053
30242
27904
94357
60333
88317
10564
8226
37184
38548
31144
92275
56400
88086
6631
36466
65424
93895
72110
17762
78175
26555
79308
22622
20284
6646
2944
36481
606
30928
92059
42290
40439
39952
67059
36250
74232
71894
20761
71663
14490
23514
51985
82794
89967
55943
84414
64967
94802
91587
59414
91100
36752
36265
28861
9901
34670
32819
32332
92976
13141
52000
29338
25149
55958
15894
80240
44365
26769
82347
83711
62900
57347
87182
7578
92991
10562
40884
73313
78404
44380
74215
51066
24702
5742
3891
64048
93006
71221
33982
90924
60115
67775
67288
33264
2942
92544
40437
15437
44395
74717
42057
72379
30270
58254
89063
20297
80941
60130
56428
55941
36494
66816
63601
61750
2470
11981
70287
68436
39734
71907
34181
94825
46030
13370
74501
79823
49014
22650
52972
81443
50634
58294
23783
86278
1121
32807
40467
7807
2741
93707
28874
59196
89518
36534
4361
62667
94840
69840
18220
14518
21691
52013
17989
79120
57822
21460
44378
23567
55740
90897
37913
93004
11062
9211
69855
15020
73813
14302
10600
14071
44393
85590
50202
61077
27053
91399
5755
64548
93019
88830
9226
3673
33995
30293
3442
93921
92557
13830
78432
83267
80052
49243
27945
58267
88589
50863
77970
53457
85630
85143
83779
34010
60630
56928
94423
92572
40465
70787
72894
72407
70812
51365
81687
77985
75647
20325
50647
83307
60158
86291
8076
36060
32845
64531
63167
43720
11547
41869
18720
79364
73324
26380
53000
52513
79620
26149
27769
58091
54389
52538
59711
28902
91884
36075
66884
65033
30522
94868
41397
7373
68504
36100
34249
94406
45124
11100
78430
21257
85603
60603
89074
215
65925
94396
1835
92801
28455
60141
87248
5306
67801
33777
65950
12966
12479
10628
50461
17801
49974
44908
78932
24974
23123
78214
58767
26594
82172
77983
57172
55321
52983
81454
30321
60643
26619
58305
86776
7172
37494
3470
92098
42816
12263
4859
42354
74040
21056
17354
15503
45338
24040
51147
60171
37022
1634
64129
94451
62278
65980
33807
5105
4618
33089
94220
29874
10427
67369
93502
13898
15031
74311
18271
16420
52551
931
444
29402
91897
59724
89559
7617
36088
43748
7873
9237
15046
7642
69650
3453
14815
14328
44650
78930
25715
32401
91194
81939
28468
9508
36128
94434
10641
80796
14599
53945
53458
52094
84267
78227
87020
37020
67829
31954
93962
68962
76622
71069
69218
50027
47689
76647
46325
84953
94464
90275
929
94233
60209
29400
91895
68746
44233
40044
69002
70366
22217
53026
79159
29877
52308
44904
75226
86588
86101
35224
2564
33373
4415
34737
9993
36613
15315
73621
18299
45406
14597
22257
50241
85885
2579
65074
94909
91694
23646
86141
64843
62992
28481
73636
55809
54214
50025
4214
30834
57454
87776
56967
5834
3496
33818
92611
14858
67611
14627
40760
14396
44231
75040
51891
19231
49553
48189
21338
1891
31726
26173
29644
88924
87073
54413
57884
41908
80377
78526
45866
79659
41933
53295
83617
81766
20635
58617
24106
33130
94261
90559
35237
63221
74583
17410
9519
34288
17179
15328
45163
12990
75972
56294
81063
82427
91451
57914
56063
36616
3956
25510
23172
2361
63492
61154
66963
93096
9790
70434
47285
48649
82929
21567
82211
83831
30847
28996
89153
9549
68342
35682
66004
39153
48664
10938
4898
37071
69244
16260
44731
41029
74566
19244
44013
25053
57226
540
30862
27160
28524
85466
38035
68357
33846
64655
34102
1929
62573
60722
28062
58384
14424
44746
41044
74581
69028
19746
80390
78539
78052
74350
26919
21366
53539
49350
83143
17433
49606
52590
2821
61614
90085
94043
13952
38721
59301
10019
66961
34301
66474
48001
47514
12126
72770
70432
83645
18812
19299
22770
2836
25754
88249
4943
36629
67438
60034
53994
4712
6332
45678
15125
78984
22298
52133
80604
25051
30860
29009
28522
89166
1671
62802
11669
43842
9331
10951
72082
38058
41273
71364
78537
27404
53537
82495
80157
68370
60966
28306
59115
34115
94528
94041
74594
40570
17908
13719
44528
20892
15339
77834
72281
22999
20661
51470
81305
75752
87114
3808
32279
60750
88734
40585
70907
93825
40841
66974
17205
74634
83658
56320
52618
59791
57940
56576
59560
55858
93840
29007
9560
70691
76013
45204
18840
49162
47311
46824
77633
76038
24418
82724
48700
52171
82493
32724
551
88302
65153
93137
13533
63071
13302
9600
72095
41773
37584
68393
11220
41542
19757
51930
21377
2417
29037
7252
47766
78088
25104
87599
34128
58410
5913
22110
23243
12137
44310
26483
3821
92449
58425
88747
9143
3590
74622
8912
64003
65367
46176
74160
81820
81333
49647
79969
56820
53118
90613
25780
88762
28374
60060
37398
35060
65869
90638
6845
67002
74175
81835
79497
78133
79753
74200
73713
22580
22093
83224
49200
29753
88546
4266
29035
59357
10075
7737
38059
92919
13315
39935
71621
70257
66555
71877
50579
48728
27917
88561
55901
88074
83008
31388
63074
61223
27199
63561
10090
85761
5670
2455
117
93421
32290
30439
41801
41314
7290
14950
45272
75594
80916
21892
50363
16339
46661
78834
42959
84156
48281
80454
17472
88991
53603
24645
55454
83438
3834
1496
63991
62140
92462
89247
29967
9156
8669
75122
41098
33694
94338
43205
42718
7330
37652
67974
48527
78362
73296
51998
51511
53362
26511
56833
22809
3362
147
30469
94815
33684
26280
81371
30238
56371
54520
84842
4751
35560
1049
90651
39031
38544
67502
13544
11693
15164
47337
26526
66553
45742
43891
41553
52915
52428
18891
83237
29279
26064
52197
63559
10088
70501
30924
13815
74459
9626
5924
17286
47608
20757
18906
48741
27930
25592
54550
52699
55914
27699
90194
92045
91558
28832
59641
55939
3832
2468
93434
11005
72136
75120
75376
20310
17972
48294
88127
84425
83938
2483
32318
3616
10789
8938
37896
3385
64516
90649
73053
67500
82333
28631
91126
28144
53400
90408
65408
42515
40664
71473
72837
43879
28877
74713
55266
22606
53415
56399
33737
60357
88341
8737
40423
65192
36490
61746
44150
36259
82778
27456
605
93909
31414
30927
29563
23523
53845
82803
61505
30696
57316
88125
6183
1117
32803
11505
8290
41596
52958
18447
16596
78860
75158
52496
19836
82331
876
89991
86289
23307
69826
64273
3885
67744
62191
12909
6869
46215
27024
53644
83966
2024
53413
82371
30264
91395
36073
33735
94866
94379
11073
10586
71230
44866
44379
73337
21717
17528
38595
47619
55279
19404
83263
3428
94394
69394
94163
76567
2966
63610
11503
40461
7801
36759
38123
14097
77956
24485
85385
86749
2956
31427
87005
1361
874
29345
90476
59667
86774
93947
11518
68947
67096
47649
52484
81442
77253
72187
9205
70336
20567
49038
16865
54360
21700
82831
79129
59682
57344
63153
91624
89286
5980
66624
47664
5749
3898
41880
40029
72202
73822
52524
82846
80995
27037
25186
65019
64532
59466
91639
24955
55764
86086
49724
87706
7128
68259
90690
40921
71499
21243
52052
76821
10137
70781
72401
85614
19417
77723
30292
57399
56912
5779
36101
10614
40936
37234
15936
9019
37490
4830
33301
13854
13623
44432
19432
83778
17094
28456
26605
56927
22416
53225
31927
22672
31209
4845
6209
33316
2994
63151
8316
68960
67109
66622
95093
15489
15002
18960
47431
19216
18729
49051
76158
20836
902
2522
65504
92124
91637
90273
8331
36571
36084
66406
72215
7382
7869
76819
27050
25199
56008
51819
24968
21266
1819
34248
94405
70379
15057
50701
78685
75470
73132
78941
55305
30792
30305
87734
32412
239
94420
90718
90487
86785
9032
69676
94445
93958
12503
67107
15974
47660
42107
24998
83304
28469
56940
84924
22685
23
86800
37031
1156
12518
70824
6478
14138
21311
51633
11569
72700
40040
74064
19229
17378
50915
75684
20849
90030
84964
29155
59477
40517
67137
34477
61097
9964
5775
36097
63204
94890
72228
78914
44890
51186
60210
54170
84492
84261
82410
30790
93772
59261
5790
37963
32897
64583
66921
93054
41921
74094
7410
37732
35881
66203
47243
24094
12988
71294
78467
84276
83789
21294
30318
2103
94920
91218
35896
63880
60665
75498
39623
16474
11
27118
36142
25036
22698
34060
60680
60193
87300
67853
10680
42366
67135
48175
45837
78010
11813
76159
53010
44242
51415
18755
15053
24564
62059
86828
3035
94001
34977
65299
60233
91919
40786
34746
46108
12084
40555
70390
38217
68539
18770
79901
79414
45390
83372
84736
79670
79183
25968
57654
54439
84761
23630
55803
2332
481
93785
55572
36125
66447
62745
93554
70405
68067
47256
46769
44918
24107
52091
18554
11150
10663
71794
18323
80818
80331
50009
77116
56305
29454
89611
36627
94933
11627
11140
41462
38247
68569
71784
64380
28505
58827
68338
94471
92620
12529
42851
39636
39149
16487
77131
76644
44471
19958
51644
49793
24
53264
85437
79884
83842
81991
20860
30371
29884
91015
90528
87313
92379
56504
3520
33842
64164
69486
48188
47701
19973
46593
72726
51915
26428
55386
85708
31750
58857
57006
86841
35221
66030
63692
92650
10708
65799
31775
31288
10477
37097
36610
66932
94039
41932
40081
40568
49105
79427
15081
22254
19039
18552
59749
25494
24130
93798
27601
27114
6790
3088
13476
43798
10261
40583
16947
15096
24120
75996
41485
71807
52847
79467
14634
55831
52129
996
89624
63029
91500
5856
36178
9327
16500
14162
44484
84317
80615
78764
80128
28508
28764
59573
87557
82004
2400
93366
60706
91515
71837
16515
46837
78523
16284
74590
21606
19755
82250
21119
76697
20888
32250
60721
92894
38705
3317
69514
33152
35490
61623
91945
68796
70903
49605
74861
25092
79696
32265
26712
91058
56547
54696
24630
53101
90596
57936
74620
17447
44067
43836
11176
41985
51009
78993
44969
56331
84315
1009
28993
91488
4480
91744
32720
93851
91513
89662
11909
67000
68364
43851
9827
74173
49173
48686
77644
19984
82479
82966
88288
50075
48711
76695
85719
83868
21373
75
93379
41528
7017
20230
67430
76454
41066
70901
49603
78561
26454
87585
32263
92907
89692
91056
7263
11221
41056
1479
39461
38974
67445
14461
12610
15594
85749
32278
90584
55196
18834
79965
58667
24643
87138
85287
22305
82949
83436
92460
59800
36651
33436
32949
10287
44080
36189
43849
78129
24658
86666
82964
90624
6831
65137
63286
4749
2898
33220
93864
29031
90162
68377
66526
93146
13055
45228
50550
79021
75319
55872
90152
59343
17915
79046
48237
1939
88
60732
57517
38070
68392
36219
95012
70012
48714
79036
77185
5435
37608
16310
47119
75590
42930
14459
71401
51954
82276
25590
88085
51723
82532
83896
92920
57532
36234
66556
32045
95027
92689
53112
1979
33665
128
60772
30450
89243
94565
44309
41094
71416
69565
46416
15607
13756
53589
53102
80209
1969
32291
53358
81829
83193
51020
56829
87151
33680
28614
94324
89258
58936
69811
39002
14489
10787
40622
15622
79968
46431
44580
36689
74671
74184
18862
45482
24671
1035
29506
25804
4506
65150
63299
4762
2424
31382
63068
11935
39919
15406
14919
45241
72348
17026
15175
53157
20497
1537
30008
61694
88570
32761
57530
4059
68405
15421
45743
7530
7786
7299
37621
47132
50603
54074
80207
116
30438
38098
66569
87636
54976
87149
24654
33678
60785
71660
69322
3125
16825
75131
44578
26982
52238
89015
22818
56842
5709
30478
58949
90635
9180
8693
3627
12164
14271
78617
40404
67511
48064
43875
19362
18875
58708
82990
86461
8708
92270
35584
33733
1560
1073
4544
68890
17757
15419
13568
70997
80021
17039
45510
85343
81154
31872
62194
22130
51088
25601
1088
33261
65434
59394
27221
70756
68418
15434
9881
40203
47376
7799
7312
16336
80451
78600
24252
54574
1103
63111
27723
29087
38111
65218
25641
57814
63136
60798
9178
48780
80466
57804
86275
49913
72831
82342
28871
26533
56855
53153
30491
94350
62664
35813
12664
73077
78886
72846
21226
50184
78655
56870
83490
3399
6870
90919
86730
64068
65432
92539
61730
93903
40432
21241
20754
15688
24712
21010
85356
83018
22630
22143
49250
48763
56423
88109
30936
8274
36745
67554
74727
49727
10150
39985
13621
13134
24496
22158
50629
80951
77736
82571
90231
89744
36760
66595
62893
34678
65000
64513
654
58960
11529
68471
67984
94604
16851
77495
14513
71942
73306
52495
25644
85801
43009
44373
12200
73331
82355
90015
63164
93486
64528
58975
35826
12677
73321
48808
9231
69875
6893
69388
17768
48577
44875
52048
18024
80032
78181
25197
26561
87205
83503
30032
60354
65676
56908
35123
1099
63594
31421
68916
65701
65214
40214
51576
48361
78683
81898
28914
55047
53196
44428
24494
85138
18941
79585
27965
33774
33287
93931
90716
90229
35394
36758
15947
71038
40485
14998
43956
74278
20320
47427
54600
23791
52262
82584
2980
91608
6451
36773
2749
30733
59691
25667
25180
55502
86311
6220
66864
8327
72186
40500
75657
22673
54615
84937
86557
54384
61557
59219
87690
2046
32368
58988
70350
5517
3666
12690
12459
10608
73590
71252
41417
68037
78194
89556
87705
56896
63192
93514
89812
70365
68027
7152
35623
62730
91201
12474
69903
18283
15945
72887
25225
55547
56911
82167
76127
22656
81936
80085
49276
89109
83069
94431
60407
5085
35407
67093
71051
21282
63160
12027
10176
9689
70820
8325
20820
81951
49291
28480
26629
86786
3480
64124
92595
58084
1398
60191
88175
86811
40026
38175
13662
47199
20835
52521
79628
26157
88652
58330
79166
28910
90041
87703
85852
63190
64554
40041
6017
70363
45363
73834
22701
32406
39579
77561
44901
52561
50710
18537
941
27074
89569
34734
9734
7883
37718
479
30801
93296
62974
56934
37974
32421
62743
37743
37256
66214
48618
74751
71536
71049
48387
76858
87246
74289
19454
81949
5816
35651
2114
30098
10651
8800
35907
44931
42849
40998
67131
17849
76155
20833
83328
81477
79626
22
88650
94459
93972
29626
58097
92377
28031
27544
56015
86337
3031
1180
40039
74319
20848
79154
86814
81748
47237
75708
73857
54410
85219
81030
29410
90054
86839
86352
63690
89823
70145
66443
32419
71765
13228
75236
79194
53707
3938
34260
32409
64582
93053
91202
40069
62987
56947
55096
89120
5327
1625
33798
94929
43309
10649
71780
39120
18796
52589
21780
78722
50020
78978
55829
32680
26640
24789
56962
85433
32449
37284
67606
65755
42606
35689
4880
64160
3029
42862
44226
40524
70846
75035
19713
50035
14160
78019
72466
53506
53019
83341
24804
55126
83597
1168
10679
37068
71348
70861
6515
78521
42159
20861
19497
19266
45886
45399
75721
22250
85232
82894
952
27572
58381
3059
29192
92174
42405
11596
68538
4192
13216
11365
70645
37985
63241
62754
93076
7432
13241
84760
18076
29925
90569
6776
3976
34785
94942
60918
43809
43322
79453
46793
18578
50264
52371
19711
25520
21331
85677
83826
57462
56975
7693
3991
34313
71321
10933
35702
67388
73684
39660
71833
39173
25535
55857
51668
26668
55139
5370
30626
64419
60230
5395
63701
17890
15552
53534
17172
47981
79436
77585
45412
54436
79205
31774
29923
65080
734
93551
67187
76211
42674
36634
46145
7932
21145
45914
47278
29451
86880
22303
86649
88013
57460
85931
6327
3989
2138
66971
94955
91253
68591
73913
20442
50764
78517
14171
21831
54004
1020
29491
59326
88284
94970
9813
35946
13284
44970
70226
44739
78532
25061
59341
26681
58854
62812
32003
85243
51706
34110
31772
87350
9110
37350
69036
17416
46374
74845
72507
78803
70912
19779
82274
17441
79936
87109
51721
51234
32274
62596
60258
88729
3572
1234
17431
10514
67456
9796
21158
49629
18820
17456
45440
52613
90595
4464
32935
63744
86662
52638
84324
82473
54002
63026
29002
90133
6340
9811
13769
13282
73926
44993
26033
86677
82975
30868
61190
90148
25315
56124
91999
63297
64661
38297
68132
9595
7257
37579
13066
44752
10728
73223
39199
69521
78545
86205
78314
59354
89676
25330
55165
67014
2668
93147
23248
86230
84379
53570
99
62594
92916
57041
7759
70254
5421
36230
66065
71874
41065
48238
14214
73494
21387
70925
78585
57287
51734
82056
53098
1965
32287
1247
94551
61891
92700
41080
37378
57958
8676
6338
37147
63767
93602
44320
68602
26980
55451
1980
60773
29964
3600
33922
32071
62393
92715
24667
56353
87162
86675
31353
92484
37162
67484
33460
36675
74657
40146
70468
17484
79979
43617
50790
77410
75559
73708
20724
50559
16535
79517
22344
21857
55881
82501
25328
4517
36690
94996
71847
89699
9608
67037
45252
18888
50574
56383
25343
63325
55434
86243
3814
29070
60756
87376
37607
64227
14945
11243
43185
73507
83895
75127
42954
50127
48276
47789
51491
20938
31813
58920
87391
34407
66580
66093
64729
41580
7556
37878
10540
7325
44820
19820
51993
78126
76275
85299
51762
32315
58935
90621
56597
64257
24193
5233
1044
58473
6853
8217
4515
6366
67010
17010
13795
44117
45481
78141
24670
22819
82976
11226
70506
77679
24695
55017
83001
90661
88810
8719
39041
35339
33488
9852
40661
72834
59390
11959
38579
68901
95034
13092
75587
9390
76074
70521
17050
75843
75356
26074
86718
52694
81165
36231
76745
21423
4314
28596
26745
35769
9405
73751
68198
48751
14727
46900
83031
18454
80949
79098
78611
27478
26991
32800
63122
92957
58933
28611
38122
36271
33933
62404
11271
7569
37891
67726
11040
66131
41131
21684
15644
78139
23304
2006
26288
4990
26544
26057
89039
85337
34204
30502
64039
92510
39039
67997
37188
37675
14039
10824
85814
14064
70519
24221
33501
91807
10352
70509
31419
29568
6419
64725
95047
43427
9403
71898
70047
81409
50600
77220
25600
83029
82542
59880
93929
92078
70780
62889
95062
9418
17078
75384
73789
42980
80962
17980
78624
82326
57813
88135
87648
52260
91119
67970
93226
64524
94359
60335
63806
94128
75168
52019
54126
93472
27275
57597
28639
80028
57366
83499
31879
60350
7366
39052
75183
41159
10350
49696
80505
25183
46250
76085
21250
22614
45532
25854
56176
67538
2705
67051
31176
44876
1110
31432
94414
63605
8283
38605
15456
46265
72885
42076
81909
81422
80058
17563
54571
26356
88364
29340
90471
57811
25638
86282
4340
63620
59918
59431
67091
95075
45793
9431
26115
16373
13158
10820
73802
71464
52504
46951
16142
35164
63635
93957
11784
43470
37917
68726
65024
2042
38173
15024
21710
18495
79139
53652
32841
181
29139
30503
91634
86081
437
83512
32379
31892
92536
69874
68023
35363
35850
38834
47858
78923
14090
48370
25221
22883
84014
1585
62716
64567
92551
89336
9245
3205
67551
94171
14080
75211
71509
14105
44427
40238
15238
26113
56922
48800
84931
52271
32824
59931
92104
6460
67591
42104
47913
80086
74046
20344
82839
18493
49302
29855
2517
63161
89781
64781
11797
9946
34715
9715
72210
35848
47210
18021
50194
25681
55516
84474
91160
24963
61581
55541
87714
32879
89821
70374
15052
41672
9012
39334
25696
42574
23127
18061
47896
59258
83540
33540
42564
7176
2987
33309
90738
92102
67102
15969
13631
76126
47911
28951
53720
51382
249
85662
51638
83324
18
28489
3489
33811
63646
34944
13646
45819
76397
68506
47695
45357
75679
20844
51166
82852
48828
83339
77299
29868
86323
2530
6001
63430
93265
9959
36579
5770
93521
91670
38199
6026
45859
53032
19008
82867
79165
86825
21992
52314
86338
59487
22248
84743
78703
36594
5785
93536
89834
9256
40065
15065
79180
75478
74991
46776
75247
82420
49760
78718
19438
80569
58784
53231
3949
1611
32420
62255
9758
68064
13229
36147
1636
32445
94453
42833
7445
18320
74775
71560
21791
47924
78246
23411
55584
81717
51164
83337
58824
24800
88659
54635
4866
3502
33337
29635
59957
93981
90766
60444
40510
63428
76641
74790
9957
51641
67155
19237
45857
41668
20857
83352
56988
88674
5368
33352
63674
29650
33121
63443
13674
86361
38930
4906
32890
93534
41914
7890
69021
67170
16914
75707
22723
53045
49343
18534
22492
707
32880
19923
81054
25732
89591
25245
85889
5798
28716
59038
6054
15078
53060
79680
75978
68087
20656
15103
45425
48640
82920
82433
90093
57920
25260
89862
94697
92846
87780
33822
43333
12524
7458
39144
71317
18333
44953
44466
46317
27126
55110
51895
82217
83581
30597
62283
62770
60919
83837
49326
58350
90523
26177
36175
3515
35688
93117
94481
9324
41010
18348
46819
77141
16010
71588
78761
47952
38697
19737
50059
49572
76679
45870
19506
47490
60703
55150
54663
5381
3043
64174
30150
90794
10703
69496
63943
86861
66927
42414
40563
8390
66696
73869
20885
47505
79191
86851
52827
85000
32016
31529
53083
976
56554
3083
34769
65091
65578
61876
89860
66711
76222
74371
13240
72033
22751
79693
48884
49140
79231
59784
27611
23909
65106
29231
93090
61404
36404
5595
69941
64388
34553
57471
89644
38024
64644
64157
1662
15131
14644
77139
75288
75775
24155
23668
18602
48924
29477
28990
90121
54246
86419
32948
32461
23693
52164
57486
85470
32486
62321
37321
35470
94263
16510
71601
19981
19494
48452
78774
69519
16048
47734
44519
78056
22734
21370
51692
81527
30394
26692
24841
88700
22503
33865
64187
33378
7014
33147
61618
3568
14443
44765
10254
8890
11874
83880
47518
28558
55178
1707
73907
26476
22774
52609
81080
31798
27609
25758
26245
6798
67442
2609
90360
74384
53086
43831
77137
12791
90119
88268
3111
1260
92226
12135
69077
65375
64888
59822
89657
66508
72317
69979
18846
45466
77152
79259
48450
86201
84350
82499
80648
59350
60714
5648
71358
94276
50316
69532
17912
46383
76705
84365
53556
29043
55663
36216
34365
3556
92671
37349
33647
90589
39456
67440
63738
42440
17440
83893
82042
17209
47531
54473
20449
48920
27622
90604
59795
4473
34795
11646
42455
69075
13753
76248
23264
14009
76504
9820
17480
76273
74422
53124
59810
56108
85066
33446
63281
70941
4744
67239
4257
27175
34835
4026
9348
70479
69992
76934
59825
79041
46381
14208
74852
52190
61214
55661
86470
34363
63321
95007
60983
11214
72345
17023
14685
77667
75329
75816
43156
41074
23734
52205
82527
28569
36229
354
64213
32040
95022
123
91089
87387
86900
3594
37131
10280
70924
67709
44560
42222
21411
17709
80204
58906
86013
85526
24651
20949
62633
28609
26758
56593
87402
67955
10295
71426
40617
67724
63304
15386
49179
53137
85310
81121
29988
23948
56121
88294
6839
35310
2650
63781
60079
38294
32741
63063
2675
32997
93641
45492
22830
53152
20979
81623
79772
77434
54772
50583
77690
25583
22368
80674
1070
30905
27690
85996
5905
36714
67036
30674
36483
68656
71640
45276
71409
18425
51731
83904
78351
29069
86011
53351
85524
66564
367
91820
89482
11242
38349
37862
32796
64969
29094
59416
89738
60780
9647
38118
5458
66589
35780
95060
67953
94573
70291
41589
71911
18440
79084
14251
73044
23762
25382
50151
46449
76284
85795
21449
54986
58944
89266
86928
3622
12159
14266
44101
94126
74679
43870
11697
47828
79514
24679
166
30001
91132
57108
1299
90414
42983
5257
33728
63563
92034
10579
4539
67034
43885
17521
80016
47356
79529
17034
53165
17059
22381
52216
63578
89711
87860
2216
34389
91331
42049
39711
15198
75355
74247
72396
39736
71909
9414
18438
80933
45545
56420
59891
91577
89726
86024
36255
11742
11255
82091
149
32322
89264
34429
32091
92735
75626
73775
41602
71437
42966
67735
50626
78610
75395
74908
76759
48057
28610
89741
52015
82337
49677
79999
25164
83957
82106
79768
28635
58957
90643
4122
3635
95088
43468
67750
17981
69370
66155
68006
63817
35346
77030
43006
70990
69139
53650
20990
82121
179
91145
56634
87443
3650
1799
60592
83023
31403
93898
58023
6890
94154
63345
10361
74707
42047
43898
17047
44154
53178
77460
29542
25840
22138
58756
24732
86740
83525
1096
65211
63360
74722
13847
45533
36278
67087
34427
95071
9427
71922
22640
81433
45558
77244
21922
65226
2244
93210
82104
34673
62657
30484
87426
64277
11293
41615
7104
15251
79110
47424
56448
54110
84919
20573
20342
57837
88159
87672
83970
57606
5986
3648
94614
93250
92763
41630
41143
68250
48803
37210
71490
71003
50192
80514
80027
46490
78663
25192
32365
90671
89307
85605
5514
90927
22392
31903
1094
91183
41414
7390
5539
6903
33523
94167
41183
72869
15696
21505
19167
51340
49489
60851
60364
22638
51596
17572
24745
58282
87240
24258
83051
3447
33769
6918
69413
36753
4580
35389
65711
74735
67331
36522
17075
43695
8307
38629
38142
74504
65249
34440
76124
49273
52744
61768
92090
56702
87024
58066
37255
67577
5082
92346
33322
61793
29133
90264
30984
67115
45330
9455
49288
15264
75421
73570
23801
20586
20099
18248
52528
23339
85834
54148
53661
2528
60834
89792
1810
64792
62941
11321
10834
71965
71478
68263
37941
73329
14792
45114
37710
52543
82865
19883
48354
16181
27543
53676
32865
93509
28676
85618
36336
66658
53214
90709
9254
41427
69898
3214
64345
63858
65709
94667
12725
12238
40709
18047
17560
47882
78691
74989
21518
21031
22882
22651
81931
50891
94426
25891
6444
5080
8551
39360
67344
39129
15493
9940
40262
71071
51624
18964
15262
56946
22435
83566
33797
60417
86550
86806
3013
33335
40021
43979
17128
84458
18261
665
41179
22219
20368
16179
56012
84483
85847
68507
93763
74316
72465
41656
40061
39574
36359
77556
20383
80540
78689
76838
55540
2556
705
218
63200
30540
57647
55309
1838
55078
2094
92573
58549
7416
34036
65722
14102
42573
72895
80555
49746
25233
51853
72920
47920
55580
22920
91224
9282
5580
94208
71546
12035
40993
6969
6482
4631
34953
65275
42844
10184
72935
42126
17613
24786
22935
86794
81241
31959
25919
65265
28026
57861
56010
84481
31010
93505
90290
10199
6010
93761
13670
74801
72463
70612
49314
24801
55123
81256
75703
79174
24339
61834
31025
57645
87967
66669
2323
11834
74329
11116
41438
6050
5563
75231
41694
22247
48380
44678
22016
51851
82660
30553
59511
91197
57173
26851
7404
68535