0
306
277
256
227
206
177
156
148
127
106
48
27
325
304
275
123
73
44
23
342
321
292
271
242
221
213
192
163
142
92
267
259
238
159
138
28
109
59
9
336
307
286
176
257
126
207
97
76
332
324
303
274
253
203
93
124
291
241
89
120
10
318
208
158
79
58
29
8
335
204
285
154
235
125
104
54
25
4
302
273
252
223
194
173
152
144
319
269
350
219
169
140
119
111
90
61
40
11
317
288
157
136
115
107
86
57
36
7
334
305
284
255
234
205
155
105
55
301
230
222
201
180
151
122
101
72
22
349
320
270
249
139
220
68
18
345
337
295
287
237
216
187
56
6
87
254
233
102
52
2
83
331
281
171
121
42
21
348
327
217
298
167
248
117
198
88
38
17
315
265
346
215
165
34
13
5
282
232
313
182
263
153
103
74
53
32
24
3
330
178
149
99
78
70
49
20
347
297
268
247
226
218
197
168
147
314
293
264
243
214
193
185
143
135
114
64
35
341
333
312
60
329
308
279
258
250
229
179
150
129
19
50
246
196
65
146
15
96
46
344
323
294
244
84
63
340
311
290
261
240
130
211
161
1
328
278
228
309
26
245
326
195
276
145
116
95
66
37
16
343
322
191
272
141
91
62
33
12
310
289
260
239
231
210
181
160
131
110