1771 1851 1880 1947 2106 2138 2140 2313 2318 2331 2345 2515 2567 2582 2673 2761 2962 3003 3029 3075 3129 3183 3331 3507 3512 3542 3548 3626 3769 3805 , 1 2 % 30 , 2
1655 1695 1706 1791 1871 1893 2221 2326 2357 2392 2448 2537 2553 2560 2670 2674 2790 2877 2879 2910 3009 3052 3053 3212 3246 3277 3428 3613 3673 3695 , 1 2 % 30 , 2
1652 1731 1780 1804 2037 2105 2242 2262 2307 2368 2530 2548 2559 2600 2617 2634 2773 2941 2953 2984 3200 3204 3226 3305 3606 3675 3701 3761 3768 3799 , 1 2 % 30 , 2
1733 1744 1786 1829 1894 2046 2144 2268 2304 2400 2455 2514 2529 2539 2578 2632 2741 2915 2939 2994 3022 3066 3112 3153 3164 3316 3549 3589 3594 3707 3727 , 1 2 % 31 , 2
396 1697 1714 1757 1773 1775 1862 1974 1990 2020 2041 2107 2167 2230 2416 2469 2594 2615 2807 2949 2988 2997 3189 3209 3281 3290 3667 3730 3737 3758 3808 , 0 5 % 31 , 2
1018 1587 1706 1789 1791 1854 1936 2015 2027 2137 2236 2271 2394 2403 2522 2526 2579 2608 2611 2737 2755 2803 2877 2879 2883 3133 3197 3212 3645 3656 3673 3754 , 1 5 % 32 , 2
327 712 1086 1321 1337 1636 1690 1751 1763 1805 1853 1931 1994 2155 2191 2315 2356 2461 2528 2534 2660 2868 2920 2931 3111 3235 3283 3436 3437 3533 3664 3783 , 1 5 % 32 , 2
327 1086 1321 1337 1636 1690 1805 1931 1994 2099 2155 2297 2374 2411 2461 2534 2660 2688 2868 2920 2931 2965 3192 3283 3436 3480 3533 3580 3658 3664 3688 3743 3783 , 0 1 % 33 , 2
58 75 165 337 398 506 586 631 657 698 729 742 752 764 888 935 1111 1185 1195 1222 1230 1247 1251 1277 1281 1368 1383 1396 1440 1448 1459 1474 1538 1879 , 0 5 % 34 , 2
1018 1587 1706 1789 1791 1854 1871 1936 1942 2015 2027 2137 2210 2236 2250 2522 2608 2737 2739 2755 2803 2877 2879 2883 2978 2991 3212 3246 3645 3656 3673 3690 3695 3754 3756 , 0 1 % 35 , 2
17 53 100 105 115 128 139 175 197 275 310 330 347 359 385 432 436 511 532 582 597 645 691 717 749 913 985 994 1046 1068 1104 1200 1227 1270 1302 1361 1450 1533 1552 1588 , 0 5 % 40 , 2
48 50 142 143 162 187 237 240 263 317 344 438 489 502 525 526 559 603 629 635 661 680 687 715 728 771 780 814 826 844 852 904 1036 1049 1118 1127 1139 1297 1591 1624 , 0 5 % 40 , 2
1734 1811 1834 1869 1874 2014 2045 2066 2090 2117 2133 2373 2389 2406 2584 2671 2672 2718 2813 2820 2822 2857 2864 2866 2908 2989 3045 3089 3181 3182 3282 3393 3424 3526 3600 3601 3659 3668 3703 3728 3785 , 0 5 % 41 , 2
39 81 83 106 294 419 445 449 462 497 500 515 611 678 693 704 759 790 815 876 880 936 937 986 1030 1258 1272 1308 1317 1432 1444 1550 1553 1614 1762 1924 2691 2693 3040 3472 3744 , 0 5 % 41 , 2
10 23 29 88 212 233 238 272 280 283 348 351 366 375 409 431 621 624 670 710 757 853 878 910 938 1003 1051 1112 1122 1155 1165 1194 1199 1248 1300 1301 1349 1379 1418 1527 1585 1613 , 0 5 % 42 , 2
13 59 63 68 87 94 118 140 196 215 216 223 287 341 358 456 490 509 706 979 982 1040 1050 1077 1078 1079 1117 1132 1150 1228 1265 1363 1424 1441 1473 1577 1611 1617 1621 1627 2127 3175 , 0 5 % 42 , 2
1667 1689 1719 1727 1764 1844 1884 1943 1954 1995 2012 2062 2066 2070 2113 2194 2219 2258 2266 2310 2360 2367 2476 2589 2599 2772 2784 2889 2898 2926 3012 3056 3167 3245 3271 3301 3330 3337 3338 3340 3481 3532 3608 3665 3734 3776 , 0 5 % 46 , 2
2 24 99 102 114 189 227 239 251 254 273 338 410 414 430 453 469 493 546 560 561 567 583 618 634 709 758 810 872 908 933 942 951 961 1043 1065 1084 1092 1109 1151 1201 1323 1378 1408 1423 1454 1463 1596 2431 , 0 5 % 49 , 2
15 35 156 169 190 192 194 226 229 245 261 291 322 350 352 369 450 455 467 487 504 529 617 640 669 714 794 825 838 861 871 934 952 962 1006 1021 1067 1074 1081 1116 1119 1125 1144 1266 1284 1311 1332 1427 1431 1445 1492 1505 1520 1524 1547 1569 1582 1605 1626 2505 , 0 5 % 60 , 2
170 249 267 301 365 406 416 470 471 483 505 519 538 552 564 565 580 622 636 637 673 679 696 730 731 748 793 796 801 817 851 863 864 950 969 998 1005 1015 1154 1172 1193 1210 1218 1242 1245 1295 1320 1333 1366 1367 1385 1393 1452 1472 1475 1549 1557 1562 1598 3486 , 0 5 % 60 , 2
1712 1774 1787 1890 1918 1921 2067 2164 2217 2289 2294 2327 2330 2345 2383 2399 2477 2511 2515 2602 2609 2612 2638 2640 2641 2664 2673 2686 2780 2796 2835 2836 2847 2869 2874 2884 2885 2891 2929 2972 3034 3134 3148 3183 3194 3203 3232 3269 3284 3320 3328 3361 3435 3463 3565 3591 3616 3624 3748 3767 3771 3791 , 0 5 % 62 , 2
95 96 107 117 137 166 193 312 333 379 494 495 601 613 649 736 739 762 818 828 829 830 834 939 949 1000 1016 1145 1170 1257 1273 1275 1282 1289 1331 1346 1381 1417 1468 1493 1508 1528 1529 1530 1545 1546 1548 1558 1570 1572 1584 1586 2073 2139 2163 2436 2642 2694 3396 3433 3632 3784 , 0 5 % 62 , 2
5 9 14 18 22 31 133 164 186 248 324 334 407 451 474 612 616 675 688 694 754 791 807 813 833 847 873 886 960 974 1024 1033 1052 1066 1087 1115 1160 1175 1360 1406 1438 1477 1483 1487 1491 1515 1523 1535 1539 1612 1618 1671 1749 1964 2143 2173 2314 2985 3063 3102 3398 3716 , 0 5 % 62 , 2
21 36 38 42 93 141 144 160 176 195 236 253 256 266 270 271 295 321 325 353 368 371 383 388 457 484 589 592 614 615 652 666 681 782 797 832 893 918 919 924 959 990 1012 1029 1035 1045 1070 1134 1226 1334 1343 1356 1377 1380 1399 1400 1437 1457 1466 1496 1500 1517 1606 , 0 5 % 63 , 2
316 378 408 460 475 492 510 544 574 576 755 792 800 841 897 947 967 981 1019 1064 1163 1182 1238 1315 1322 1362 1422 1442 1471 1516 1540 1645 1649 1663 1702 1718 1732 1788 1818 1870 1916 1963 2019 2122 2175 2209 2340 2370 2382 2441 2474 2492 2519 2527 2562 2734 3004 3174 3180 3252 3387 3448 3504 3561 3663 3742 , 0 5 % 66 , 2
28 98 104 109 134 292 314 339 372 405 415 476 523 535 547 626 651 663 671 686 846 875 891 905 930 948 971 988 1007 1028 1060 1082 1089 1099 1254 1261 1278 1286 1304 1336 1405 1410 1414 1458 1462 1480 1488 1509 1604 1654 1860 2166 2235 2447 2510 2669 2719 2726 2746 3096 3100 3399 3430 3434 3478 3490 3495 3523 3718 , 0 5 % 69 , 2
120 1544 1653 1688 1713 1737 1738 1776 1782 1815 1835 1861 1873 1951 2006 2028 2059 2061 2106 2128 2195 2252 2301 2362 2410 2475 2516 2531 2545 2558 2565 2624 2644 2657 2730 2769 2817 2863 2886 2894 2948 2969 2981 3006 3017 3043 3048 3070 3159 3215 3237 3248 3250 3251 3255 3264 3322 3325 3334 3419 3525 3534 3545 3553 3562 3567 3571 3621 3628 3633 3705 3706 , 0 5 % 72 , 2
20 60 71 76 130 135 150 158 168 178 202 209 221 234 269 363 434 439 488 498 501 513 545 548 550 562 578 591 602 656 658 662 664 667 695 700 734 746 750 786 808 843 862 867 890 903 916 931 965 977 992 1023 1038 1048 1053 1056 1114 1120 1147 1171 1174 1246 1283 1294 1389 1416 1486 1514 1564 1567 1628 2182 3074 3410 , 0 5 % 74 , 2
54 91 97 257 335 389 392 393 424 461 508 527 553 684 701 723 735 799 819 836 874 877 899 973 1072 1085 1103 1223 1299 1303 1319 1409 1415 1490 1521 1556 1597 1675 1687 1724 1840 1912 1948 2130 2176 2179 2186 2202 2247 2322 2439 2473 2481 2543 2568 2575 2706 2763 2875 2955 2987 2995 3023 3099 3105 3132 3137 3176 3289 3451 3452 3458 3476 3488 3592 3698 3770 , 0 5 % 77 , 2
1327 1581 1640 1670 1694 1699 1748 1758 1809 1814 1828 1839 1848 1961 1982 1983 2047 2071 2084 2160 2203 2206 2248 2272 2287 2304 2341 2366 2435 2498 2569 2591 2625 2643 2698 2740 2761 2765 2838 2860 2906 2914 2921 2944 2962 2964 2980 2994 3039 3088 3121 3172 3193 3213 3216 3236 3253 3265 3275 3286 3351 3402 3418 3499 3508 3509 3529 3537 3552 3563 3602 3613 3622 3634 3642 3684 3717 3733 3740 3747 3755 3773 , 0 5 % 82 , 2
40 46 112 122 320 468 557 633 650 781 783 806 811 823 857 858 932 953 996 1183 1292 1316 1341 1370 1386 1449 1467 1482 1510 1551 1638 1657 1686 1803 1806 1825 1925 1953 1977 2082 2216 2218 2300 2306 2386 2423 2424 2445 2471 2479 2491 2601 2723 2725 2732 2756 2762 2936 2937 3013 3046 3047 3083 3095 3106 3151 3161 3173 3224 3268 3346 3349 3422 3444 3470 3474 3482 3483 3493 3573 3723 3736 3780 , 0 5 % 83 , 2
921 1365 1456 1684 1767 1770 1771 1798 1807 1816 1820 1821 1842 1846 1851 1855 1888 1947 1969 1989 1999 2001 2025 2048 2072 2080 2093 2123 2126 2140 2159 2165 2212 2220 2256 2261 2270 2318 2346 2460 2480 2483 2509 2520 2521 2544 2547 2554 2614 2677 2682 2724 2750 2774 2791 2800 2830 2845 2946 3002 3007 3028 3057 3234 3244 3247 3300 3303 3304 3318 3362 3368 3375 3462 3494 3507 3512 3517 3581 3612 3619 3626 3689 3745 3760 3782 , 0 5 % 86 , 2
957 1105 1561 1652 1660 1682 1799 1801 1822 1867 1880 1886 1959 1965 1976 1984 2007 2087 2108 2110 2114 2119 2138 2147 2170 2229 2268 2313 2319 2335 2368 2372 2375 2396 2430 2514 2529 2532 2559 2561 2577 2578 2582 2617 2634 2637 2662 2728 2741 2771 2804 2806 2832 2856 2871 2887 2897 2901 2930 2932 2933 2967 2993 3021 3084 3123 3130 3135 3157 3170 3187 3190 3207 3228 3230 3296 3369 3456 3475 3479 3484 3489 3514 3519 3520 3542 3586 3610 3611 3681 3692 3721 3726 3738 3766 , 0 5 % 95 , 2
73 84 90 101 296 313 442 668 733 776 884 1124 1157 1267 1285 1328 1352 1407 1429 1589 1595 1632 1696 1700 1722 1755 1802 1837 1865 1898 1900 1917 1933 1949 1960 2002 2026 2068 2069 2083 2171 2180 2187 2214 2257 2276 2281 2292 2407 2409 2503 2513 2585 2588 2619 2627 2639 2685 2687 2708 2727 2760 2823 2828 3024 3061 3087 3090 3097 3116 3152 3208 3214 3217 3219 3266 3307 3313 3384 3395 3407 3465 3466 3471 3538 3557 3560 3566 3609 3618 3644 3657 3686 3746 3772 , 0 5 % 95 , 2
116 412 435 480 514 520 536 761 991 1101 1162 1190 1298 1335 1339 1359 1554 1580 1639 1643 1665 1666 1677 1725 1742 1778 1866 1889 1903 1939 1956 1968 2011 2111 2116 2124 2141 2169 2178 2181 2189 2199 2200 2234 2251 2273 2298 2325 2395 2418 2426 2457 2465 2467 2489 2524 2549 2557 2654 2665 2680 2709 2710 2712 2713 2717 2744 2766 2831 3050 3062 3079 3082 3108 3154 3158 3178 3185 3191 3239 3242 3273 3302 3326 3400 3450 3457 3496 3498 3506 3535 3639 3650 3685 3729 3732 3807 , 0 5 % 97 , 2
82 148 149 206 437 473 620 802 842 976 1141 1149 1179 1235 1372 1401 1402 1413 1426 1485 1563 1637 1674 1676 1783 1909 1913 1915 1926 1945 1972 1979 2000 2008 2016 2022 2023 2034 2040 2074 2094 2148 2157 2190 2191 2196 2211 2227 2244 2337 2415 2417 2428 2437 2458 2574 2581 2630 2646 2650 2678 2683 2700 2722 2731 2757 2781 2808 2842 2850 2851 2902 2910 2919 2927 2956 3008 3016 3033 3041 3055 3146 3156 3195 3260 3267 3327 3329 3377 3426 3453 3502 3503 3515 3556 3568 3593 3630 3753 3789 3795 , 0 5 % 101 , 2
103 327 542 866 882 883 1086 1249 1296 1310 1321 1337 1428 1446 1461 1503 1536 1543 1566 1636 1690 1693 1708 1759 1805 1845 1893 1908 1929 1931 1932 1934 1935 1946 1978 1994 2003 2017 2051 2078 2092 2155 2193 2208 2237 2277 2279 2324 2357 2397 2408 2461 2468 2497 2534 2540 2580 2603 2621 2628 2660 2675 2702 2735 2798 2802 2812 2829 2868 2873 2907 2920 2925 2931 2943 2960 3014 3036 3067 3093 3126 3140 3220 3221 3223 3277 3283 3366 3380 3389 3436 3455 3533 3604 3648 3664 3672 3715 3741 3749 3757 3783 3794 , 0 5 % 103 , 2
131 845 889 895 1009 1324 1369 1478 1661 1673 1678 1698 1703 1704 1711 1733 1785 1786 1794 1812 1813 1819 1823 1827 1843 1894 1911 1941 1950 1967 1988 2037 2086 2151 2158 2162 2198 2264 2265 2275 2283 2296 2326 2336 2344 2351 2361 2385 2400 2448 2462 2466 2485 2494 2495 2605 2618 2631 2645 2668 2749 2768 2775 2776 2778 2779 2827 2841 2858 2953 2966 2973 2992 2996 3011 3026 3029 3031 3058 3081 3164 3168 3204 3274 3287 3298 3310 3323 3420 3459 3461 3528 3530 3541 3564 3582 3606 3620 3636 3652 3677 3701 3710 3720 3769 , 0 5 % 105 , 2
446 824 885 1018 1152 1568 1587 1634 1648 1658 1706 1729 1736 1745 1777 1780 1781 1789 1791 1800 1804 1830 1833 1836 1852 1854 1857 1878 1896 1936 1952 1957 2013 2015 2027 2035 2049 2052 2137 2142 2149 2161 2201 2224 2225 2233 2236 2286 2307 2332 2358 2388 2391 2398 2420 2450 2478 2493 2508 2522 2576 2608 2658 2695 2696 2711 2716 2736 2737 2751 2755 2759 2773 2803 2809 2819 2877 2879 2883 2909 2915 2958 2984 3060 3109 3117 3122 3196 3199 3202 3210 3212 3226 3299 3316 3365 3392 3411 3540 3590 3605 3645 3656 3673 3713 3754 3764 3806 , 0 5 % 108 , 2
33 274 293 298 898 915 970 1034 1057 1108 1169 1330 1411 1501 1607 1633 1651 1685 1731 1735 1740 1766 1849 1854 1856 1876 1927 1937 1962 2044 2053 2054 2058 2091 2096 2134 2145 2221 2231 2232 2240 2245 2254 2295 2317 2347 2354 2355 2378 2392 2405 2422 2440 2488 2506 2552 2553 2572 2573 2636 2656 2667 2679 2681 2720 2790 2815 2826 2867 2881 2882 2892 2899 2961 3015 3019 3059 3094 3101 3119 3139 3144 3149 3188 3198 3222 3243 3249 3309 3356 3363 3385 3425 3428 3429 3438 3439 3467 3510 3521 3597 3607 3614 3615 3617 3623 3646 3666 3761 3765 3775 3779 , 0 5 % 112 , 2
203 306 496 521 522 912 1059 1434 1603 1655 1691 1692 1695 1707 1720 1744 1795 1797 1838 1841 1887 1899 1901 1919 1980 1981 1991 2021 2039 2046 2060 2103 2105 2192 2207 2241 2246 2262 2299 2308 2309 2333 2365 2380 2387 2401 2432 2443 2452 2459 2464 2470 2496 2530 2537 2542 2556 2560 2600 2606 2666 2670 2714 2733 2743 2783 2786 2788 2794 2801 2818 2824 2833 2839 2848 2865 2893 2918 2928 2935 2954 2963 2976 2990 2991 2999 3018 3022 3038 3042 3049 3103 3114 3165 3184 3200 3238 3256 3257 3272 3278 3291 3305 3315 3321 3335 3339 3464 3522 3635 3647 3687 3752 3797 3803 , 0 5 % 115 , 2
