992
1360
1344
317
632
1078
1062
1031
1167
626
770
1080
933
1243
933
657
360
1341
562
593
123
136
385
1231
1060
379
36
686
93
649
536
1153
1258
126
1297
1289
1042
637
991
524
75
153
28
1028
106
888
631
1190
623
833
30
1113
672
722
1281
1288
1129
312
141
285
868
1236
926
555
870
975
1327
168
502
856
283
241
687
29
1265
1362
125
164
335
418
222
156
327
642
813
805
1107
1204
475
537
1191
422
612
1041
1346
416
731
1332
95
344
935
659
507
1058
958
490
661
338
1285
797
52
1328
1185
1062
639
132
1369
610
754
602
326
318
1192
909
738
795
1260
1108
667
65
3
363
355
565
499
728
1135
299
598
407
280
1234
464
230
522
1018
248
621
757
710
394
234
236
322
84
792
1370
1199
1113
803
947
996
634
1185
329
1348
111
675
1148
331
877
1350
790
257
782