2207
793
387
1570
1470
106
3271
3627
2734
3040
2634
2990
2503
2809
602
2759
908
421
2222
371
858
1685
2122
2072
1585
221
1535
3692
998
3205
3105
3461
1204
2387
1023
2774
2237
3551
3370
3807
3320
1113
1550
1063
3576
2989
601
501
2302
451
2252
401
2121
89
2377
39
1840
1790
3104
2567
2954
2417
516
2317
3319
3269
54
1418
1855
1318
3119
2632
781
1218
2888
631
2351
2707
269
2557
169
1483
3771
3284
2747
2697
846
2516
1021
2822
971
2772
434
2722
2672
284
1598
3399
3755
3349
3218
3655
1754
3474
2987
1136
1217
3424
2937
1086
2887
1523
499
886
1663
2100
249
1563
1919
2275
1788
1869
3589
1738
1688
3052
1151
2365
2315
1778
414
1728
2084
233
2440
102
2390
52
2340
1853
2
133
83
1266
1703
679
2967
2430
1066
2299
2380
2018
248
1918
1431
1381
2645
794
2495
513
1356
3157
463
2670
2133
282
769
3753
3347
1496
3116
1346
3503
3016
1165
2885
3372
2660
1115
1471
3272
1421
2735
834
2048
1561
3181
974
1767
3437
1586
1099
3387
2900
949
899
2700
2213
1676
1882
31
1751
1601
2965
2915
1014
2278
2147
3767
1916
502
1866
1816
46
1766
1716
3030
2849
2930
2443
542
2618
767
361
261
1981
567
3732
3245
3095
1194
707
782
245
326
3716
3747
1409
1846
3210
1534
1028
1384
897
2698
747
2111
3781
1524
3731
3325
466
3550
3500
1549
3350
1499
2276
2713
862
2226
2176
275
1639
3615
2251
3565
1614
1077
2953
2547
2903
2497
1879
2316
1829
3630
1779
59
9
3480
2993
2406
3118
3068
861
730
761
274
2431
224
3645
1744
3464
2927
3283
1463
2646
1282
876
3083
826
2546
2059
208
645
2009
595
3679
3273
3223
1372
1678
3398
1141
1497
1578
1934
1041
3198
2711
3148
1297
810
2561
2511
3744
3338
2686
429
2149
2099
1512
3313
3263
2676
338
157
2801
2395
2214
2164
3528
2114
1627
1527
3328
1477
2304
453
2610
759
628
709
222
578
478
3593
22
1642
1155
2956
1411
3131
3212
874
337
2544
2931
1080
593
2444
543
1907
56
1857
6
2294
443
3527
3658
1757
1270
1576
3296
3783
1476
3146
1295
3096
758
2559
789
171
1972
1922
3642
3236
21
1385
2097
2178
327
1641
3361
1591
1947
1104
1460
3748
1054
1541
3211
873
823
2624
2524
186
1856
2212
492
5
2699
2243
1756
1475
2739
1375
838
607
2327
2764
2277
1690
2077
226
1590
2904
1053
2804
1309
3110
2979
1209
722
591
622
2342
1805
35
2192
1605
1118
3275
1293
3225
1374
887
3094
1193
787
250
606
687
19
1820
50
1770
225
1539
3259
3646
952
1308
1795
3159
1389
3109
1258
852
2572
671
1985
134
1935
3736
2372
2141
290
2010
240
1960
1473
3274
3711
2687
836
2637
2537
2050
199
555
2762
505
2662
455
2612
1769
2025
3289
1438
951
2702
1338
670
2958
2908
33
2677
2140
1653
3504
289
239
3404
1553
3354
3304
1322
3479
735
2942
2892
2405
148
48
404
3569
2155
1874
3594
1337
3057
2957
1106
750
2907
700
569
1056
2857
2370
469
2270
1783
419
238
1958
1552
1989
138
1858
1321
3609
915
1271
2585
815
684
2972
97
403
353
2023
1973
3774
1923
1436
1873
1286
799
749
1186
2419
2856
2319
468
2188
1782
2625
368
318
1501
864
1170
3377
2971
2253
2284
2640
1616
2053
3417
1566
3367
3542
3623
1235
748
3442
2955
3036
648
2368
598
111
954
2755
904
417
498
2218
317
1681
2118
3482
623
3707
1887
36
3607
1837
3507
813
582
663
1019
2333
738
2102
3772
201
101
1821
1771
1284
3085
878
3035
2985
2935
1084
2623
2704
2523
316
2473
1630
3787
216
1580
3687
3150
1555
2382
1018
968
2282
381
2051
2132
2001
3752
1414
1233
3521
3034
1133
2853
1083
596
2803
2884
3240
1033
2834
983
496
2166
265
346
3430
2016
3686
1835
3199
3555
3149
3586
3099
1248
3405
2918
1148
661
1017
2868
2949
3305
1098
611
917
430
2281
2231
461
2487
2000
149
3801
99
1850
3033
2933
676
2396
1032
801
751
2065
2015
164
114
3685
1834
1915
1378
891
1734
3535
2461
2817
3254
2767
2636
379
2667
2080
2386
1980
129
1849
3700
3650
1393
1749
1262
2932
1081
1031
2832
2295
2651
2601
2501
294
1964
3278
3715
3484
1633
3353
1096
328
2566
309
2029
2385
1798
1311
3599
3112
3468
1261
3549
3062
1211
3318
3268
2731
880
393
474
830
343
699
3714
3583
3664
1813
3533
1682
1326
3614
1763
1276
2996
1145
1095
1176
1045
2359
2078
2515
664
1978
1491
77
1797
1391
1747
3548
3061
1291
1241
1597
3217
2549
342
2630
292
2449
2399
1912
3763
1993
1862
267
1531
994
944
407
2695
2564
2514
2108
1977
126
2414
1927
2233
382
3547
3010
1159
3316
3397
1059
372
3762
547
10
2298
1811
1761
3431
3512
1174
1074
587
537
2694
1199
712
1149
662
612
125
1976
2413
512
3596
1695
1776
1645
1239
1595
1108
3396
702
1058
3165
827
3115
1264
777
727
627
1991
2297
1404
1760
3561
1304
3511
1479
942
1379
892
842
2562
2643
2106
255
2412
3626
280
230
2031
2858
3295
3164
2758
2627
2577
2658
320
2527
757
2427
1759
3510
3460
3329
1122
2923
3279
1559
1072
1022
2742
3179
972
385
2592
2411
460
2211
3425
1087
956
3244
550
3194
3063
3013
2426
1939
88
1708
1608
3359
1508
13
790
740
3028
2004
103
540
3624
2260
1773
1723
1317
1673
3343
128
3293
1442
1929
2962
2069
2425
2506
424
2094
193
143
970
3258
2771
920
2540
2621
2977
720
895
408
2209
1722
308
3473
1622
3423
2936
3373
1522
2836
1472
3192
804
754
2911
1060
573
2374
2324
1787
373
3357
1150
1587
3307
1406
3076
1225
2539
1175
2976
638
2389
1
438
1752
1571
1877
3241
1390
1827
1340
3141
2373
603
2323
66
1455
3075
2669
3025
3106
2619
718
2925
2082
668
618
2338
1851