21 24 36 38 42 93 121 141 144 147 160 176 195 200 236 243 253 256 266 270 271 285 290 295 321 325 353 368 371 380 381 383 388 426 433 457 484 531 539 581 589 592 609 614 615 652 654 666 681 718 782 784 797 832 868 893 918 919 924 959 990 1012 1029 1035 1045 1070 1097 1134 1173 1220 1221 1226 1244 1255 1274 1288 1334 1340 1343 1344 1350 1356 1377 1380 1392 1399 1400 1437 1457 1466 1484 1494 1496 1500 1504 1517 1522 1565 1606 3072 3147 3408 3473 , 5 % 103 , 1
321 694 1117 1224 1579 1637 1663 1670 1678 1684 1740 1747 1782 1792 1826 1829 1878 1880 1897 1899 1924 1936 1942 1961 1970 1988 2080 2110 2154 2172 2275 2277 2293 2309 2347 2370 2374 2413 2462 2484 2496 2535 2544 2548 2551 2565 2566 2580 2650 2663 2689 2709 2743 2757 2765 2784 2787 2835 2866 2884 2885 2899 2915 2954 2968 2972 2973 2990 3034 3061 3074 3098 3111 3120 3123 3130 3253 3274 3281 3297 3329 3336 3342 3369 3416 3468 3493 3538 3559 3582 3588 3687 3693 3703 3723 3741 3761 3769 3773 3780 3786 3789 3794 , 4 % 103 , 1
120 1544 1653 1664 1688 1713 1737 1738 1776 1782 1815 1831 1835 1847 1861 1873 1951 2006 2028 2059 2061 2098 2106 2128 2135 2195 2226 2252 2263 2274 2282 2301 2302 2362 2371 2404 2410 2475 2486 2516 2531 2545 2558 2565 2613 2624 2641 2644 2657 2730 2769 2787 2797 2799 2810 2817 2863 2886 2894 2934 2947 2948 2969 2981 3000 3006 3017 3043 3048 3070 3159 3177 3183 3215 3237 3248 3250 3251 3255 3264 3322 3325 3331 3334 3350 3353 3419 3524 3525 3534 3545 3547 3553 3562 3567 3570 3571 3621 3628 3633 3705 3706 3712 , 5 % 103 , 1
103 327 542 866 882 883 1086 1249 1296 1310 1321 1337 1428 1446 1461 1503 1536 1543 1566 1636 1690 1693 1708 1759 1805 1845 1893 1908 1929 1931 1932 1934 1935 1946 1978 1994 2003 2017 2051 2078 2092 2155 2193 2208 2237 2277 2279 2324 2357 2397 2408 2461 2468 2497 2534 2540 2580 2603 2621 2628 2660 2675 2702 2735 2798 2802 2812 2829 2868 2873 2907 2920 2925 2931 2943 2960 3014 3036 3067 3093 3126 3140 3220 3221 3223 3277 3283 3366 3380 3389 3436 3455 3533 3604 3648 3664 3672 3715 3741 3749 3757 3783 3794 , 0 5 % 103 , 2
67 85 95 96 107 117 137 166 188 193 276 312 333 346 364 379 391 397 494 495 499 551 566 570 601 613 649 655 736 739 756 762 818 828 829 830 834 939 945 949 954 1000 1004 1016 1022 1024 1042 1069 1076 1094 1145 1170 1257 1259 1273 1275 1280 1282 1289 1331 1346 1381 1391 1395 1412 1417 1432 1436 1468 1479 1493 1508 1523 1528 1529 1530 1545 1546 1548 1558 1570 1572 1584 1586 1630 1635 2073 2139 2163 2436 2642 2694 2704 2754 3071 3120 3396 3417 3433 3632 3671 3784 , 5 % 102 , 1
33 92 143 161 165 167 289 342 373 387 406 460 488 558 567 715 718 744 816 870 897 917 964 1081 1084 1133 1171 1280 1281 1319 1360 1387 1453 1610 1615 1644 1667 1680 1706 1714 1739 1801 1848 1853 1863 1925 1933 2000 2023 2054 2068 2079 2098 2110 2122 2171 2176 2190 2213 2229 2235 2259 2393 2428 2443 2454 2483 2485 2506 2568 2625 2628 2770 2781 2821 2860 2867 2871 2893 2950 2972 2981 2997 3003 3049 3055 3139 3156 3188 3213 3237 3379 3393 3405 3442 3489 3513 3518 3580 3607 3748 , 6 % 101 , 1
25 30 40 116 188 276 335 399 422 460 477 480 481 508 523 527 528 544 601 633 651 686 735 807 857 877 891 907 932 944 968 972 991 1001 1019 1028 1062 1066 1071 1101 1102 1103 1182 1278 1296 1307 1315 1381 1387 1406 1420 1421 1439 1502 1519 1521 1551 1554 1566 1586 1597 1618 1654 1668 1746 1749 1788 1818 1891 1924 2127 2182 2214 2438 2445 2527 2642 2719 2723 2725 2726 2734 2821 2862 3040 3073 3120 3127 3162 3175 3344 3396 3399 3417 3433 3457 3469 3527 3632 3653 3798 , 1 % 101 , 1
15 99 124 158 204 209 218 243 277 380 438 521 539 638 703 705 708 789 791 797 835 904 912 980 1047 1073 1182 1191 1329 1375 1422 1445 1659 1664 1671 1697 1713 1715 1716 1838 1872 1953 2049 2061 2102 2115 2127 2150 2170 2210 2214 2227 2232 2296 2300 2353 2373 2451 2453 2537 2544 2590 2609 2610 2643 2660 2738 2741 2811 2822 2885 2922 2943 2994 3010 3016 3044 3061 3067 3108 3131 3208 3287 3352 3356 3363 3375 3399 3430 3482 3506 3525 3533 3604 3613 3671 3703 3704 3754 3782 3795 , 6 % 101 , 1
22 42 112 128 135 149 201 286 301 328 399 520 585 602 635 640 668 707 710 713 725 738 772 808 838 839 871 876 878 882 892 968 998 1004 1039 1065 1131 1141 1188 1202 1210 1282 1297 1428 1462 1539 1707 1738 1828 1837 1854 1874 1915 1939 1966 2131 2134 2146 2294 2332 2343 2361 2382 2425 2437 2541 2546 2569 2597 2598 2615 2695 2707 2710 2739 2813 2832 2835 2892 3065 3070 3129 3151 3201 3210 3225 3228 3346 3378 3385 3409 3422 3483 3499 3593 3632 3711 3720 3763 3775 3781 , 6 % 101 , 1
82 148 149 206 437 473 620 802 842 976 1141 1149 1179 1235 1372 1401 1402 1413 1426 1485 1563 1637 1674 1676 1783 1909 1913 1915 1926 1945 1972 1979 2000 2008 2016 2022 2023 2034 2040 2074 2094 2148 2157 2190 2191 2196 2211 2227 2244 2337 2415 2417 2428 2437 2458 2574 2581 2630 2646 2650 2678 2683 2700 2722 2731 2757 2781 2808 2842 2850 2851 2902 2910 2919 2927 2956 3008 3016 3033 3041 3055 3146 3156 3195 3260 3267 3327 3329 3377 3426 3453 3502 3503 3515 3556 3568 3593 3630 3753 3789 3795 , 0 5 % 101 , 2
3 25 27 124 152 316 331 378 408 460 475 478 492 510 537 544 574 576 683 755 767 770 792 800 841 897 947 967 981 1010 1019 1062 1064 1163 1182 1238 1306 1315 1322 1351 1362 1387 1388 1421 1422 1442 1471 1507 1516 1519 1540 1573 1631 1645 1649 1663 1702 1718 1732 1746 1750 1788 1818 1860 1870 1916 1963 1975 2019 2122 2175 2209 2340 2370 2382 2441 2474 2492 2519 2527 2562 2653 2734 2789 2987 3004 3162 3174 3180 3252 3387 3401 3448 3491 3504 3546 3555 3561 3663 3742 , 5 % 100 , 1
1 24 29 42 49 78 81 96 121 129 147 160 169 182 195 226 231 243 265 271 290 303 325 369 371 381 383 402 430 433 453 484 487 490 505 539 546 552 591 618 630 636 638 673 734 748 750 758 771 793 797 815 851 864 872 910 923 956 961 983 984 987 999 1006 1012 1043 1084 1090 1109 1120 1129 1136 1147 1178 1227 1242 1251 1274 1302 1323 1344 1385 1393 1430 1437 1454 1460 1475 1500 1504 1514 1549 1555 1564 1567 1588 1609 1616 1626 3486 , 1 % 100 , 1
12 13 28 71 197 199 259 334 349 404 447 486 531 553 556 657 662 698 731 792 841 858 893 974 1008 1015 1030 1037 1137 1147 1170 1183 1224 1229 1252 1277 1383 1413 1435 1440 1623 1647 1649 1704 1730 1768 1927 1941 1963 2176 2192 2194 2196 2203 2224 2235 2269 2287 2342 2348 2376 2386 2388 2402 2455 2522 2582 2588 2630 2635 2646 2654 2702 2716 2800 2855 2857 2903 2914 2934 2983 3027 3054 3076 3087 3119 3242 3279 3286 3306 3311 3342 3349 3362 3398 3465 3523 3636 3660 , 6 % 99 , 1
18 57 95 96 107 117 133 137 146 159 166 193 222 312 329 333 345 379 382 458 494 495 497 571 601 613 643 649 736 738 739 753 762 818 828 829 830 834 870 906 939 949 984 1000 1016 1025 1071 1121 1145 1166 1170 1229 1257 1273 1275 1282 1289 1331 1346 1355 1375 1381 1394 1417 1444 1468 1493 1508 1525 1528 1529 1530 1545 1546 1548 1558 1570 1572 1584 1586 1647 1891 2073 2139 2163 2436 2642 2694 3065 3396 3403 3423 3427 3433 3625 3632 3643 3784 3798 , 0 % 99 , 1
98 148 206 214 276 306 412 446 473 485 575 601 620 651 745 767 776 792 835 858 975 993 997 1071 1075 1113 1117 1141 1163 1190 1204 1272 1298 1299 1329 1339 1352 1365 1370 1371 1411 1438 1509 1535 1578 1586 1639 1665 1693 1749 1788 1903 1912 1925 1948 2022 2040 2074 2130 2148 2152 2173 2174 2177 2182 2251 2280 2321 2424 2446 2501 2587 2642 2669 2696 2706 2762 2785 3040 3048 3068 3088 3099 3295 3302 3384 3406 3423 3432 3445 3472 3476 3477 3632 3650 3660 3666 3784 , 2 % 98 , 1
28 29 45 54 60 73 76 89 91 93 104 109 130 134 138 158 159 176 183 215 224 227 239 331 333 364 366 372 419 422 444 445 463 550 581 638 639 686 706 714 719 722 763 798 808 810 819 845 929 936 938 939 970 971 977 1035 1045 1108 1115 1121 1125 1128 1137 1144 1154 1162 1170 1180 1183 1201 1265 1282 1319 1369 1394 1397 1409 1410 1415 1435 1482 1490 1496 1505 1524 1528 1549 1554 1596 1623 1629 2197 2694 3041 3408 3427 3575 3671 , 2 % 98 , 1
8 21 34 36 37 38 42 93 141 144 160 176 195 205 224 236 241 246 250 253 256 266 270 271 278 295 321 325 353 368 371 383 388 448 457 484 485 512 529 589 592 593 614 615 627 652 666 681 782 797 798 832 893 911 918 919 924 941 959 964 978 987 990 999 1012 1029 1035 1037 1039 1045 1070 1083 1134 1146 1148 1187 1226 1291 1334 1338 1343 1356 1377 1380 1399 1400 1437 1457 1466 1496 1500 1517 1592 1594 1606 1610 3131 3294 , 0 % 98 , 1
3 25 27 28 85 98 104 109 134 220 292 314 318 339 372 399 405 415 443 463 476 523 535 537 547 626 651 663 671 683 686 719 770 846 848 875 891 902 905 930 948 971 988 1007 1010 1028 1060 1082 1089 1099 1254 1261 1278 1286 1304 1306 1336 1390 1405 1410 1414 1421 1455 1458 1462 1477 1480 1488 1507 1509 1519 1604 1631 1654 1671 1746 1860 2166 2235 2359 2447 2510 2669 2719 2726 2746 2789 3096 3100 3162 3399 3430 3434 3478 3490 3495 3523 3718 , 0 % 98 , 1
15 35 52 89 147 156 169 190 192 194 226 229 245 261 285 291 322 332 350 352 369 380 381 426 433 450 455 467 487 504 529 539 604 609 617 640 669 708 714 737 763 784 794 825 838 861 871 934 952 962 963 1006 1021 1067 1074 1080 1081 1097 1116 1119 1125 1132 1144 1173 1244 1255 1260 1266 1274 1284 1290 1311 1332 1344 1347 1350 1399 1427 1431 1445 1484 1489 1492 1504 1505 1520 1522 1524 1537 1547 1565 1569 1582 1605 1626 2505 3051 , 0 % 97 , 1
1518 1712 1756 1774 1779 1787 1793 1881 1890 1918 1921 1992 2057 2067 2104 2129 2164 2188 2217 2266 2289 2294 2327 2329 2330 2331 2342 2343 2345 2383 2399 2477 2484 2511 2515 2555 2586 2602 2609 2612 2638 2640 2641 2652 2664 2673 2686 2780 2796 2835 2836 2844 2847 2855 2869 2874 2884 2885 2891 2929 2972 3030 3034 3092 3124 3134 3148 3169 3183 3194 3203 3232 3269 3270 3284 3306 3320 3328 3338 3347 3361 3371 3382 3416 3435 3463 3565 3591 3616 3624 3637 3651 3748 3767 3771 3791 3801 , 5 % 97 , 1
9 19 25 35 71 133 283 314 323 377 405 407 417 456 461 476 481 515 516 528 544 562 574 611 616 630 640 643 663 664 667 671 769 787 790 799 805 813 830 831 844 886 891 905 917 930 932 954 967 972 1024 1072 1089 1099 1103 1135 1193 1238 1251 1271 1285 1342 1354 1373 1386 1389 1414 1416 1417 1432 1439 1458 1469 1483 1487 1493 1499 1511 1536 1671 1746 1755 1762 2073 2214 2238 2715 2723 2725 2821 2945 3013 3147 3180 3342 3344 3746 , 2 % 97 , 1
9 22 28 43 84 91 109 124 146 152 164 168 186 220 257 314 316 331 345 372 378 397 405 407 408 415 417 444 495 515 535 545 551 574 594 616 648 664 696 746 770 782 791 813 819 830 833 841 886 897 899 905 939 947 954 971 1100 1211 1223 1229 1257 1273 1286 1291 1303 1331 1355 1360 1362 1389 1398 1405 1417 1432 1441 1442 1455 1468 1487 1488 1507 1550 1556 1558 1584 1595 1671 1762 2163 2197 2447 2505 2732 3051 3446 3472 3555 , 1 % 97 , 1
116 412 435 480 514 520 536 761 991 1101 1162 1190 1298 1335 1339 1359 1554 1580 1639 1643 1665 1666 1677 1725 1742 1778 1866 1889 1903 1939 1956 1968 2011 2111 2116 2124 2141 2169 2178 2181 2189 2199 2200 2234 2251 2273 2298 2325 2395 2418 2426 2457 2465 2467 2489 2524 2549 2557 2654 2665 2680 2709 2710 2712 2713 2717 2744 2766 2831 3050 3062 3079 3082 3108 3154 3158 3178 3185 3191 3239 3242 3273 3302 3326 3400 3450 3457 3496 3498 3506 3535 3639 3650 3685 3729 3732 3807 , 0 5 % 97 , 2
5 9 14 18 22 31 133 164 186 248 324 334 346 361 391 397 407 451 474 499 528 551 566 570 612 616 675 688 694 754 791 807 813 833 847 873 886 925 945 954 960 968 974 1004 1022 1024 1033 1042 1052 1066 1069 1076 1087 1094 1115 1156 1160 1175 1217 1280 1326 1360 1406 1412 1438 1477 1479 1483 1487 1491 1515 1523 1535 1539 1612 1618 1630 1671 1749 1964 2143 2173 2197 2204 2314 2979 2985 3063 3076 3102 3120 3332 3398 3445 3469 3716 , 0 % 96 , 1
21 54 56 59 81 118 162 202 279 299 303 341 347 460 468 485 511 558 679 796 813 920 951 1169 1190 1270 1300 1434 1436 1587 1588 1639 1674 1685 1732 1757 1849 1911 1971 1985 2014 2022 2029 2135 2164 2186 2187 2234 2316 2355 2370 2380 2456 2459 2636 2648 2709 2742 2852 2875 2900 2942 2955 2960 2966 2974 3000 3004 3053 3077 3083 3106 3144 3230 3231 3250 3253 3309 3333 3355 3364 3366 3392 3445 3449 3454 3470 3498 3519 3575 3644 3666 3695 3727 3732 3772 , 6 % 96 , 1
77 163 170 181 201 204 219 249 251 255 265 267 301 323 328 365 384 406 416 428 429 470 471 483 505 519 538 552 564 565 569 580 622 636 637 665 673 679 689 696 730 731 748 793 796 801 805 817 851 856 863 864 950 969 998 1005 1015 1041 1098 1131 1133 1136 1154 1172 1193 1210 1218 1242 1245 1276 1293 1295 1320 1333 1357 1366 1367 1376 1385 1393 1452 1472 1475 1512 1527 1549 1555 1557 1560 1562 1598 1600 1623 1669 3446 3486 , 0 % 96 , 1
334 411 435 452 648 701 733 819 857 997 1149 1183 1341 1401 1435 1451 1469 1482 1484 1622 1679 1707 1715 1779 1790 1795 1798 1831 1858 1881 1907 1920 1955 2001 2015 2019 2041 2052 2059 2100 2151 2153 2188 2192 2195 2222 2294 2304 2343 2419 2448 2472 2546 2567 2569 2607 2633 2637 2652 2678 2701 2771 2784 2817 2822 2861 2866 2872 2898 2902 2909 2917 2944 2969 2986 3017 3070 3094 3103 3112 3136 3163 3269 3276 3317 3322 3367 3400 3416 3432 3485 3528 3586 3638 3726 , 3 % 95 , 1
2 103 137 162 165 190 191 193 198 199 203 238 254 315 331 343 344 369 391 406 410 431 446 467 490 535 539 648 654 672 675 709 739 753 762 800 852 889 897 921 931 985 1000 1008 1022 1040 1057 1064 1104 1135 1140 1200 1213 1222 1249 1275 1319 1325 1341 1376 1377 1379 1398 1415 1436 1488 1490 1495 1507 1515 1547 1551 1582 1590 1604 1614 1645 1668 1990 2274 2283 2321 2379 2393 2486 2538 2612 2616 2798 3037 3270 3406 3537 3651 3747 , 4 % 95 , 1
8 30 56 90 103 122 177 185 186 209 289 295 316 335 346 361 378 390 415 421 435 454 460 477 478 480 496 508 512 520 527 551 557 567 570 596 628 663 665 733 754 781 806 807 825 844 846 900 914 968 976 996 1002 1021 1076 1148 1244 1269 1291 1326 1328 1330 1345 1346 1351 1406 1407 1421 1446 1468 1478 1491 1543 1558 1654 1668 1721 1916 2079 2393 2445 2758 2826 2979 2985 3051 3073 3127 3162 3400 3485 3495 3560 3561 3661 , 2 % 95 , 1
149 218 273 292 492 518 522 694 751 837 896 1179 1476 1608 1620 1635 1647 1674 1702 1750 1751 1754 1800 1922 1923 2033 2052 2065 2082 2116 2127 2153 2156 2271 2276 2322 2354 2386 2409 2417 2421 2433 2440 2479 2481 2489 2492 2503 2572 2576 2596 2601 2621 2639 2655 2685 2688 2699 2700 2731 2754 2756 2786 2811 2843 2853 2909 2920 2930 2951 2956 3042 3093 3095 3107 3120 3137 3267 3268 3273 3313 3332 3343 3374 3451 3498 3537 3574 3585 3636 3653 3691 3714 3747 3775 , 2 % 95 , 1
5 14 34 54 57 71 97 117 134 138 157 178 209 232 269 289 312 346 352 376 382 389 419 475 494 499 570 613 626 652 655 671 688 701 722 753 787 790 818 831 833 847 875 902 939 948 967 974 1016 1021 1023 1024 1037 1052 1064 1069 1073 1089 1094 1115 1124 1137 1148 1170 1175 1189 1198 1221 1246 1261 1271 1282 1342 1345 1346 1373 1444 1462 1470 1483 1493 1515 1523 1530 1546 1548 1622 1645 2431 3131 3180 3643 3661 3671 3718 , 1 % 95 , 1
957 1105 1561 1652 1660 1682 1799 1801 1822 1867 1880 1886 1959 1965 1976 1984 2007 2087 2108 2110 2114 2119 2138 2147 2170 2229 2268 2313 2319 2335 2368 2372 2375 2396 2430 2514 2529 2532 2559 2561 2577 2578 2582 2617 2634 2637 2662 2728 2741 2771 2804 2806 2832 2856 2871 2887 2897 2901 2930 2932 2933 2967 2993 3021 3084 3123 3130 3135 3157 3170 3187 3190 3207 3228 3230 3296 3369 3456 3475 3479 3484 3489 3514 3519 3520 3542 3586 3610 3611 3681 3692 3721 3726 3738 3766 , 0 5 % 95 , 2
73 84 90 101 296 313 442 668 733 776 884 1124 1157 1267 1285 1328 1352 1407 1429 1589 1595 1632 1696 1700 1722 1755 1802 1837 1865 1898 1900 1917 1933 1949 1960 2002 2026 2068 2069 2083 2171 2180 2187 2214 2257 2276 2281 2292 2407 2409 2503 2513 2585 2588 2619 2627 2639 2685 2687 2708 2727 2760 2823 2828 3024 3061 3087 3090 3097 3116 3152 3208 3214 3217 3219 3266 3307 3313 3384 3395 3407 3465 3466 3471 3538 3557 3560 3566 3609 3618 3644 3657 3686 3746 3772 , 0 5 % 95 , 2
214 283 715 1204 1726 1769 1780 1785 1964 1984 1997 2004 2017 2020 2026 2027 2076 2088 2095 2107 2111 2141 2155 2168 2190 2207 2224 2244 2247 2281 2302 2324 2330 2341 2350 2367 2377 2398 2428 2468 2470 2509 2575 2592 2640 2662 2748 2797 2800 2808 2814 2815 2818 2832 2869 2923 2928 2952 2971 2997 3004 3043 3066 3085 3108 3111 3125 3159 3185 3234 3297 3315 3316 3332 3337 3388 3466 3488 3515 3542 3544 3565 3566 3568 3633 3664 3670 3710 3715 3736 3749 3751 3763 3781 , 4 % 94 , 1
15 34 35 37 156 169 174 190 192 194 214 226 229 231 241 245 261 291 322 350 352 369 388 448 450 455 467 485 487 504 529 587 617 640 669 714 778 794 798 825 838 861 871 934 941 952 955 962 1006 1021 1037 1039 1067 1070 1074 1081 1083 1116 1119 1125 1144 1146 1148 1187 1204 1266 1284 1291 1311 1313 1332 1338 1403 1427 1431 1445 1453 1460 1492 1505 1511 1520 1524 1547 1569 1582 1592 1605 1610 1626 2079 2505 3131 3575 , 5 % 94 , 1
3 43 61 146 152 269 318 392 393 399 459 523 537 542 553 652 658 668 683 696 736 746 776 782 811 823 836 866 928 953 1001 1057 1066 1149 1156 1167 1221 1243 1263 1278 1335 1355 1374 1381 1388 1402 1461 1464 1495 1502 1506 1508 1572 1583 1591 1618 1631 1683 1818 1900 1960 2021 2089 2163 2176 2179 2180 2358 2439 2475 2527 2536 2543 2678 2764 2902 3024 3047 3062 3065 3076 3105 3217 3372 3396 3399 3469 3490 3527 3609 3650 3704 3770 3804 , 2 % 94 , 1
110 127 245 362 417 453 458 505 516 540 545 572 582 641 742 778 865 887 1046 1054 1082 1118 1193 1200 1215 1239 1242 1287 1302 1335 1415 1438 1504 1547 1552 1563 1565 1578 1622 1688 1702 1708 1720 1782 1793 1803 1902 1905 1907 1908 1935 1946 1976 2047 2071 2107 2172 2197 2228 2378 2381 2444 2487 2517 2580 2583 2603 2617 2699 2712 2826 2839 2877 2920 2931 3020 3046 3072 3093 3126 3132 3234 3361 3401 3410 3416 3473 3552 3566 3626 3684 3700 3738 3797 , 6 % 94 , 1
317 478 541 549 605 637 674 740 781 803 871 944 950 966 986 1041 1180 1250 1289 1314 1338 1343 1370 1393 1416 1420 1437 1525 1554 1561 1583 1598 1624 1656 1670 1722 1795 1804 1825 1881 1927 1961 1996 2002 2080 2134 2162 2174 2177 2188 2219 2241 2302 2392 2408 2513 2533 2577 2604 2720 2740 2785 2792 2830 2833 2836 2855 2910 2941 2945 3021 3024 3030 3056 3062 3098 3114 3157 3165 3175 3214 3277 3297 3323 3439 3448 3458 3500 3542 3558 3588 3598 3778 3793 , 6 % 94 , 1
20 83 100 130 132 169 198 226 242 257 280 369 372 409 411 412 416 437 455 461 477 496 508 523 546 579 583 607 628 656 688 728 730 768 773 806 826 840 861 913 934 977 989 1000 1067 1087 1088 1097 1099 1114 1115 1132 1150 1151 1230 1255 1265 1404 1455 1465 1533 1544 1595 1760 1830 1832 1882 1884 1900 1960 2074 2119 2180 2198 2222 2279 2354 2587 2734 2846 2864 2930 3089 3154 3179 3262 3340 3347 3418 3425 3427 3540 3651 , 6 % 93 , 1
1682 1684 1697 1716 1723 1767 1774 1775 1779 1782 1827 1828 1848 1855 1861 1890 1921 1930 1941 1973 2062 2070 2117 2167 2188 2230 2267 2294 2302 2316 2328 2343 2414 2420 2425 2463 2483 2507 2547 2565 2566 2599 2605 2613 2651 2652 2772 2779 2797 2849 2893 2898 2900 2912 2938 2980 2988 3020 3026 3043 3139 3144 3159 3196 3225 3236 3244 3251 3254 3269 3282 3314 3319 3325 3333 3359 3360 3363 3368 3431 3558 3564 3581 3622 3633 3659 3680 3724 3730 3731 3758 3759 3776 , 2 % 93 , 1
19 36 79 99 111 117 312 343 474 490 507 581 595 677 694 720 741 776 798 862 923 1009 1016 1057 1100 1127 1161 1254 1304 1328 1374 1481 1609 1678 1684 1694 1696 1748 1750 1761 1764 1784 1815 1822 1855 1968 1977 2090 2183 2270 2290 2292 2362 2389 2397 2457 2467 2508 2516 2584 2595 2599 2619 2640 2690 2732 2811 2842 2891 2898 2946 2975 3005 3017 3060 3068 3125 3159 3200 3261 3269 3281 3435 3487 3517 3521 3530 3538 3603 3659 3683 3786 , 6 % 92 , 1
