1018 1587 1706 1789 1791 1854 1936 2015 2027 2137 2236 2271 2394 2403 2522 2526 2579 2608 2611 2737 2755 2803 2877 2879 2883 3133 3197 3212 3645 3656 3673 3754 , 1 5 % 32 , 2
327 712 1086 1321 1337 1636 1690 1751 1763 1805 1853 1931 1994 2155 2191 2315 2356 2461 2528 2534 2660 2868 2920 2931 3111 3235 3283 3436 3437 3533 3664 3783 , 1 5 % 32 , 2
1708 1772 1891 1957 2087 2127 2200 2273 2314 2456 2513 2605 2626 2848 2894 2927 3060 3087 3296 3378 3387 3395 3470 3478 3496 3546 3631 3672 3696 3782 3788 , 4 % 31 , 1
1733 1744 1786 1829 1894 2046 2144 2268 2304 2400 2455 2514 2529 2539 2578 2632 2741 2915 2939 2994 3022 3066 3112 3153 3164 3316 3549 3589 3594 3707 3727 , 1 2 % 31 , 2
396 1697 1714 1757 1773 1775 1862 1974 1990 2020 2041 2107 2167 2230 2416 2469 2594 2615 2807 2949 2988 2997 3189 3209 3281 3290 3667 3730 3737 3758 3808 , 0 5 % 31 , 2
6 12 47 51 179 198 213 230 282 299 315 420 441 598 607 705 720 788 879 922 1063 1088 1091 1110 1206 1208 1219 1325 1447 1559 , 5 % 30 , 1
1771 1851 1880 1947 2106 2138 2140 2313 2318 2331 2345 2515 2567 2582 2673 2761 2962 3003 3029 3075 3129 3183 3331 3507 3512 3542 3548 3626 3769 3805 , 1 2 % 30 , 2
1655 1695 1706 1791 1871 1893 2221 2326 2357 2392 2448 2537 2553 2560 2670 2674 2790 2877 2879 2910 3009 3052 3053 3212 3246 3277 3428 3613 3673 3695 , 1 2 % 30 , 2
1652 1731 1780 1804 2037 2105 2242 2262 2307 2368 2530 2548 2559 2600 2617 2634 2773 2941 2953 2984 3200 3204 3226 3305 3606 3675 3701 3761 3768 3799 , 1 2 % 30 , 2
53 65 96 222 329 410 427 451 534 538 589 593 648 815 978 983 1007 1042 1101 1120 1398 1467 1536 1556 1560 1566 1590 2427 3539 , 6 % 29 , 1
32 79 151 217 235 282 284 304 307 374 401 403 465 534 541 595 630 659 1013 1106 1110 1123 1158 1192 1225 1262 1353 1526 1534 , 5 % 29 , 1
26 92 211 217 265 286 311 321 395 441 665 771 782 904 920 1013 1017 1236 1262 1309 1382 1396 1601 1624 1958 2491 2505 2721 2752 , 3 % 29 , 1
0 7 154 213 228 277 315 472 524 534 563 579 590 595 644 653 760 850 854 855 922 980 989 1158 1208 1225 1236 1433 1615 , 1 % 29 , 1
77 153 261 330 350 353 383 564 863 911 943 950 964 1005 1133 1151 1276 1320 1366 1367 1408 1423 1452 1453 1463 1531 1557 1574 1621 , 1 2 % 29 , 2
1603 1641 1707 1720 1841 1919 2060 2088 2150 2154 2241 2387 2443 2464 2729 2783 2801 2818 2890 2917 3018 3049 3165 3308 3335 3374 3464 3797 3800 , 1 5 % 29 , 2
32 79 136 213 217 282 284 307 362 420 441 465 534 541 573 607 720 1013 1106 1110 1123 1158 1192 1225 1279 1353 1433 1534 , 0 % 28 , 1
1752 1757 1883 2020 2288 2320 2369 2507 2635 2822 2895 2988 2997 3007 3027 3128 3232 3280 3285 3505 3532 3680 3682 3696 3737 3739 3759 3774 , 1 % 28 , 1
131 516 849 970 1009 1034 1211 1397 1426 1680 1723 1882 1938 2064 2125 2267 2406 2504 2507 2629 2718 3005 3320 3340 3462 3479 3608 3649 , 3 % 28 , 1
1785 1816 1867 1984 1999 2005 2047 2076 2206 2287 2361 2383 2410 2430 2541 2856 2921 2928 2933 2983 3121 3227 3264 3265 3275 3610 3721 3738 , 1 2 % 28 , 2
120 496 1108 1768 1820 1954 2364 2429 2469 2477 2635 2718 2767 2780 2795 3001 3261 3280 3285 3435 3462 3489 3526 3537 3612 3697 3747 , 3 % 27 , 1
1738 1770 1771 1851 1888 1947 2072 2140 2318 2377 2566 2614 2677 3057 3205 3331 3364 3368 3376 3507 3512 3548 3551 3553 3626 3689 3760 , 0 1 % 27 , 2
11 470 483 519 564 584 765 801 863 892 950 969 1005 1015 1044 1295 1312 1320 1366 1367 1423 1452 1472 1531 1557 1574 3294 , 1 5 % 27 , 2
1296 1478 1727 1752 1796 1832 1974 2030 2115 2118 2194 2384 2523 2612 2649 2820 2854 3032 3128 3189 3233 3270 3359 3629 3759 3796 , 3 % 26 , 1
82 149 997 1674 1783 1909 1914 1945 1979 2034 2040 2196 2211 2227 2244 2291 2323 2683 2811 3156 3195 3241 3267 3516 3568 3593 , 1 5 % 26 , 2
1660 1858 1897 2009 2110 2114 2255 2268 2312 2375 2455 2514 2529 2578 2728 2741 2834 2967 3136 3190 3312 3549 3589 3681 3707 3708 , 1 5 % 26 , 2
1710 1715 1723 1752 1760 1768 1875 1907 2095 2118 2260 2267 2517 2523 2571 2610 2616 2793 2872 3179 3233 3285 3319 3559 3631 3699 , 0 5 % 26 , 2
1581 1640 1906 2047 2203 2206 2248 2287 2341 2435 2487 2569 2625 2921 2980 2986 3121 3150 3155 3186 3254 3265 3275 3286 3599 3684 , 0 1 % 26 , 2
1581 1640 1970 1973 2005 2047 2081 2100 2121 2203 2206 2248 2287 2341 2435 2569 2625 2633 2921 2980 3121 3265 3275 3286 3513 3684 , 1 5 % 26 , 2
1770 1771 1790 1808 1851 1864 1888 1947 2010 2072 2140 2318 2546 2567 2614 2677 2922 2944 3057 3368 3507 3512 3598 3626 3689 3760 , 1 5 % 26 , 2
70 161 211 258 394 418 472 524 540 585 590 760 779 989 1017 1095 1130 1142 1207 1216 1224 1382 1419 1575 1579 , 0 % 25 , 1
835 921 1009 1862 1869 1884 2014 2115 2274 2360 2406 2412 2486 2620 2648 2715 3030 3209 3290 3319 3424 3629 3654 3706 3791 , 3 % 25 , 1
26 32 108 155 228 235 304 367 374 403 427 440 465 503 556 579 599 630 659 860 980 1205 1232 1262 1309 , 0 % 25 , 1
751 1352 1589 1620 1632 1700 1722 1898 2180 2257 2501 2639 2685 2692 2708 2828 3024 3068 3115 3343 3372 3384 3477 3557 3686 , 1 5 % 25 , 2
111 149 356 884 1157 1169 1186 1778 1889 1908 1914 1932 2032 2034 2092 2196 2208 2323 2426 2570 2683 2823 2961 3450 3639 , 1 2 % 25 , 2
1641 1673 1850 1868 1902 1944 2149 2295 2336 2385 2464 2506 2508 2650 2697 2729 2783 2801 2882 3202 3308 3497 3720 3764 3797 , 1 2 % 25 , 2
1843 1965 2037 2151 2242 2265 2296 2363 2631 2827 2858 2953 2996 3085 3160 3163 3204 3287 3461 3492 3582 3606 3677 3701 3768 , 1 5 % 25 , 2
77 163 384 429 470 483 519 564 569 801 863 950 969 1005 1015 1133 1276 1295 1320 1366 1367 1452 1472 1512 1557 , 0 1 % 25 , 2
19 20 60 76 454 488 513 550 596 658 667 700 808 822 867 890 916 977 1171 1174 1256 1294 1384 1416 1499 , 1 5 % 25 , 2
20 60 76 390 413 488 513 550 658 667 700 808 840 867 890 916 977 1171 1174 1204 1294 1416 1541 2238 3449 , 0 1 % 25 , 2
147 236 388 531 592 615 666 681 784 893 919 959 1029 1134 1173 1220 1340 1343 1356 1399 1457 1466 1517 1606 3147 , 1 5 % 25 , 2
37 118 150 287 291 388 674 786 861 923 1029 1061 1065 1119 1134 1220 1253 1266 1283 1293 1340 1466 1489 1571 1606 , 1 2 % 25 , 2
