65 68 75 99 145 201 254 255 259 305 326 401 406 410 420 440 447 451 465 502 533 593 627 635 670 672 720 724 726 743 773 913 978 1013 1049 1073 1118 1122 1159 1161 1172 1185 1188 1191 1230 1309 1418 1443 1447 1565 1592 1619 , 2 % 52 , 1
23 50 66 80 115 126 187 200 300 317 337 348 352 359 373 394 398 506 687 724 740 752 827 938 1021 1092 1207 1270 1302 1385 1474 1576 1593 1609 1625 1630 1635 1924 2182 2581 2659 2666 3067 3074 3174 3387 3391 3398 3407 3441 3444 , 3 % 51 , 1
72 80 92 125 171 184 199 230 242 252 259 286 311 319 326 336 354 395 402 404 423 447 464 466 588 647 697 713 724 727 768 773 777 809 827 855 887 909 920 1008 1047 1054 1107 1219 1234 1252 1465 1576 1599 1601 , 5 % 50 , 1
1734 1811 1834 1869 1874 1938 2014 2045 2066 2090 2117 2133 2367 2373 2389 2406 2453 2533 2584 2671 2672 2718 2813 2820 2822 2857 2864 2866 2895 2908 2989 3020 3045 3089 3145 3181 3182 3263 3282 3393 3424 3526 3600 3601 3659 3668 3703 3728 3737 3785 , 0 % 50 , 1
58 74 75 127 132 165 167 199 300 305 337 340 398 506 586 631 657 698 729 742 752 764 869 888 935 1111 1128 1185 1195 1222 1230 1234 1247 1250 1251 1268 1277 1281 1368 1383 1396 1440 1448 1459 1474 1538 1591 1619 1879 , 5 % 49 , 1
2 24 99 102 114 189 227 239 251 254 273 338 410 414 430 453 469 493 546 560 561 567 583 618 634 709 758 810 872 908 933 942 951 961 1043 1065 1084 1092 1109 1151 1201 1323 1378 1408 1423 1454 1463 1596 2431 , 0 5 % 49 , 2
96 142 162 179 184 252 258 266 354 358 472 549 579 607 619 621 622 653 698 713 727 757 764 780 803 852 879 887 927 985 998 1017 1091 1104 1165 1200 1237 1252 1380 1382 1431 1465 1494 1559 1560 1585 1602 1613 , 2 % 48 , 1
68 73 81 84 85 97 116 131 207 221 242 266 328 432 449 469 474 475 576 619 646 693 730 835 855 876 882 937 984 1009 1162 1212 1287 1292 1303 1380 1391 1467 1494 1536 1714 2517 2732 2770 3041 3088 3555 3735 , 4 % 48 , 1
203 442 446 795 824 882 991 1152 1327 1536 1595 1653 1721 1814 1821 1842 1874 2057 2230 2289 2358 2594 2595 2609 2615 2672 2705 2730 2778 2799 2826 2914 3041 3124 3157 3203 3271 3318 3370 3371 3402 3463 3531 3570 3577 3668 3808 , 3 % 47 , 1
1691 1966 1998 2020 2090 2095 2104 2107 2170 2272 2310 2334 2429 2453 2533 2592 2629 2635 2644 2690 2795 2822 2891 2894 2895 2997 3000 3005 3056 3128 3142 3171 3232 3261 3281 3385 3392 3532 3587 3591 3616 3654 3667 3703 3808 3809 , 2 % 46 , 1
103 134 138 150 190 195 216 255 266 285 306 363 422 571 603 604 622 627 659 669 685 770 885 901 906 962 976 1040 1049 1070 1167 1313 1398 1433 1522 1538 1566 1592 1602 1844 2288 2612 2949 3073 3479 3663 , 6 % 46 , 1
1667 1689 1719 1727 1764 1844 1884 1943 1954 1995 2012 2062 2066 2070 2113 2194 2219 2258 2266 2310 2360 2367 2476 2589 2599 2772 2784 2889 2898 2926 3012 3056 3167 3245 3271 3301 3330 3337 3338 3340 3481 3532 3608 3665 3734 3776 , 0 5 % 46 , 2
1697 1723 1773 1775 1779 1793 1796 1966 2090 2095 2104 2107 2117 2125 2267 2305 2310 2320 2334 2389 2416 2533 2592 2615 2784 2874 2891 2988 3020 3037 3056 3201 3233 3281 3319 3337 3345 3616 3621 3649 3667 3699 3703 3785 , 1 % 44 , 1
7 53 72 136 139 165 191 198 247 275 328 336 344 354 360 438 469 486 538 541 563 577 603 619 690 730 760 777 1054 1070 1093 1123 1214 1216 1218 1287 1313 1325 1353 1383 1433 1538 1615 , 2 % 43 , 1
396 1697 1714 1757 1773 1775 1862 1974 1990 2020 2041 2107 2167 2230 2267 2311 2416 2469 2592 2593 2594 2615 2807 2872 2949 2988 2997 3032 3189 3209 3281 3290 3317 3373 3505 3601 3638 3667 3730 3737 3758 3787 3808 , 0 % 43 , 1
296 1662 1667 1705 1715 1822 1827 1885 1907 1941 1991 2102 2143 2146 2181 2186 2378 2382 2414 2431 2552 2561 2605 2644 2703 2894 2911 2943 2963 2976 2980 2995 3026 3101 3252 3272 3307 3348 3409 3511 3644 3724 3793 , 4 % 43 , 1
58 68 72 157 177 322 326 327 555 623 699 724 747 753 762 800 812 1208 1459 1482 1683 1742 1753 1898 2205 2611 2629 2721 2795 2919 3041 3109 3160 3166 3224 3285 3369 3478 3497 3606 3713 3752 3788 , 6 % 43 , 1
396 1697 1714 1757 1773 1775 1811 1862 1974 1990 2020 2041 2095 2107 2167 2230 2334 2416 2469 2594 2615 2807 2888 2895 2949 2988 2997 3020 3077 3189 3209 3281 3290 3348 3667 3682 3696 3730 3737 3758 3774 3808 , 5 % 42 , 1
10 23 29 88 212 233 238 272 280 283 348 351 366 375 409 431 621 624 670 710 757 853 878 910 938 1003 1051 1112 1122 1155 1165 1194 1199 1248 1300 1301 1349 1379 1418 1527 1585 1613 , 0 5 % 42 , 2
13 59 63 68 87 94 118 140 196 215 216 223 287 341 358 456 490 509 706 979 982 1040 1050 1077 1078 1079 1117 1132 1150 1228 1265 1363 1424 1441 1473 1577 1611 1617 1621 1627 2127 3175 , 0 5 % 42 , 2
1734 1811 1834 1869 1874 2014 2045 2066 2090 2117 2133 2373 2389 2406 2584 2671 2672 2718 2813 2820 2822 2857 2864 2866 2908 2989 3045 3089 3181 3182 3282 3393 3424 3526 3600 3601 3659 3668 3703 3728 3785 , 0 5 % 41 , 2
39 81 83 106 294 419 445 449 462 497 500 515 611 678 693 704 759 790 815 876 880 936 937 986 1030 1258 1272 1308 1317 1432 1444 1550 1553 1614 1762 1924 2691 2693 3040 3472 3744 , 0 5 % 41 , 2
376 889 1153 1269 1544 1775 1787 1995 2021 2065 2113 2258 2283 2289 2511 2520 2584 2609 2657 2793 2813 2838 2864 2908 2930 2942 2947 2989 3020 3167 3181 3182 3347 3393 3505 3601 3603 3699 3704 3758 , 3 % 40 , 1
6 51 92 125 127 132 184 199 230 242 259 300 319 336 404 447 464 466 595 697 705 764 773 809 855 909 920 1047 1063 1128 1234 1250 1268 1396 1447 1526 1576 1599 1601 1619 , 0 % 40 , 1
17 53 100 105 115 128 139 175 197 275 310 330 347 359 385 432 436 511 532 582 597 645 691 717 749 913 985 994 1046 1068 1104 1200 1227 1270 1302 1361 1450 1533 1552 1588 , 0 5 % 40 , 2
48 50 142 143 162 187 237 240 263 317 344 438 489 502 525 526 559 603 629 635 661 680 687 715 728 771 780 814 826 844 852 904 1036 1049 1118 1127 1139 1297 1591 1624 , 0 5 % 40 , 2
309 1685 1686 1856 1907 2025 2091 2101 2103 2139 2216 2226 2270 2300 2473 2516 2556 2573 2630 2643 2751 2837 2849 2896 2980 3016 3019 3158 3172 3174 3178 3243 3338 3360 3552 3592 3607 3653 3683 , 4 % 39 , 1
7 47 173 235 295 304 362 403 428 464 465 483 512 567 579 598 629 647 661 697 805 814 929 989 1154 1178 1193 1368 1419 2139 2314 2704 2727 2754 3096 3175 3405 3410 , 3 % 38 , 1
8 29 74 161 214 230 326 337 351 362 401 418 423 525 573 689 720 1117 1176 1180 1204 1244 1247 1250 1277 1279 1447 1534 1549 1623 2143 2659 2727 3131 3385 3401 3478 , 3 % 37 , 1
1710 1715 1723 1752 1760 1768 1875 1907 2095 2118 2260 2267 2334 2507 2517 2523 2571 2610 2616 2793 2872 2888 3077 3179 3233 3285 3319 3348 3559 3631 3669 3682 3696 3699 3759 3774 , 0 % 36 , 1
6 12 47 72 151 179 252 286 299 315 326 354 401 402 441 598 705 713 724 777 788 879 887 922 1054 1088 1091 1107 1110 1206 1208 1219 1252 1465 1559 1625 , 0 % 36 , 1
1644 1667 1680 1756 1875 2095 2123 2183 2373 2504 2521 2620 2648 2807 2924 2934 2942 3005 3145 3169 3317 3338 3350 3373 3375 3376 3517 3524 3554 3559 3682 3700 3739 3748 3766 3774 , 2 % 36 , 1
1710 1715 1723 1752 1760 1768 1875 1907 2095 2118 2260 2267 2305 2517 2523 2571 2610 2616 2793 2872 2942 2988 3032 3179 3233 3285 3319 3505 3559 3569 3631 3638 3649 3699 3787 , 5 % 35 , 1
53 70 72 179 184 252 258 279 284 362 401 438 585 599 625 635 698 727 728 742 766 1008 1036 1093 1123 1177 1188 1191 1216 1231 1237 1279 1526 1559 1625 , 1 % 35 , 1
1018 1587 1706 1789 1791 1854 1871 1936 1942 2015 2027 2137 2210 2236 2250 2522 2608 2737 2739 2755 2803 2877 2879 2883 2978 2991 3212 3246 3645 3656 3673 3690 3695 3754 3756 , 0 1 % 35 , 2
12 26 136 145 161 242 440 486 524 541 573 607 676 726 742 768 774 860 869 927 1017 1036 1088 1106 1110 1127 1142 1192 1205 1325 1353 1382 1433 1443 , 1 % 34 , 1
58 75 165 337 398 506 586 631 657 698 729 742 752 764 888 935 1111 1185 1195 1222 1230 1247 1251 1277 1281 1368 1383 1396 1440 1448 1459 1474 1538 1879 , 0 5 % 34 , 2
327 1086 1321 1337 1636 1690 1805 1931 1994 2099 2155 2297 2374 2411 2461 2534 2660 2688 2868 2920 2931 2965 3192 3283 3436 3480 3533 3580 3658 3664 3688 3743 3783 , 0 1 % 33 , 2
39 53 102 199 211 213 284 336 375 580 600 642 644 725 728 738 772 860 962 1008 1106 1107 1142 1192 1197 1205 1222 1225 1236 1348 1400 1419 , 2 % 32 , 1
685 1096 1243 1428 1697 1834 1943 2063 2164 2266 2593 2610 2698 2767 2988 3012 3045 3167 3206 3237 3245 3279 3284 3353 3421 3526 3553 3665 3700 3704 3730 3787 , 3 % 32 , 1
