35 168 178 232 302 307 366 600 632 689 746 825 929 1018 1026 1092 1148 1240 1291 1441 1535 1607 1634 1641 1660 1680 1718 1725 1732 1757 1770 1798 1815 1816 1831 1853 1917 1959 1978 1983 1989 2001 2010 2012 2067 2068 2082 2099 2150 2162 2163 2169 2227 2257 2268 2315 2318 2319 2327 2396 2429 2433 2455 2479 2504 2531 2532 2539 2557 2567 2578 2594 2596 2598 2600 2608 2638 2653 2664 2679 2720 2756 2769 2777 2792 2801 2834 2847 2852 2854 2855 2892 2931 3033 3183 3191 3204 3238 3282 3286 3293 3310 3322 3326 3343 3361 3377 3436 3516 3549 3596 3673 3684 3701 3711 3740 3768 3771 3776 3797 , 4 % 120 , 1
6 29 69 79 82 108 126 146 200 356 390 483 545 631 641 771 884 904 1154 1157 1180 1188 1198 1203 1355 1372 1438 1456 1508 1572 1599 1620 1623 1624 1634 1638 1642 1692 1706 1712 1724 1749 1754 1778 1816 1847 1931 1955 1965 1985 1994 2030 2079 2106 2134 2165 2167 2248 2290 2304 2311 2356 2432 2464 2503 2514 2528 2546 2559 2570 2610 2624 2635 2639 2649 2684 2741 2783 2817 2828 2843 2877 2879 2883 2951 2953 2967 2986 3005 3021 3036 3051 3086 3095 3148 3223 3241 3261 3301 3306 3308 3331 3382 3397 3445 3513 3583 3598 3605 3606 3639 3685 3695 3699 3705 3708 3752 3783 3800 3807 , 4 % 120 , 1
61 85 91 148 298 459 473 474 480 536 572 769 783 815 881 883 907 928 947 1002 1007 1318 1319 1322 1359 1398 1476 1501 1551 1556 1581 1652 1673 1720 1770 1789 1809 1812 1816 1839 1864 1947 1965 1967 1983 1986 1989 1999 2007 2010 2018 2033 2040 2056 2058 2120 2135 2137 2140 2145 2214 2248 2255 2265 2271 2318 2330 2373 2380 2403 2404 2419 2484 2533 2545 2554 2617 2634 2640 2656 2714 2739 2784 2829 2835 2841 2858 2869 2887 2890 2918 2946 2972 2981 3034 3205 3251 3300 3325 3348 3373 3425 3512 3513 3522 3525 3532 3565 3580 3585 3598 3631 3720 3725 3737 3740 3746 3756 3775 , 3 % 119 , 1
42 52 54 121 124 138 150 160 192 201 213 216 231 248 250 255 260 268 271 284 306 312 336 341 384 391 427 435 437 480 482 487 520 560 571 606 637 659 670 679 703 716 732 733 737 743 756 769 777 780 783 804 812 832 841 854 859 866 870 877 903 907 946 976 992 1004 1006 1015 1056 1085 1106 1107 1122 1131 1146 1161 1192 1215 1233 1235 1261 1317 1350 1383 1409 1410 1411 1412 1418 1422 1437 1453 1469 1473 1479 1480 1490 1506 1522 1532 1542 1566 1621 1811 2194 2214 2647 2671 2696 2725 2778 2999 3030 3231 3311 3485 3660 3706 3746 , 4 % 119 , 1
1 6 18 23 32 37 49 63 78 97 118 137 150 182 187 219 287 291 303 311 322 332 365 376 380 388 395 400 413 426 430 433 434 443 458 475 505 546 569 571 572 624 631 636 656 662 674 692 695 711 739 753 756 762 785 786 814 851 861 864 870 881 901 910 923 961 966 982 990 999 1000 1022 1029 1038 1039 1056 1061 1065 1119 1134 1155 1181 1220 1224 1228 1253 1255 1260 1266 1275 1283 1293 1295 1296 1302 1312 1317 1318 1340 1344 1363 1392 1436 1466 1489 1492 1512 1537 1541 1571 1579 1599 1606 1609 1616 1628 1879 3555 , 2 % 118 , 1
1456 1670 1684 1711 1713 1714 1748 1798 1801 1807 1810 1811 1815 1828 1839 1847 1848 1855 1869 1884 1930 1961 1969 1974 1989 1990 1996 2001 2038 2057 2061 2062 2080 2087 2093 2113 2126 2135 2160 2164 2165 2212 2219 2261 2266 2328 2342 2353 2360 2451 2460 2502 2517 2531 2554 2561 2590 2591 2616 2644 2662 2664 2666 2740 2748 2769 2800 2810 2820 2836 2837 2847 2863 2864 2870 2886 2893 2981 3012 3118 3159 3172 3177 3179 3203 3206 3225 3234 3236 3253 3255 3300 3301 3303 3304 3322 3350 3355 3369 3385 3392 3499 3525 3529 3552 3567 3619 3622 3627 3637 3642 3665 3670 3712 3762 3773 3777 3790 , 1 % 118 , 1
3 55 89 91 95 113 189 221 237 258 344 377 421 484 592 614 618 687 827 849 910 953 961 997 1006 1061 1068 1085 1168 1192 1197 1243 1261 1350 1399 1417 1444 1493 1496 1531 1628 1646 1657 1690 1710 1728 1729 1823 1827 1857 1865 1886 1913 1930 1937 1947 1970 1981 1998 2016 2082 2104 2112 2126 2193 2207 2244 2263 2267 2319 2411 2424 2452 2464 2500 2512 2565 2622 2676 2678 2679 2680 2703 2722 2753 2772 2787 2812 2834 2967 2992 3014 3023 3026 3045 3078 3082 3090 3135 3198 3243 3293 3344 3387 3491 3527 3576 3584 3586 3591 3608 3617 3645 3687 3688 3749 3751 , 6 % 117 , 1
54 91 97 180 185 257 335 389 392 393 424 452 461 508 527 553 575 684 701 723 735 799 819 836 865 874 877 899 944 972 973 995 996 1001 1072 1085 1103 1223 1299 1303 1319 1374 1398 1409 1415 1422 1435 1490 1502 1521 1556 1578 1597 1622 1675 1683 1687 1724 1753 1840 1912 1948 1958 2085 2130 2156 2176 2179 2186 2202 2247 2322 2348 2434 2439 2473 2481 2543 2568 2575 2663 2706 2758 2763 2764 2785 2805 2821 2853 2862 2875 2955 2987 2995 3023 3073 3099 3105 3127 3132 3137 3141 3176 3289 3405 3451 3452 3458 3476 3488 3544 3592 3698 3709 3714 3763 3770 , 5 % 117 , 1
14 20 31 36 57 73 83 84 94 116 117 156 157 174 208 226 234 241 251 288 339 373 387 402 408 439 448 452 455 457 483 488 501 504 509 530 535 559 566 578 587 606 613 641 649 660 700 701 731 759 778 794 796 800 818 833 841 847 862 867 897 934 940 947 949 952 965 974 991 1016 1041 1048 1064 1067 1078 1082 1150 1173 1180 1210 1261 1280 1308 1316 1347 1360 1385 1399 1427 1428 1442 1444 1457 1470 1479 1480 1488 1507 1517 1529 1530 1545 1556 1577 1593 1594 1604 1617 1622 1624 1645 2376 2732 3449 3473 3486 , 2 % 116 , 1
131 218 306 411 496 522 775 821 842 975 1009 1058 1059 1141 1167 1190 1354 1411 1429 1449 1461 1476 1485 1498 1503 1510 1580 1608 1687 1693 1725 1730 1747 1754 1825 1866 1903 1922 1925 1939 1953 2008 2018 2021 2068 2083 2102 2120 2141 2175 2209 2247 2251 2276 2279 2280 2298 2321 2354 2386 2417 2423 2434 2471 2473 2479 2482 2490 2497 2557 2564 2596 2621 2655 2687 2696 2699 2715 2786 2789 2829 2875 2936 2956 3095 3125 3132 3140 3176 3252 3262 3273 3309 3346 3379 3398 3426 3430 3432 3450 3465 3466 3493 3498 3535 3538 3546 3596 3698 3704 3709 3713 3723 3725 3736 3780 , 1 % 116 , 1
8 51 125 265 352 492 559 705 1063 1143 1186 1193 1227 1244 1272 1413 1429 1471 1700 1748 1764 1771 1773 1783 1841 1851 1864 1893 1894 1909 1910 1921 1937 1944 1950 1979 2005 2008 2009 2029 2047 2053 2059 2064 2129 2135 2144 2156 2188 2211 2237 2239 2241 2243 2287 2307 2334 2335 2340 2392 2404 2467 2522 2529 2553 2579 2631 2661 2674 2728 2746 2752 2781 2921 2933 2939 2942 2946 2969 2975 3001 3053 3119 3168 3200 3219 3249 3265 3268 3277 3298 3412 3428 3451 3472 3481 3507 3521 3525 3604 3625 3626 3630 3640 3643 3645 3648 3657 3714 3716 3721 3734 3755 3785 3808 , 4 % 115 , 1
1 48 86 128 146 151 175 182 189 209 228 233 272 276 305 315 430 457 493 503 505 519 532 534 545 546 586 597 601 608 634 645 692 698 727 746 749 777 789 793 798 801 803 831 893 900 935 952 1003 1044 1045 1077 1107 1118 1133 1164 1242 1284 1312 1340 1355 1367 1393 1399 1424 1452 1454 1457 1524 1527 1574 1586 1663 2085 2157 2181 2202 2218 2423 2471 2642 2663 2703 2726 2878 2927 2974 3014 3090 3100 3102 3115 3141 3158 3178 3214 3354 3363 3378 3404 3414 3423 3439 3452 3458 3468 3491 3511 3618 3625 3632 3643 3661 3709 3716 , 3 % 115 , 1
203 306 496 521 522 912 1059 1434 1603 1655 1691 1692 1695 1707 1720 1744 1795 1797 1838 1841 1887 1899 1901 1919 1980 1981 1991 2021 2039 2046 2060 2103 2105 2192 2207 2241 2246 2262 2299 2308 2309 2333 2365 2380 2387 2401 2432 2443 2452 2459 2464 2470 2496 2530 2537 2542 2556 2560 2600 2606 2666 2670 2714 2733 2743 2783 2786 2788 2794 2801 2818 2824 2833 2839 2848 2865 2893 2918 2928 2935 2954 2963 2976 2990 2991 2999 3018 3022 3038 3042 3049 3103 3114 3165 3184 3200 3238 3256 3257 3272 3278 3291 3305 3315 3321 3335 3339 3464 3522 3635 3647 3687 3752 3797 3803 , 0 5 % 115 , 2
13 21 89 141 165 210 215 236 249 289 301 382 416 453 504 564 583 595 615 618 623 646 667 706 710 714 736 748 758 763 765 780 922 924 934 941 961 987 999 1088 1136 1151 1173 1194 1220 1222 1255 1320 1325 1342 1345 1356 1357 1364 1381 1383 1392 1416 1423 1425 1427 1438 1471 1475 1500 1505 1557 1569 1584 1618 1696 1728 1749 1913 1933 1949 1953 1956 2083 2101 2156 2247 2269 2340 2457 2482 2490 2500 2627 2690 2746 2825 2936 2968 3035 3138 3146 3173 3289 3396 3434 3493 3506 3544 3557 3672 3693 3702 3714 3719 3723 3736 3780 3795 , 3 % 114 , 1
4 8 26 80 86 93 94 262 270 290 295 307 309 345 434 518 533 547 675 732 745 751 810 821 832 863 895 929 933 953 993 1102 1157 1184 1189 1201 1228 1231 1330 1390 1423 1501 1573 1596 1636 1643 1701 1771 1789 1790 1797 1867 1875 1877 1894 1947 1958 2026 2137 2145 2246 2284 2317 2320 2322 2351 2371 2409 2431 2434 2505 2545 2548 2621 2668 2719 2736 2754 2796 2815 2840 2918 2927 2993 3043 3094 3101 3102 3112 3140 3141 3174 3192 3199 3218 3223 3246 3276 3294 3300 3327 3341 3389 3492 3546 3560 3562 3582 3620 3634 3698 3734 3750 3765 , 6 % 114 , 1
54 56 91 97 124 152 177 257 335 389 392 393 424 461 478 481 508 527 553 684 701 723 735 767 799 819 836 874 877 899 973 1062 1072 1075 1085 1103 1113 1153 1186 1223 1263 1271 1299 1303 1319 1329 1351 1387 1388 1409 1415 1439 1490 1497 1521 1556 1573 1597 1675 1687 1724 1840 1912 1948 1975 2130 2174 2176 2179 2186 2202 2243 2247 2322 2438 2439 2449 2473 2481 2490 2543 2568 2575 2596 2647 2653 2706 2763 2875 2955 2987 2995 3023 3099 3105 3125 3132 3137 3176 3289 3379 3401 3414 3451 3452 3458 3476 3488 3491 3546 3555 3592 3698 3770 , 0 % 114 , 1
13 18 19 20 31 38 45 60 76 89 166 200 214 215 309 321 333 339 364 379 382 386 390 413 428 442 445 448 454 456 488 500 509 513 550 576 596 606 640 643 655 658 667 675 689 700 704 759 762 798 808 822 825 840 867 870 881 890 916 936 945 949 977 986 988 1000 1004 1007 1025 1030 1050 1076 1077 1078 1079 1082 1096 1144 1153 1171 1174 1193 1201 1204 1256 1275 1280 1284 1294 1308 1318 1322 1334 1384 1394 1416 1427 1436 1479 1499 1511 1528 1529 1541 1545 1604 1627 2019 2079 2238 2694 3412 3449 3770 , 1 % 114 , 1
11 21 44 51 59 106 107 110 125 141 189 196 205 212 225 236 245 246 248 267 312 348 351 359 379 381 391 462 493 497 498 531 558 584 592 602 614 615 629 634 666 673 675 704 705 707 740 741 771 784 822 834 840 843 875 893 904 916 924 940 941 948 986 988 1004 1014 1022 1052 1063 1081 1097 1101 1114 1124 1132 1145 1171 1174 1189 1219 1223 1240 1241 1270 1290 1292 1303 1311 1318 1322 1333 1343 1356 1384 1395 1412 1445 1450 1454 1462 1467 1479 1500 1515 1520 1569 1570 1573 1611 1669 2019 2427 2693 , 2 % 113 , 1
33 101 103 148 177 206 293 412 437 459 473 492 518 520 543 620 650 668 745 776 816 858 898 970 993 995 1034 1075 1113 1149 1160 1235 1249 1264 1267 1298 1329 1335 1369 1397 1401 1464 1497 1543 1578 1630 1635 1638 1659 1665 1683 1702 1721 1732 1817 1840 1860 1940 1960 1963 1975 1977 2082 2116 2139 2148 2174 2187 2204 2322 2348 2358 2370 2393 2436 2442 2449 2465 2481 2503 2575 2585 2601 2704 2762 2763 2805 2826 2945 2951 2987 3062 3068 3083 3086 3097 3106 3152 3154 3263 3268 3289 3313 3400 3403 3451 3482 3485 3609 3666 3678 3742 3792 , 1 % 113 , 1
188 292 297 323 665 915 1128 1181 1231 1510 1650 1676 1701 1702 1719 1735 1739 1743 1744 1777 1793 1843 1850 1861 1868 1875 1877 1881 1906 1982 2046 2054 2081 2182 2184 2203 2207 2246 2291 2296 2313 2367 2389 2397 2416 2430 2435 2443 2460 2487 2490 2493 2524 2564 2574 2588 2613 2614 2625 2646 2687 2726 2740 2791 2794 2809 2856 2898 2907 2910 2929 2941 2960 2993 2998 3009 3010 3022 3028 3063 3071 3109 3110 3118 3133 3199 3224 3228 3251 3256 3303 3304 3327 3352 3380 3394 3453 3461 3480 3499 3535 3551 3600 3619 3677 3690 3697 3739 3743 3753 3790 3799 3802 , 4 % 113 , 1
5 13 22 27 34 38 124 126 144 164 200 210 220 253 256 257 265 377 386 425 428 444 494 495 499 500 513 548 617 626 648 655 681 688 689 715 735 755 770 783 791 849 857 865 877 882 890 902 907 918 944 945 960 981 1010 1023 1025 1030 1034 1037 1050 1069 1074 1077 1079 1085 1087 1092 1094 1100 1121 1175 1178 1227 1246 1254 1256 1257 1268 1284 1286 1294 1306 1307 1331 1334 1341 1362 1398 1403 1405 1420 1422 1424 1455 1477 1521 1523 1536 1540 1546 1548 1551 1627 2647 2719 2752 2862 3294 3412 3457 3798 , 2 % 112 , 1
19 20 60 71 76 129 130 135 150 158 168 178 183 202 208 209 210 216 221 234 269 289 363 387 400 434 439 454 482 488 498 501 513 545 548 550 562 571 578 591 594 596 602 656 658 662 664 667 695 700 722 734 744 746 750 785 786 787 808 822 839 843 862 867 890 903 916 931 965 966 977 983 992 1014 1023 1038 1048 1053 1056 1061 1090 1114 1117 1120 1147 1171 1174 1176 1246 1253 1256 1283 1294 1314 1345 1384 1389 1416 1470 1486 1499 1514 1564 1567 1571 1628 2182 3074 3410 3487 3653 3661 , 5 % 112 , 1
33 274 293 298 898 915 970 1034 1057 1108 1169 1330 1411 1501 1607 1633 1651 1685 1731 1735 1740 1766 1849 1854 1856 1876 1927 1937 1962 2044 2053 2054 2058 2091 2096 2134 2145 2221 2231 2232 2240 2245 2254 2295 2317 2347 2354 2355 2378 2392 2405 2422 2440 2488 2506 2552 2553 2572 2573 2636 2656 2667 2679 2681 2720 2790 2815 2826 2867 2881 2882 2892 2899 2961 3015 3019 3059 3094 3101 3119 3139 3144 3149 3188 3198 3222 3243 3249 3309 3356 3363 3385 3425 3428 3429 3438 3439 3467 3510 3521 3597 3607 3614 3615 3617 3623 3646 3666 3761 3765 3775 3779 , 0 5 % 112 , 2
120 1518 1544 1653 1688 1713 1737 1738 1776 1779 1782 1784 1815 1826 1835 1861 1864 1873 1921 1951 1992 2006 2024 2028 2059 2061 2104 2106 2128 2129 2188 2195 2252 2301 2327 2329 2342 2343 2353 2362 2410 2451 2475 2484 2516 2531 2545 2546 2558 2565 2567 2624 2644 2652 2657 2730 2769 2817 2855 2863 2886 2894 2948 2969 2981 2982 2983 3006 3017 3030 3043 3048 3070 3080 3092 3142 3159 3215 3237 3248 3250 3251 3255 3264 3270 3279 3306 3322 3325 3334 3347 3371 3382 3419 3525 3534 3545 3553 3562 3567 3571 3579 3621 3628 3633 3637 3705 3706 3727 3801 , 0 % 110 , 1
20 43 44 60 71 76 110 130 135 150 157 158 168 178 202 209 221 232 234 269 363 390 413 434 439 444 479 488 498 501 513 530 545 548 550 558 562 577 578 591 602 639 656 658 662 664 667 695 700 732 734 746 750 786 808 831 840 843 859 862 867 890 900 901 903 914 916 931 940 965 977 992 1023 1027 1038 1048 1053 1056 1100 1114 1120 1137 1147 1171 1174 1189 1198 1204 1246 1283 1294 1305 1342 1389 1416 1460 1486 1514 1541 1564 1567 1590 1628 2182 2238 2538 3074 3410 3449 , 0 % 109 , 1
37 87 118 126 140 147 150 189 192 202 227 229 236 246 251 267 287 291 301 329 351 363 366 388 439 451 479 493 529 531 558 592 604 615 634 660 666 674 678 681 708 741 744 784 786 839 844 861 876 893 906 919 923 937 955 959 963 992 1029 1042 1061 1065 1067 1083 1114 1116 1119 1128 1134 1146 1173 1220 1240 1253 1266 1270 1283 1293 1305 1314 1332 1336 1340 1343 1356 1390 1399 1403 1445 1457 1466 1473 1489 1517 1520 1525 1569 1571 1594 1605 1606 1611 1612 1669 2538 2752 3147 3342 , 1 % 108 , 1
21 36 41 52 63 93 94 95 141 156 174 176 193 196 216 224 225 256 283 295 322 323 324 341 400 425 434 449 457 463 479 482 504 510 512 530 566 578 581 612 614 617 662 695 714 715 718 737 740 778 796 828 829 834 838 859 871 880 901 903 924 929 931 934 938 940 965 966 979 982 990 1035 1039 1056 1074 1080 1081 1097 1132 1154 1180 1187 1210 1244 1258 1260 1268 1304 1333 1338 1347 1356 1363 1391 1392 1412 1486 1496 1524 1537 1553 1577 1590 1591 1593 1596 2376 3473 , 1 % 108 , 1
446 824 885 1018 1152 1568 1587 1634 1648 1658 1706 1729 1736 1745 1777 1780 1781 1789 1791 1800 1804 1830 1833 1836 1852 1854 1857 1878 1896 1936 1952 1957 2013 2015 2027 2035 2049 2052 2137 2142 2149 2161 2201 2224 2225 2233 2236 2286 2307 2332 2358 2388 2391 2398 2420 2450 2478 2493 2508 2522 2576 2608 2658 2695 2696 2711 2716 2736 2737 2751 2755 2759 2773 2803 2809 2819 2877 2879 2883 2909 2915 2958 2984 3060 3109 3117 3122 3196 3199 3202 3210 3212 3226 3299 3316 3365 3392 3411 3540 3590 3605 3645 3656 3673 3713 3754 3764 3806 , 0 5 % 108 , 2
30 41 45 104 138 180 292 316 378 386 408 417 460 475 492 510 544 572 574 576 606 684 755 792 800 841 865 881 897 917 944 947 967 972 981 1019 1064 1163 1182 1238 1241 1315 1318 1322 1362 1373 1374 1422 1442 1471 1516 1540 1583 1645 1649 1663 1683 1702 1718 1732 1753 1788 1818 1870 1916 1958 1963 2019 2122 2156 2175 2209 2340 2370 2382 2427 2441 2474 2492 2519 2527 2562 2663 2734 2805 2821 2862 3004 3023 3127 3174 3180 3252 3259 3387 3405 3448 3468 3504 3527 3561 3663 3709 3714 3742 3763 3792 , 0 % 107 , 1
5 7 37 78 205 230 247 273 292 293 381 420 428 432 439 450 513 543 578 588 594 639 665 678 701 714 743 754 819 891 941 954 981 992 1076 1130 1148 1194 1266 1348 1408 1409 1412 1479 1509 1527 1543 1557 1701 1713 1778 1836 1880 1890 1906 1909 1940 1945 1989 2012 2044 2045 2064 2075 2085 2123 2144 2333 2339 2365 2420 2474 2518 2563 2566 2623 2634 2642 2661 2700 2737 2773 2774 2802 2841 2889 2924 2935 2964 3103 3108 3155 3162 3294 3305 3336 3348 3408 3420 3476 3541 3628 3650 3675 3697 3744 3808 , 6 % 107 , 1
10 11 15 16 17 23 39 62 68 77 88 92 127 153 163 205 212 223 261 330 338 347 348 350 353 359 380 383 384 426 429 450 470 483 519 554 559 560 564 569 571 577 583 584 589 629 641 645 654 699 709 710 765 801 814 832 863 878 892 904 911 933 943 950 951 964 969 1005 1015 1027 1040 1044 1053 1068 1122 1133 1151 1155 1226 1234 1255 1274 1276 1295 1300 1312 1320 1350 1366 1367 1377 1408 1423 1450 1452 1453 1463 1472 1512 1531 1547 1557 1574 1592 1610 1621 3294 , 1 % 107 , 1
8 35 44 59 67 83 85 106 107 110 130 137 144 158 159 183 208 210 222 234 239 241 245 248 253 332 334 373 377 387 391 443 448 455 458 462 474 497 498 501 530 548 562 567 572 587 602 639 649 656 665 706 719 731 732 739 756 763 785 794 805 810 843 853 862 900 914 918 941 952 1014 1022 1038 1041 1045 1048 1092 1096 1121 1125 1145 1150 1228 1241 1259 1265 1289 1290 1311 1317 1395 1412 1424 1480 1492 1505 1570 1573 1614 1617 1623 1628 2427 2693 3408 3487 3575 , 1 % 107 , 1
61 320 424 514 542 568 685 751 761 775 802 821 824 845 866 885 926 1057 1152 1269 1330 1339 1352 1402 1563 1589 1620 1632 1639 1643 1647 1663 1700 1722 1898 1920 1926 1935 1972 2022 2074 2085 2089 2143 2152 2156 2177 2178 2180 2202 2243 2257 2391 2395 2424 2474 2489 2501 2524 2562 2639 2654 2663 2665 2678 2685 2691 2692 2700 2706 2708 2756 2828 2843 2853 2876 2902 2919 3023 3024 3068 3082 3086 3096 3110 3115 3141 3174 3288 3302 3343 3349 3372 3384 3452 3455 3477 3483 3488 3504 3557 3595 3650 3685 3686 3763 3804 , 1 % 107 , 1
4 10 24 42 62 70 80 88 105 114 121 129 160 163 190 192 197 202 204 217 237 249 250 263 264 271 285 300 310 334 349 367 368 369 370 416 423 441 449 464 466 484 490 506 511 526 532 539 540 560 561 582 597 598 605 610 623 645 678 680 699 710 749 750 752 765 826 827 832 892 894 933 942 951 958 963 983 984 1020 1027 1040 1051 1053 1095 1098 1109 1139 1146 1153 1199 1239 1297 1314 1323 1350 1378 1390 1437 1472 1514 1522 1533 1555 1564 1576 1598 , 2 % 106 , 1
17 74 79 85 87 92 95 115 123 127 140 147 166 169 193 222 229 231 278 290 297 307 338 341 342 347 355 371 385 442 453 479 482 507 519 525 529 552 554 576 583 609 612 618 661 687 718 732 748 758 788 793 801 838 859 871 880 899 903 908 919 920 955 956 979 987 992 1007 1029 1031 1032 1042 1044 1046 1068 1080 1084 1096 1116 1126 1143 1187 1211 1234 1242 1247 1260 1274 1289 1300 1305 1361 1368 1393 1396 1426 1430 1486 1525 1553 1588 1595 1601 1605 1612 1614 , 2 % 106 , 1
50 52 67 77 100 108 113 143 153 195 216 233 240 243 261 262 272 282 286 299 301 302 317 319 329 330 337 350 353 363 367 383 389 474 487 489 564 591 647 687 697 717 737 744 774 797 809 828 829 839 863 872 906 909 911 931 943 950 959 964 1003 1005 1006 1012 1020 1026 1043 1055 1083 1129 1133 1136 1151 1177 1209 1231 1248 1250 1259 1276 1320 1332 1338 1358 1361 1366 1367 1408 1423 1425 1452 1453 1463 1473 1474 1475 1504 1527 1531 1557 1574 1590 1621 1626 2538 , 2 % 105 , 1
131 845 889 895 1009 1324 1369 1478 1661 1673 1678 1698 1703 1704 1711 1733 1785 1786 1794 1812 1813 1819 1823 1827 1843 1894 1911 1941 1950 1967 1988 2037 2086 2151 2158 2162 2198 2264 2265 2275 2283 2296 2326 2336 2344 2351 2361 2385 2400 2448 2462 2466 2485 2494 2495 2605 2618 2631 2645 2668 2749 2768 2775 2776 2778 2779 2827 2841 2858 2953 2966 2973 2992 2996 3011 3026 3029 3031 3058 3081 3164 3168 3204 3274 3287 3298 3310 3323 3420 3459 3461 3528 3530 3541 3564 3582 3606 3620 3636 3652 3677 3701 3710 3720 3769 , 0 5 % 105 , 2
32 43 295 342 402 424 512 567 638 995 1166 1168 1648 1666 1672 1729 1733 1779 1786 1794 1804 1837 1840 1866 1867 1890 1892 1901 1979 2066 2094 2114 2133 2189 2195 2236 2245 2284 2294 2295 2343 2355 2357 2361 2400 2452 2454 2492 2506 2545 2549 2564 2586 2589 2591 2632 2652 2717 2729 2763 2773 2850 2851 2882 2898 2901 2962 2978 2984 3015 3040 3050 3100 3102 3131 3143 3184 3195 3226 3227 3269 3275 3289 3312 3325 3335 3355 3381 3403 3433 3497 3501 3548 3573 3594 3610 3623 3642 3646 3648 3667 3689 3733 3777 , 4 % 104 , 1
28 30 41 45 56 98 104 109 134 138 292 314 339 361 372 386 405 415 417 476 523 528 535 547 572 606 626 651 663 671 686 846 873 875 891 905 917 930 948 968 971 988 1007 1028 1060 1082 1089 1099 1156 1217 1241 1254 1261 1271 1278 1286 1304 1318 1326 1336 1373 1405 1410 1414 1458 1462 1480 1488 1509 1583 1604 1654 1818 1860 2166 2197 2204 2235 2427 2447 2510 2669 2719 2726 2746 2979 3076 3096 3100 3259 3332 3399 3430 3434 3445 3468 3469 3478 3490 3495 3523 3527 3718 3792 , 5 % 104 , 1
1 11 49 113 126 170 182 249 267 268 301 365 373 406 416 470 471 483 505 519 538 552 555 564 565 580 584 610 619 622 623 636 637 660 672 673 674 679 692 696 702 721 730 731 741 743 748 765 793 796 801 817 851 863 864 892 929 950 969 998 1005 1015 1044 1055 1140 1154 1161 1172 1193 1210 1218 1242 1245 1287 1295 1312 1320 1333 1358 1366 1367 1385 1393 1423 1425 1430 1452 1472 1475 1531 1532 1549 1557 1562 1574 1593 1598 1613 1616 2376 3294 3412 3486 , 5 % 103 , 1
