249
1360
3202
1068
212
2346
2509
1078
1031
3340
3169
3799
397
1824
2017
3762
1379
2027
3641
2373
1124
280
443
3571
1892
1425
3734
2369
865
2703
3363
1684
3526
911
674
1777
3238
466
1110
3248
258
1448
22
100
1040
512
1452
3761
2809
151
2947
1916
1133
2794
2109
2910
90
2586
3733
2877
1216
2331
2210
2840
3784
1475
86
1008
164
3317
1354
957
2261
1146
2140
2770
2303
2599
628
1859
3622
1076
1239
3501
6
1202
2645
187
1377
2025
2808
1340
1169
313
1970
2163
2793
2326
1544
233
863
3015
2367
1052
3361
2330
2093
655
2960
2668
3316
2890
2423
748
1938
2052
3246
627
1901
2561
886
2724
2353
3547
678
1868
2516
3510
3339
2024
349
1710
487
1131
3269
1761
1706
2584
2117
1098
1432
2376
43
3370
3199
2885
1224
1006
325
39
1774
2422
747
1154
3082
3245
1729
2560
265
66
4
2927
1200
3338
1830
2023
348
3301
70
2282
1501
2445
941
2608
570
3268
1760
3602
2583
3231
3806
3435
3198
2167
2676
1015
1361
334
3499
2468
964
1153
1783
2213
1357
3666
1987
2398
2351
209
2981
1866
839
1028
3337
2143
3184
2652
3300
3129
194
357
1547
2073
1588
2236
611
3059
1551
240
699
2537
1222
3531
1852
2329
170
2249
3527
125
2259
2212
1727
1574
263
2397
893
2360
1245
218
3554
1408
1875
2772
801
2935
193
259
1620
1175
3721
2606
23
731
494
1921
3600
2865
1597
3058
2744
1476
3651
2948
3359
824
2837
332
1272
3114
591
3623
2258
1944
754
2767
3415
3456
1244
1874
847
800
3182
2934
1036
2151
192
2030
355
2660
1295
518
3137
2605
3646
1749
2864
1378
2493
1712
2656
1341
2535
1850
2327
2957
1012
1689
2053
1022
1197
45
2094
1780
753
1943
3251
1105
2049
891
3043
2558
3673
1527
683
1873
2521
1406
846
3181
3756
220
1410
2233
1758
1711
447
3229
2544
3070
2118
614
1804
960
243
1433
2627
2256
1942
1225
2419
1104
3089
270
3617
1155
2349
1034
474
1664
637
1293
983
1456
1619
3394
2613
1248
567
1757
1178
868
2325
3603
1057
1687
2335
3778
2681
1020
3788
2636
3296
1854
2047
1992
2640
2469
2978
2195
691
636
2941
1043
3764
1618
2515
2278
1247
3556
566
1919
195
1385
2033
358
1548
2542
1219
830
659
2964
2334
2909
1431
3569
2538
2884
3532
52
130
760
2894
2209
3087
3324
552
431
2565
3680
2194
223
3091
2310
3254
9
264
894
427
936
3718
565
2870
2250
1765
3226
1969
3277
1848
3786
621
88
796
1440
1269
1603
2263
1232
922
1523
963
1199
3624
1945
2356
3416
1671
644
1834
2494
1463
564
3509
1546
2661
3138
519
1393
3017
2453
3494
657
1301
2124
2917
2383
550
1740
1569
2217
2684
342
3211
1532
221
1161
2355
851
2985
1087
3633
425
272
3207
1462
217
2522
1407
2285
18
3345
573
736
2823
365
2749
244
3809
2378
1300
2961
3438
1759
285
2590
3067
2916
3576
3739
1230
920
1156
2271
3094
1902
2846
2063
1531
971
133
679
2984
1323
3414
2929
1832
1115
3424
271
3599
943
3191
105
984
517
2822
1336
3645
1966
2377
3808
1346
665
2169
1484
2
1276
3585
202
2336
1021
3330
711
1651
3789
340
3668
3122
503
2637
3297
3631
1952
688
3260
2145
3423
3052
2520
1882
1415
26
2075
2868
1207
363
2201
526
155
1345
2168
2751
293
609
1549
1483
94
1275
2390
248
201
1438
49
3529
2098
757
710
2844
2224
1109
549
1739
2854
3047
1368
2265
761
2307
3051
2566
2729
1251
1881
2292
854
2358
1261
3352
2237
3515
1836
3144
1181
3282
2797
1136
292
2913
2589
1274
3116
247
2126
385
1812
2005
3120
177
1367
1320
1997
1330
1159
2153
1297
1413
2357
853
1042
3351
1672
2320
2866
1835
361
3143
524
2028
2658
153
1343
316
2621
825
2959
3607
672
1928
1273
3648
2551
1436
409
3374
1695
2889
3537
10
1737
2481
2014
1366
969
2523
3467
302
2055
551
3249
848
2218
1111
3212
1533
2574
1088
1051
2245
3189
741
1214
1389
315
945
3443
574
1764
2958
737
3072
616
2921
2550
408
3373
3536
3383
2898
546
3795
1019
1602
1995
2643
968
3703
597
301
2435
2781
2314
639
810
268
2573
3767
3559
1203
2147
643
1833
2777
806
198
2819
2448
944
791
324
2411
3605
499
670
1143
3081
2596
625
2129
407
3656
666
3164
2133
1018
2679
96
2012
3119
300
930
3257
638
3210
3669
267
2572
3002
2517
860
689
31
1842
531
2035
2294
323
1762
2869
1717
2595
873
406
2711
253
1443
1509
2387
3381
2896
391
3173
554
1027
3336
128
2062
2225
3419
1878
2526
1095
1211
3520
3349
1841
1003
989
81
2456
2619
114
289
2594
623
1563
2757
3405
3034
415
2720
2502
827
3792
3325
2761
1
1493
1026
965
3117
182
2803
3710
3539
12
1910
3265
646
1119
2733
1998
1331
3640
3469
1210
2784
813
1002
80
951
3103
1140
113
743
2029
2830
2593
1715
1562
1233
3608
673
3334
2219
1655
715
344
974
507
919
2060
3167
2070
1585
511
3209
274
1701
2015
3056
219
2524
1256
1886
2316
3357
2825
2108
950
3102
1890
2083
1598
742
2876
371
3069
2038
534
297
1724
2384
2394
1807
1491
1024
1654
343
3592
3755
1325
2269
765
394
3263
1584
2232
1747
273
436
1376
477
2945
440
1630
603
366
2737
3101
33
158
1978
2972
2667
1515
3290
2175
204
2338
3332
1653
2476
3591
3124
972
505
56
2486
1954
2602
927
709
556
2013
2806
1375
1538
2198
1884
857
3009
1046
2324
1209
820
2670
2499
528
1468
740
3188
2244
1213
2091
3522
579
2036
3077
3660
2392
2708
2555
833
680
1069
2759
1281
3753
2388
1607
1236
3545
555
2860
3053
281
3475
856
485
2790
2105
3776
2115
78
3558
2461
1096
3521
2406
3447
1768
3076
1101
2045
2391
1142
2183
1698
2128
624
3243
2758
3406
416
2721
2484
980
1453
64
925
3544
772
1962
346
509
692
2530
2359
1165
3007
2989
2322
2952
1837
3145
3308
77
318
2470
2299
577
530
540
369
2674
1559
1512
3104
2553
3497
878
3613
211
1151
3460
470
299
1660
3798
7
3380
1234
3543
3172
2057
2067
1535
1382
2813
864
2321
2998
3428
275
1465
2113
76
1094
2372
2251
3195
2881
910
3358
2043
368
1558
2206
702
1568
331
3659
3404
1488
3589
1614
599
303
1789
3552
933
1122
2066
17
725
1381
3690
136
1793
1326
766
3427
808
2789
3565
400
1419
793
3728
1266
585
118
367
2672
2205
3149
1557
2835
3495
330
1349
3658
1979
2343
1312
1487
3250
1821
423
186
1613
2969
1242
3333
1817
2695
190
506
353
1172
3481
2366
862
807
1844
2788
283
3564
228
1885
2533
1418
695
29
1047
2671
2204
1719
255
1195
885
3667
1237
677
2134
1612
2719
2185
1871
3713
2064
1033
2857
3505
399
352
515
1705
1964
3425
490
719
2787
1126
1472
1005
2903
2579
954
2087
1773
3365
1936
2050
3244
375
2680
1565
1194
120
2254
750
1139
458
2763
3411
2926
1495
3040
2773
3749
1287
2718
977
3712
1250
1032
3341
351
3679
3133
3012
1333
773
2277
1180
3271
2949
444
1634
2912
3572
1893
1208
582
1055
2879
1193
3035
2471
3665
2004
500
675
3294
2980
1148
1494
2142
467