3144
1360
2612
2717
937
1286
1068
3490
2797
3169
2072
1587
3074
2017
3237
3762
2647
1274
3583
3688
3641
1284
443
2472
501
3225
2635
3579
1262
1320
1950
36
2361
686
744
1217
2936
1009
3318
2003
2252
2987
3293
3609
482
1777
2149
466
2495
3143
2716
153
258
3652
1973
2621
2442
825
3549
3502
100
396
1040
2588
3018
934
1695
1753
489
3061
442
1737
2109
2739
1366
510
2014
969
3580
1683
2877
1111
2331
1846
3307
3096
2218
1788
2840
1475
269
794
3663
1984
3292
3397
778
1146
2261
1204
2140
2245
3360
2599
3247
887
1134
3501
558
1498
3235
2645
2921
2025
3686
245
1282
150
859
1074
3383
2326
2898
1544
1649
175
2480
2643
3015
968
2997
1157
597
3361
2330
3524
1787
3095
3153
2944
3316
2048
2001
2678
602
69
2736
3730
1775
643
3512
748
1938
2777
806
2890
3304
435
2819
1388
2561
886
3563
1609
3726
3489
1981
20
2411
3605
499
2862
2967
3081
2654
407
1539
3551
1168
16
1798
3164
1018
2133
1706
3232
1994
2805
872
1319
693
1061
751
3199
1006
2121
1636
2296
897
3049
3002
31
1774
3616
2527
3082
473
3408
2665
3037
82
2570
3488
790
1513
3354
735
2144
3338
3080
1717
2595
348
1280
311
2503
103
496
554
2688
717
612
3336
2099
128
2375
1843
1948
1223
3781
2225
542
2046
608
1015
2676
3791
2734
600
1703
3736
1524
1878
2977
1841
359
2398
2351
952
209
2981
1083
676
3279
1771
1304
1658
289
1563
2757
310
1605
1137
398
2178
102
2236
456
732
1646
1
2924
3117
2803
3805
403
1947
3473
662
1852
2500
1957
1910
483
3160
2675
1014
2733
170
2420
592
2096
1039
2212
1669
1727
2663
988
1574
80
1632
2731
35
801
2830
2935
2593
1562
259
2814
1725
1449
3758
881
2548
768
1070
2501
3608
2511
836
1921
2865
731
3429
1492
1025
3334
2849
1818
3068
3593
2478
974
507
3651
11
1851
2795
548
1738
2070
2015
1701
3581
2524
2629
1256
124
696
1314
754
1944
812
1048
738
1106
1736
328
892
950
1890
1874
1302
1932
3240
534
3757
2918
2660
413
1295
985
2547
3720
2394
2605
1337
1967
3704
2615
1491
3057
2493
1712
1283
697
2714
3650
2164
2440
2269
1679
3442
1860
1747
2683
3743
1780
1063
477
3251
382
545
1630
3768
2395
3043
2558
1527
3731
158
216
1873
2521
846
1931
2092
1311
1035
296
3507
2667
3756
2000
2546
3548
21
3606
2233
2338
834
1144
2080
3274
1490
2243
1128
1816
3591
505
1445
56
1608
134
2544
1429
764
927
2956
1820
2013
2118
3054
1270
1433
2627
44
122
694
1884
2532
3009
1225
915
2161
1046
1104
3413
544
1734
707
1114
2499
3205
1097
740
569
2244
903
3343
3409
532
637
1722
1827
2942
3077
1398
2392
1965
2337
1248
3615
2242
1757
2759
2817
3753
2388
868
2897
1582
555
1745
2681
2473
2006
226
1988
3008
543
648
2677
601
706
994
2010
2469
319
1430
3568
3521
3626
691
578
2883
1043
3410
3134
2391
1189
2183
3614
1935
566
729
471
3064
2033
3752
416
179
980
3486
1511
2276
3707
2334
3528
935
2964
1591
183
1431
2651
3740
2538
52
1328
913
2264
760
2894
647
3266
610
1800
1629
3680
2565
318
1534
948
223
1767
2310
3312
3075
2827
1396
369
2674
3104
3392
2611
1522
1409
211
1151
1697
2975
470
3798
291
1823
454
2483
1234
1864
1081
2057
2687
2592
2125
2650
2755
508
1382
1269
3578
234
1891
1053
3362
809
3428
2685
2113
76
1523
3115
180
1370
2372
3624
3729
1945
2193
2356
2414
8
2043
2673
702
3772
3029
1568
2286
782
3183
2698
622
727
261
1451
3589
3542
1338
1080
1960
657
1064
17
1122
2696
1915
3472
1793
2441
1326
2892
3540
2779
808
3427
1682
2159
1569
2217
2742
3219
1532
1637
3565
163
2009
1419
1266
2985
1145
2260
1499
1557
2205
2835
330
3028
1520
1091
3716
3287
1312
3345
726
1763
3796
5
2040
365
2749
1613
1718
2969
656
1129
2302
2065
285
448
2858
506
353
2487
3109
1601
3481
920
3368
3702
1681
2475
971
2638
1160
679
133
2984
2041
1115
805
3599
255
943
3562
3667
1416
3449
2076
2134
354
1570
1391
2822
2393
60
3645
1183
2377
939
2614
3379
1871
3437
15
2340
665
1855
2122
723
1913
2915
1484
352
1542
1647
1017
1600
861
1552
1964
1688
2682
282
1005
445
340
1635
3122
1989
1264
1369
954
1894
1322
3001
583
3518
1056
641
2993
1936
2775
3423
746
2050
3244
3052
3598
2462
2567
2625
1194
2196
3561
1882
750
1769
1044
734
1553
421
526
1716
3203
155
2281
139
1796
2751
2034
1483
94
981
3133
2018
3642
831
1067
444
549
236
1893
2265
2323
582
2953
1838
2307
3051
2566
2900
2624
2471
2004
1881
1414
1356
25
3294
2980
1148
838
2867
2084
1836
1770