2207
356
437
2157
1272
3450
3023
3400
2842
504
3648
2784
3090
2176
2634
2503
1945
73
3594
2730
2201
2193
3515
2151
292
2470
2857
3205
3684
2778
1783
1044
2337
2316
923
3630
1729
3093
2564
3530
684
2027
1650
3480
2862
1121
3807
605
2893
1775
2741
382
1725
3068
3366
2481
3447
1617
1117
1944
2910
530
1009
3695
1794
2650
3108
1228
2419
1432
3720
3204
3183
976
2675
447
2138
1274
876
3083
1711
695
2517
3331
1103
2417
1422
1024
2367
2317
1678
3021
1628
3327
104
1070
1926
75
1020
2740
1318
3496
383
2959
2561
2351
479
3086
2876
1941
3640
1412
1891
388
367
11
1333
3582
2647
3024
775
1479
2264
871
821
3528
2114
1648
3449
3428
2462
2433
205
184
2841
3168
940
2987
2966
1921
1523
2858
3693
1842
1444
3164
3622
3135
22
1234
3564
2200
1713
3035
3014
270
249
2956
1361
1738
3568
2196
3031
1180
3510
3489
3329
216
3758
1530
166
1399
2365
1022
3200
2823
1786
1299
2265
1707
2898
1903
2361
2332
481
460
1803
2232
1703
2182
1674
2530
658
3294
3236
2068
327
3013
2455
1947
2803
3769
3719
873
2326
1818
3111
1260
2645
3459
215
1071
3228
1356
1856
1785
2162
2641
790
2062
3426
711
2410
661
1017
153
1496
3297
2768
2281
24
1854
3553
2668
351
2660
1673
149
128
1979
2327
1929
99
3620
3701
2475
3420
197
655
3362
147
1490
545
953
1636
2094
3060
1099
1536
1965
2821
3635
3606
391
3556
2621
2998
1634
1932
358
1701
2667
3502
2994
2130
3342
2944
3779
2936
687
1899
2357
150
2836
2705
456
448
377
733
2424
3746
2345
1816
931
444
3088
3080
2522
1150
2980
3257
1029
1406
1885
2618
2191
1704
2468
1960
1096
1910
3253
1860
996
2339
1852
1323
2608
2385
455
3418
2046
2991
1975
2323
3289
2781
3385
3008
141
2400
3125
2240
2719
3156
2598
2032
1961