995
212
793
306
1039
183
997
714
808
554
360
98
1137
1370
629
123
1233
602
348
1183
552
879
1112
596
779
271
1237
983
475
823
1048
142
998
1325
1254
1073
209
442
565
900
28
363
465
965
1321
1148
1271
640
988
967
307
53
3
1144
811
49
1159
1342
174
480
705
1257
1228
1186
953
780
591
193
1282
164
64
587
943
1024
537
720
589
60
1191
1041
787
1143
1114
606
941
1064
200
781
19
1362
456
1110
479
450
429
1010
748
1185
169
1004
627
394
1100
1079
796
542
157
369
921
261
509
255
532
228
309
55
1267
1369
882
505
782
986
653
857
370
349
503
474
851
1330
191
526
649
416
853
62
295
897
420
564
166
739
414
385
741
110