843
2157
3421
2057
2007
3808
1470
3271
3627
3140
833
2553
2634
2584
2322
471
908
2272
321
1685
271
2072
3386
3742
2899
3692
3205
1435
3155
3461
2387
1023
2287
2237
3551
3501
1600
1063
1238
3039
601
2889
1038
14
2252
89
3741
2377
1890
3204
3641
1790
1740
1253
716
1153
666
2467
616
2336
2417
1930
79
1880
29
2492
641
154
1955
104
1418
1855
1368
2682
2988
1218
2938
681
2045
2838
1995
2707
1343
631
2657
400
269
2070
219
300
3740
1533
1970
3334
3640
3234
1383
2747
3184
3053
1283
3003
1458
434
2185
334
2135
284
3805
1011
3299
1448
961
3168
3249
1754
1167
2837
986
2787
449
886
2150
2100
3333
1482
2275
3639
1738
1251
3102
1201
1051
2852
2365
514
2265
414
2215
233
1953
183
1316
3017
2530
2480
1066
2299
2380
42
835
348
2068
704
2555
298
248
604
1968
3769
3719
3232
2645
2595
3032
1181
2495
1000
513
2720
1356
463
413
2570
669
182
3347
1496
132
3247
3603
1883
32
1396
3197
3553
1296
1165
2885
1471
1015
2735
2685
2198
2148
2098
1611
1561
3768
3362
147
1280
1099
3387
3337
999
2800
2313
2113
262
1882
3602
2238
3015
1651
2865
2815
964
2328
2147
1741
733
2453
246
2403
2353
1866
146
3717
452
1816
1279
3517
1179
2493
642
1079
592
2262
2618
767
848
798
667
567
80
1931
161
3245
1881
3682
1831
1344
3145
1244
1013
2733
2683
3120
2583
2096
632
3716
3310
3616
1409
1846
3160
1128
3285
3235
1384
2748
978
310
2598
3375
1699
3500
3450
1549
1062
1012
2763
2713
862
2226
812
325
2126
3615
1764
3515
2978
3365
1514
2828
977
2597
746
2466
2547
2266
9
1729
1242
1679
1192
1142
2862
2943
2893
3118
374
3018
2968
274
1117
630
224
1944
580
3745
43
2331
1844
3158
3058
1694
1076
1513
3233
1382
2646
3083
2596
745
695
3760
3273
58
8
1678
3398
3348
3298
2761
3148
2661
1297
2124
710
223
2024
3744
3338
1843
479
1793
3463
2099
3413
1562
1412
925
388
825
644
157
594
2264
57
1727
2941
3378
2841
990
2791
940
759
628
2916
709
478
428
378
1692
3056
3006
1155
924
1230
3031
2544
337
1180
237
187
2394
1907
2344
3708
6
493
3658
443
1807
3608
3558
1707
212
3783
3733
1526
3683
3096
758
2509
171
2459
121
558
71
3642
2178
1947
3311
3748
2724
823
3111
773
2087
236
2037
186
1856
2212
5
2293
2162
1756
2062
1575
1656
2012
3326
2839
3276
2789
938
3226
888
2202
351
3351
657
2508
2327
2408
20
2227
3541
1640
3391
1053
1490
1003
1440
2804
2673
822
3466
1209
2929
591
2392
135
491
441
2242
3606
1705
3506
3019
1655
3631
1293
3225
3581
1243
3531
2994
656
250
200
556
506
2026
1489
1002
3209
3646
1389
3059
1208
721
1158
2472
2241
340
2060
290
2091
3324
1910
1504
1373
1323
3124
1273
199
2356
992
2712
1819
2612
355
1538
1975
951
3189
3008
3364
670
2958
2371
2677
2140
2090
3123
2992
785
1222
3429
2942
2405
554
2355
2792
304
1131
123
1487
1437
3594
23
1387
3057
850
3494
800
3007
2957
1106
2470
750
2907
213
569
700
1056
163
2320
1833
2270
1783
3634
2008
238
3759
1908
1371
1808
3172
1758
915
3072
1171
2972
634
3799
890
403
353
2154
303
253
2460
203
1923
1436
3774
3287
1517
3187
1823
1236
2550
2906
2419
2775
2369
2269
2138
2219
368
2169
1988
1501
2765
864
3427
3508
3021
2790
2690
2284
433
383
2053
202
1822
3186
3542
1335
1285
3492
3005
2955
3036
1185
698
2986
1004
2368
598
111
2318
3582
1731
3532
317
136
1887
3688
3507
763
1200
1069
2870
3647
301
201
1821
3135
1284
1771
1365
878
3035
2548
1134
903
2267
416
2217
853
2654
2523
266
2067
1836
1349
1786
3150
1380
762
2738
2688
431
2638
2182
2132
2001
3752
1720
3440
1233
3521
3390
1620
3340
2984
2934
1083
596
2884
1033
2753
2653
265
346
215
165
3199
1835
3636
3505
1735
1248
711
1067
2918
3355
3305
611
2768
561
430
24
380
2668
817
1950
3751
49
3620
1363
1313
3520
3470
1163
2346
2602
264
214
3735
1528
1884
1834
3098
1684
1197
3048
2998
1147
1634
2817
966
916
2586
2667
816
766
1999
2080
229
1980
129
1849
3213
3163
3419
2345
2295
2651
3088
294
2014
2095
1964
3765
3278
63
1914
2220
1733
3534
3047
3403
1146
2816
3203
509
946
359
2079
309
534
1798
3518
3112
1748
1698
1161
3368
3318
1111
930
2681
343
699
2450
1913
62
3714
1863
3583
1376
1682
1276
2996
2946
739
2896
1045
2846
2615
2565
227
2515
2028
1978
127
3598
1210
3498
3011
3317
1466
979
1416
2780
779
2093
242
1556
1912
1993
1943
3176
1812
1275
1531
3332
2845
1481
457
2258
894
3101
2564
3778
3597
3497
3803
2860
3216
959
291
1911
2348
3481
1224
1661
1174
637
993
2844
1024
537
893
3050
1199
2463
3777
562
75
512
3596
1745
3677
3546
1239
1545
702
652
827
3115
777
727
2528
190
2478
627
1941
1760
1354
3330
1479
3280
2793
3230
1379
842
2562
2643
2512
2106
2462
3776
1875
2312
1906
2131
280
1644
3495
2081
1594
3395
3114
2627
2221
320
2527
757
3791
2246
3560
1709
295
2973
1122
3766
2923
2742
3179
2773
3129
385
610
2898
2311
3675
2261
3625
410
1674
1187
1087
3294
3244
550
987
1162
1112
2476
3790
575
88
38
475
3509
1252
3459
2922
1071
1558
3228
1377
3665
3178
1277
2591
3028
640
2360
1954
2310
3574
1804
178
3293
78
3243
2706
3012
2606
755
2556
2912
2506
168
1888
1969
2325
1838
2631
2144
780
3458
243
3408
3308
1407
2590
2540
333
283
589
458
895
489
2109
3342
2936
1085
3779
2886
1035
3242
1522
3323
1472
3142
2655
398
754
573
2811
960
3638
423
1737
2174
1687
3488
3794
3307
1456
1406
1175
2489
1125
2926
588
51
1852
2289
1571
1652
1877
26
1390
3241
1827
3191
753
2554
703
116
2354
16
2223
1817
322
1505
3793
91
3206
3075
3156
1305
1255
2488
2875
1982
131
1851