3 7 37 41 51 57 59 61 73 102 106 124 130 132 134 152 153 156 157 160 166 168 172 178 182 190 192 200 208 210 226 230 232 240 244 246 248 336 , 8 % 38 , 1
21 31 88 102 106 110 114 128 130 132 134 138 143 152 156 157 167 168 171 172 176 208 218 220 224 226 230 232 244 246 247 248 250 252 270 287 321 344 347 , 25 % 39 , 1
5 27 49 51 57 59 61 67 71 73 75 89 102 106 108 110 112 114 124 138 143 145 156 160 168 183 187 190 198 202 208 212 230 242 246 248 250 252 284 , 30 % 39 , 1
17 21 23 25 29 41 45 49 52 53 55 67 71 75 98 100 102 108 124 128 132 134 166 170 172 180 182 184 187 190 204 220 222 224 232 240 242 244 248 250 , 27 % 40 , 1
4 7 9 15 69 73 102 106 112 114 128 130 134 138 143 145 154 156 160 166 168 190 198 204 208 210 212 218 224 226 230 232 240 244 246 248 249 250 252 284 , 28 % 40 , 1
7 9 19 21 23 27 45 61 73 75 95 98 100 102 104 106 108 110 112 124 156 160 168 172 174 178 186 190 192 200 202 208 212 230 240 242 246 248 250 252 , 4 % 40 , 1
5 9 15 19 21 23 37 45 49 51 59 61 102 106 108 110 124 128 132 134 146 152 168 170 172 174 178 182 188 190 192 200 202 208 224 230 242 246 248 252 , 6 % 40 , 1
7 19 23 27 29 37 45 79 83 98 100 102 104 106 108 110 112 133 138 143 145 156 160 164 168 172 178 182 186 192 202 208 210 212 218 224 226 230 232 240 242 248 250 266 , 14 % 44 , 1
5 7 9 15 45 49 51 59 61 73 100 102 104 106 108 112 114 124 128 132 134 138 142 143 146 154 156 168 170 172 174 178 180 182 186 190 224 226 230 240 242 246 248 252 , 20 % 44 , 1
3 5 7 9 15 21 23 27 45 73 102 104 106 108 110 112 114 121 137 138 143 145 146 151 152 154 158 160 168 170 184 188 204 212 213 224 230 242 246 247 248 259 284 289 332 344 345 , 23 % 47 , 1
11 13 14 17 18 19 25 29 30 31 34 35 39 43 52 53 61 63 65 67 69 71 75 80 81 87 105 119 142 147 148 171 173 175 187 189 196 199 213 214 216 222 228 231 235 250 312 320 335 , 32 % 49 , 1
7 9 15 34 45 49 51 59 61 73 100 102 104 106 107 108 112 114 115 124 128 132 134 143 158 160 168 169 170 172 178 180 182 186 190 224 226 230 239 242 246 248 252 260 270 284 291 303 342 , 21 % 49 , 1
5 7 9 15 69 73 102 106 112 114 115 122 127 128 130 134 138 143 145 149 152 154 156 166 168 190 204 208 210 211 212 218 224 226 230 231 232 240 244 246 248 250 252 276 284 289 318 321 329 334 344 350 , 29 % 52 , 1
88 99 102 114 121 122 124 127 128 129 130 132 134 138 141 143 145 147 160 166 168 172 173 178 182 189 192 200 203 205 210 211 212 218 224 226 230 232 237 240 244 246 248 249 256 269 277 284 319 321 334 348 , 19 % 52 , 1
5 7 17 20 36 45 48 49 102 106 107 117 128 129 130 131 134 154 158 160 161 166 168 169 171 172 176 192 195 200 202 204 224 226 230 231 243 244 246 248 250 252 260 274 313 318 329 333 334 341 344 347 348 , 3 % 53 , 1
2 3 4 5 7 9 15 21 23 27 37 45 47 49 59 61 71 73 98 100 102 106 108 110 112 116 122 129 139 149 151 159 168 190 208 212 230 239 240 241 242 243 248 257 259 289 322 328 329 330 332 344 349 350 , 13 % 54 , 1
3 21 27 49 54 61 71 73 79 86 102 115 121 123 137 141 146 151 160 168 172 173 178 184 190 200 202 203 204 207 208 209 212 218 224 226 230 232 238 242 245 246 248 250 252 270 277 290 295 304 329 333 341 348 , 11 % 54 , 1
11 14 17 23 25 27 28 29 30 31 35 41 43 50 53 65 66 67 69 70 75 80 81 87 101 103 105 110 119 129 130 147 148 164 173 175 184 189 196 199 200 202 204 213 214 216 222 228 244 250 304 312 313 320 335 , 20 % 55 , 1
3 7 24 37 41 51 57 58 59 61 73 102 106 117 119 121 124 130 132 134 141 147 148 149 151 166 168 169 172 178 182 190 192 200 203 208 210 211 226 230 232 239 240 244 246 248 272 275 287 293 303 305 320 331 332 334 345 349 , 9 % 58 , 1
5 7 15 23 37 41 45 49 51 59 73 89 95 98 100 102 104 106 108 110 112 114 124 128 132 134 138 143 145 146 156 164 168 170 172 182 185 186 188 190 198 200 202 204 208 210 212 218 224 226 230 240 242 246 248 252 255 284 298 , 32 % 59 , 1
3 7 11 13 14 25 27 29 30 34 35 37 51 54 56 57 66 67 69 71 75 77 79 80 81 93 98 101 103 105 121 142 162 164 166 173 175 180 188 189 190 196 197 199 200 202 204 206 209 214 216 220 222 228 234 312 320 328 329 335 , 24 % 60 , 1
3 11 13 19 23 25 29 30 31 34 43 47 52 57 63 64 67 75 79 80 81 100 105 122 124 132 141 142 147 162 164 170 171 173 175 177 180 184 187 188 189 194 195 196 200 202 206 209 213 214 216 220 222 228 231 270 312 317 320 327 334 335 346 , 28 % 63 , 1
2 7 19 23 27 29 37 45 64 79 98 100 102 104 106 108 110 112 131 138 140 141 146 151 155 164 168 171 172 177 178 182 186 192 202 208 210 212 213 218 224 226 230 231 232 237 238 240 242 245 248 250 259 273 277 293 304 323 329 330 332 334 338 344 , 15 % 64 , 1
7 11 13 14 23 25 27 28 29 30 31 34 43 51 54 56 65 67 69 70 71 75 77 78 80 81 98 101 103 105 109 127 129 130 132 134 141 142 149 162 164 172 173 175 182 186 199 200 203 205 209 214 216 220 222 228 244 257 312 320 322 329 335 346 , 16 % 64 , 1
11 13 14 15 19 25 28 30 31 34 35 37 39 43 47 56 57 61 67 69 70 71 75 78 80 81 101 103 105 107 129 141 142 147 162 164 171 173 175 177 184 186 189 194 196 203 204 205 206 207 209 213 214 216 220 222 228 231 302 312 320 333 334 335 , 18 % 64 , 1
9 19 21 23 37 45 49 50 51 59 61 94 102 106 108 110 116 123 124 128 129 132 134 140 152 155 168 170 172 174 178 182 188 190 192 200 202 203 224 230 231 237 241 242 245 246 248 252 259 270 277 285 292 303 313 320 322 329 330 332 335 341 342 344 347 , 7 % 65 , 1
11 13 14 17 20 25 28 30 31 35 43 56 57 64 65 66 67 69 70 75 77 78 80 81 101 103 105 109 119 127 129 130 132 134 142 147 148 149 166 173 175 176 184 189 190 196 197 200 213 214 216 222 228 231 235 244 246 302 312 313 320 333 334 335 341 , 14 % 65 , 1
7 11 13 14 15 19 25 30 31 34 35 37 41 43 45 52 65 69 79 80 81 98 100 105 109 119 121 127 129 130 132 134 142 147 148 149 172 173 175 188 189 197 199 200 204 205 209 210 213 214 216 222 228 231 234 244 302 312 320 322 329 333 334 335 341 , 30 % 65 , 1
11 13 14 19 25 29 30 31 35 51 57 64 66 67 69 70 71 79 80 81 87 90 101 105 116 119 129 130 132 134 142 147 148 149 162 169 173 175 182 186 189 190 196 197 200 209 210 213 214 216 218 222 226 228 232 235 244 250 252 289 312 317 320 322 341 345 , 22 % 66 , 1
7 15 22 23 37 41 45 49 50 51 59 73 86 95 98 100 102 104 106 108 110 112 114 124 128 132 134 138 143 145 154 155 160 164 168 170 171 172 182 186 188 190 198 200 202 204 208 210 211 212 213 218 224 226 230 231 240 242 246 248 252 284 290 293 294 329 330 348 , 33 % 68 , 1
11 13 14 17 20 25 28 30 31 35 36 41 43 51 53 56 65 66 67 69 70 74 75 77 78 79 80 81 101 105 119 129 130 132 134 147 148 149 164 166 170 171 173 175 182 186 189 195 196 197 199 200 202 203 206 210 213 214 216 218 222 224 228 235 244 250 252 302 312 313 320 334 , 12 % 72 , 1
0 1 8 10 11 12 13 14 15 19 20 24 25 27 30 31 33 34 36 43 44 45 46 56 58 60 64 66 67 69 70 71 74 75 76 77 78 80 81 101 107 109 162 164 170 171 173 175 179 184 189 194 196 197 198 201 203 209 213 214 216 218 220 222 224 228 302 304 312 320 333 334 335 , 8 % 73 , 1
2 7 9 19 21 23 27 45 61 73 75 88 95 98 100 102 104 106 108 110 112 124 129 137 144 146 152 155 156 160 168 169 171 172 174 178 181 186 190 192 200 202 207 208 212 230 231 233 240 242 243 245 246 248 250 252 256 259 270 273 287 295 303 304 318 319 320 323 331 332 334 335 341 342 344 , 5 % 75 , 1
10 11 13 14 16 19 20 23 24 25 28 29 30 31 33 34 35 36 43 45 46 47 48 51 56 57 65 66 67 69 70 74 75 76 77 78 80 81 83 101 105 109 110 121 126 127 129 132 134 139 142 147 162 170 173 175 182 186 188 189 192 196 197 209 210 214 216 220 222 228 229 244 270 312 317 320 322 334 335 341 , 10 % 80 , 1
2 7 8 10 11 12 14 17 20 22 24 25 28 29 30 31 35 36 40 41 42 43 44 46 53 56 58 60 63 65 66 67 69 70 74 75 76 77 78 79 80 81 85 87 101 105 112 119 129 147 148 149 173 175 176 179 184 186 189 196 197 199 204 213 214 216 218 222 226 228 231 235 250 288 302 312 320 333 334 335 341 , 6 % 81 , 1
7 11 13 14 17 19 21 23 25 29 31 34 35 37 41 43 49 51 52 53 55 57 59 61 63 65 67 69 71 75 77 79 80 81 102 104 105 106 108 110 112 119 124 126 128 130 132 134 142 148 162 164 166 168 170 172 173 175 180 182 186 188 189 190 194 196 199 200 209 210 212 213 214 216 218 220 222 224 226 228 230 232 244 246 248 250 252 312 320 335 , 26 % 90 , 1
0 1 2 3 4 10 11 12 13 14 16 19 20 21 24 25 26 28 30 31 34 36 37 39 40 44 46 48 51 52 56 58 60 62 64 66 67 68 69 70 71 74 75 76 77 78 79 80 81 100 101 107 109 113 116 117 121 124 132 139 142 147 162 164 165 169 171 173 175 179 180 181 186 187 189 193 194 196 197 201 203 209 213 214 216 218 220 222 228 232 249 262 268 270 278 280 302 312 317 320 327 328 334 335 , 2 % 104 , 1
2 3 8 10 11 12 13 14 15 16 20 22 24 25 26 28 29 30 31 35 36 37 39 40 41 43 44 46 49 51 52 56 57 60 62 64 65 66 67 69 70 71 74 76 77 78 79 80 81 90 105 109 116 119 121 127 129 130 132 134 142 147 148 149 162 164 169 170 171 173 175 179 181 182 187 189 193 196 197 201 209 210 213 214 216 218 222 224 226 228 235 244 249 262 285 289 307 312 317 320 322 333 334 335 341 349 , 4 % 106 , 1
0 1 2 3 4 5 6 8 9 10 11 12 13 14 15 16 18 20 22 24 25 26 28 30 31 32 33 34 35 36 38 39 40 41 42 43 44 46 47 48 49 50 52 53 54 55 56 58 59 60 61 62 63 64 65 66 68 69 70 72 73 74 76 78 80 82 83 84 85 86 87 88 89 90 91 92 93 94 95 96 97 98 99 100 101 103 104 105 106 107 108 109 110 111 112 113 114 115 116 117 118 119 120 121 122 123 124 125 126 127 128 129 130 131 132 133 134 135 136 137 138 139 140 141 142 143 144 145 146 147 148 149 150 151 152 153 154 155 156 157 158 159 160 161 162 163 164 165 166 167 169 171 173 174 175 176 177 178 179 180 181 183 184 185 186 187 189 191 192 193 194 195 196 197 198 199 201 202 203 205 206 207 208 209 211 212 213 215 217 219 221 223 225 227 229 231 233 234 235 236 237 238 239 240 241 242 243 244 245 246 247 249 250 251 252 253 254 255 256 257 258 259 260 261 262 263 264 265 266 267 268 269 270 271 272 273 274 275 276 277 278 279 280 281 282 283 284 285 286 287 288 289 290 291 292 293 294 295 296 297 298 299 300 301 302 303 304 305 306 307 308 309 310 311 312 313 314 315 316 317 318 319 320 321 322 323 324 325 326 327 328 329 330 331 332 333 334 335 336 337 338 339 340 341 342 343 344 345 346 347 348 349 350 , 0 % 313 , 1
0 1 2 3 4 5 6 7 8 9 10 11 12 13 14 15 16 17 18 19 20 21 22 23 24 25 26 27 28 29 30 31 32 33 34 35 36 37 38 39 40 41 42 43 44 45 46 47 48 49 50 51 52 53 54 55 56 57 58 59 60 61 62 63 64 65 66 67 68 69 70 71 72 73 74 75 76 77 78 79 80 81 82 83 84 85 86 87 88 89 90 91 92 93 94 95 96 97 98 99 100 101 102 103 104 105 106 107 108 109 110 111 112 113 114 115 116 117 118 119 120 121 122 123 124 125 126 127 128 129 130 131 132 133 134 135 136 137 138 139 140 141 142 143 144 145 146 147 148 149 150 151 152 153 154 155 156 157 158 159 160 161 162 163 164 165 166 167 168 169 170 171 172 173 174 175 176 177 178 179 180 181 182 183 184 185 186 187 188 189 190 191 192 193 194 195 196 197 198 199 200 201 202 203 204 205 206 207 208 209 210 211 212 213 214 215 216 217 218 219 220 221 222 223 224 225 226 227 228 229 230 231 232 233 234 235 236 237 238 239 240 241 242 243 244 245 246 247 248 249 250 251 252 253 254 255 256 257 258 259 260 261 262 263 264 265 266 267 268 269 270 271 272 273 274 275 276 277 278 279 280 281 282 283 284 285 286 287 288 289 290 291 292 293 294 295 296 297 298 299 300 301 302 303 304 305 306 307 308 309 310 311 312 313 314 315 316 317 318 319 320 321 322 323 324 325 326 327 328 329 330 331 332 333 334 335 336 337 338 339 340 341 342 343 344 345 346 347 348 349 350 , 1 % 351 , 1
96 99 155 229 258 261 275 288 297 330 , 0 4 % 10 , 2
17 52 77 79 81 187 206 214 220 228 , 7 9 % 10 , 2
62 180 211 229 255 260 283 300 306 309 , 1 30 % 10 , 2
10 12 46 58 197 231 333 334 335 341 , 12 6 % 10 , 2
17 28 37 57 63 77 78 79 164 182 214 , 23 29 % 11 , 2
9 114 121 138 143 145 146 152 160 168 284 , 23 27 % 11 , 2
16 87 93 117 123 145 146 147 163 165 340 , 1 13 % 11 , 2
10 46 48 126 127 197 270 322 334 335 341 , 10 12 % 11 , 2
37 57 63 69 77 79 164 182 214 218 232 , 23 3 % 11 , 2
