102 114 138 143 145 160 168 212 224 230 246 248 , 18 22 % 12 , 2
25 27 29 41 43 71 81 110 188 202 220 228 , 19 29 % 12 , 2
19 21 23 28 37 53 78 162 164 186 196 216 , 19 31 % 12 , 2
24 44 60 233 247 251 253 257 273 310 315 345 , 0 30 % 12 , 2
5 102 138 143 152 168 190 208 212 230 240 248 , 12 16 % 12 , 2
19 28 37 51 77 78 79 162 164 186 194 216 , 19 27 % 12 , 2
5 102 138 143 168 190 208 212 230 246 248 250 252 , 16 30 % 13 , 2
22 92 107 127 129 178 195 245 282 303 304 320 342 , 1 23 % 13 , 2
17 23 45 52 69 77 78 81 95 187 214 220 228 , 11 9 % 13 , 2
17 52 57 63 68 77 81 166 187 196 214 220 228 , 11 7 % 13 , 2
38 58 74 76 86 99 123 148 193 217 245 259 288 332 340 , 1 3 % 15 , 2
63 64 84 86 89 120 127 171 173 238 303 312 317 320 327 349 , 1 27 % 16 , 2
21 23 37 57 63 75 77 79 124 132 164 170 182 186 214 327 , 29 3 % 16 , 2
3 7 19 28 31 37 78 81 162 164 186 188 189 214 216 226 228 , 27 31 % 17 , 2
84 86 122 141 150 155 156 259 279 289 321 322 324 332 334 336 342 344 , 1 33 % 18 , 2
63 84 137 140 143 147 155 229 231 241 247 276 288 298 317 322 329 330 , 1 19 % 18 , 2
7 9 15 73 102 106 112 138 143 156 160 168 190 208 212 230 240 248 , 12 28 % 18 , 2
102 138 143 166 168 190 208 210 212 218 224 230 232 240 246 248 250 252 , 16 28 % 18 , 2
22 65 85 116 129 147 160 198 273 284 289 291 293 295 305 313 323 331 , 1 29 % 18 , 2
102 106 110 114 128 132 134 138 143 145 168 172 208 218 224 226 230 246 248 252 284 , 24 32 % 21 , 2
73 102 106 112 114 138 143 145 156 160 168 190 198 208 212 230 246 248 250 252 284 , 28 30 % 21 , 2
7 45 100 102 104 106 108 112 138 143 156 168 172 178 182 186 224 226 230 240 242 248 , 14 20 % 22 , 2
107 114 138 145 149 152 154 156 161 199 238 259 275 276 290 321 329 330 332 334 344 346 349 , 1 21 % 23 , 2
5 27 49 59 61 71 73 102 106 108 110 112 138 143 156 160 168 187 190 208 212 230 242 248 , 12 30 % 24 , 2
9 19 21 23 45 61 102 106 108 110 124 168 172 174 178 190 192 200 202 208 230 242 246 248 252 , 4 6 % 25 , 2
102 114 122 127 128 130 134 138 143 145 166 168 210 211 212 218 224 226 230 232 240 244 246 248 284 321 334 , 19 29 % 27 , 2
11 13 19 25 29 30 31 57 64 67 79 80 81 105 132 142 147 162 173 175 189 196 200 209 213 214 216 222 228 312 317 320 , 22 28 % 32 , 2
11 14 25 30 31 35 41 43 65 69 80 81 105 119 129 130 147 148 173 175 189 199 200 204 213 214 216 222 228 244 312 320 335 , 20 30 % 33 , 2
11 13 14 25 29 30 35 51 57 66 67 69 71 79 80 81 101 105 142 162 173 175 189 190 196 197 200 209 214 216 222 228 312 320 , 22 24 % 34 , 2
7 15 45 49 51 59 73 100 102 104 106 108 112 114 124 128 132 134 143 160 168 170 172 182 186 190 224 226 230 242 246 248 252 284 , 21 33 % 34 , 2
3 11 13 25 29 30 34 57 67 75 79 80 81 105 142 162 164 173 175 180 188 189 196 200 202 206 209 214 216 220 222 228 312 320 335 , 24 28 % 35 , 2
9 19 21 23 45 61 102 106 108 110 124 129 152 155 168 172 174 178 190 192 200 202 230 231 242 245 246 248 252 259 270 303 320 332 335 341 342 344 , 5 7 % 38 , 2
11 13 14 25 28 30 31 43 56 65 67 69 70 75 77 78 80 81 101 103 105 109 127 129 130 132 134 142 149 173 175 200 214 216 222 228 244 312 320 335 , 14 16 % 40 , 2
11 13 14 25 28 30 31 34 43 56 67 69 70 71 75 78 80 81 101 103 105 129 141 142 162 164 173 175 186 203 205 209 214 216 220 222 228 312 320 335 , 16 18 % 40 , 2
7 11 14 17 25 29 31 35 41 43 53 63 65 67 69 75 77 79 80 81 105 112 119 148 173 175 186 189 196 199 213 214 216 218 222 226 228 250 312 320 335 , 26 6 % 41 , 2
11 13 14 25 28 30 31 35 43 56 57 67 69 70 75 78 80 81 101 103 105 129 142 147 173 175 184 189 196 213 214 216 222 228 231 302 312 320 333 334 335 , 14 18 % 41 , 2
11 13 14 20 25 30 31 36 43 56 66 67 69 70 74 75 77 78 80 81 101 164 170 171 173 175 189 196 197 203 213 214 216 218 222 224 228 302 312 320 334 , 12 8 % 41 , 2
22 79 88 102 114 121 129 131 138 143 155 166 168 170 171 176 178 184 187 188 190 192 196 203 205 208 210 212 218 224 230 232 240 246 248 250 252 270 294 321 334 336 347 349 , 1 17 % 44 , 2
11 13 14 19 23 25 29 31 34 35 43 51 57 65 67 69 75 77 80 81 105 110 126 132 134 142 162 170 173 175 182 186 188 189 196 209 210 214 216 220 222 228 244 312 320 335 , 10 26 % 46 , 2
10 11 14 20 24 25 28 29 30 31 35 36 43 46 56 65 66 67 69 70 74 75 76 77 78 80 81 101 105 129 147 173 175 186 189 196 197 214 216 222 228 312 320 334 335 341 , 10 6 % 46 , 2
5 22 27 45 49 51 57 59 61 67 71 73 75 102 106 108 110 112 114 124 131 133 138 143 145 146 152 154 168 177 190 198 208 211 212 230 237 242 246 248 250 252 256 259 277 284 322 327 344 347 348 , 1 31 % 51 , 2
5 102 138 143 168 190 208 212 230 248 , 12 16 30 % 10 , 3
102 138 143 168 190 208 212 230 240 248 , 12 16 28 % 10 , 3
102 138 143 168 190 208 212 230 246 248 250 252 , 16 28 30 % 12 , 3
73 102 106 112 138 143 156 160 168 190 208 212 230 248 , 12 28 30 % 14 , 3
22 102 114 131 138 143 168 190 208 212 230 246 248 250 252 347 , 1 17 31 % 16 , 3
11 13 25 29 30 57 67 79 80 81 105 142 162 173 175 189 196 200 209 214 216 222 228 312 320 , 22 24 28 % 25 , 3
11 14 25 29 31 35 43 65 67 69 75 77 80 81 105 173 175 186 189 196 214 216 222 228 312 320 335 , 10 26 6 % 27 , 3
11 13 14 25 28 30 31 43 56 67 69 70 75 78 80 81 101 103 105 129 142 173 175 214 216 222 228 312 320 335 , 14 16 18 % 30 , 3
