12 38 94 169 177 184 237 292 311 342 , 30 % 10 , 1
12 24 38 151 239 259 292 301 315 344 , 32 % 10 , 1
1 142 144 174 213 235 255 282 292 296 , 25 % 10 , 1
12 38 86 99 117 234 255 292 305 344 , 28 % 10 , 1
3 125 157 165 179 193 215 298 299 328 , 30 % 10 , 1
52 82 109 125 223 321 322 330 331 332 , 6 % 10 , 1
58 66 149 161 287 319 321 326 337 345 , 28 % 10 , 1
36 56 70 148 241 243 287 293 326 349 , 28 % 10 , 1
22 32 40 161 171 213 234 245 288 319 , 10 % 10 , 1
5 13 20 56 80 93 101 105 116 291 , 15 % 10 , 1
5 12 20 32 86 107 123 143 179 247 268 , 5 % 11 , 1
16 84 126 130 195 237 258 272 274 330 332 , 11 % 11 , 1
2 36 101 116 146 213 239 254 295 313 316 , 17 % 11 , 1
16 20 46 48 56 58 107 195 239 287 293 , 30 % 11 , 1
2 22 74 76 84 139 159 233 237 256 258 , 26 % 11 , 1
32 39 40 62 239 259 287 291 344 346 350 , 14 % 11 , 1
22 39 85 177 233 234 239 258 267 272 274 , 20 % 11 , 1
83 93 94 96 171 178 195 203 253 259 287 , 29 % 11 , 1
22 36 114 119 161 197 245 302 304 306 343 , 13 % 11 , 1
127 171 195 203 227 269 274 293 295 304 346 , 31 % 11 , 1
16 46 56 90 103 109 119 245 313 332 349 , 28 % 11 , 1
43 129 141 151 160 237 244 247 260 302 320 , 21 % 11 , 1
2 48 56 66 101 144 153 157 280 314 336 , 31 % 11 , 1
34 54 58 78 161 199 303 304 329 348 349 , 22 % 11 , 1
3 26 39 85 88 92 94 179 267 268 269 , 26 % 11 , 1
18 84 92 139 227 274 276 301 316 326 336 , 4 % 11 , 1
58 120 129 152 205 245 260 270 277 290 293 , 9 % 11 , 1
12 46 54 119 126 148 149 241 243 270 322 , 18 % 11 , 1
66 101 127 141 149 197 231 302 322 333 341 , 26 % 11 , 1
62 93 95 96 145 146 225 236 279 291 312 , 3 % 11 , 1
48 56 84 101 105 158 237 274 302 329 348 , 5 % 11 , 1
20 33 54 119 143 144 158 199 256 302 317 , 7 % 11 , 1
39 65 83 85 87 117 126 133 281 286 345 , 27 % 11 , 1
120 129 140 141 143 156 238 268 320 322 346 , 17 % 11 , 1
17 21 23 29 79 186 188 204 206 250 252 , 8 % 11 , 1
38 40 62 148 149 195 205 319 321 330 346 , 8 % 11 , 1
89 93 94 213 219 221 223 263 286 291 350 , 3 % 11 , 1
82 84 116 137 181 183 223 229 234 239 273 , 12 % 11 , 1
8 64 76 88 90 144 153 267 268 269 301 , 30 % 11 , 1
2 66 107 171 176 239 270 274 275 292 314 , 19 % 11 , 1
28 42 62 70 82 94 205 206 217 284 294 , 5 % 11 , 1
34 39 85 97 99 104 120 238 280 305 330 , 25 % 11 , 1
73 135 159 163 199 227 251 255 311 325 336 , 3 % 11 , 1
85 101 157 171 175 245 275 294 302 324 349 , 19 % 11 , 1
35 64 123 245 249 269 285 293 304 343 349 , 27 % 11 , 1
131 136 175 197 213 233 239 256 260 330 338 , 29 % 11 , 1
86 136 137 147 155 259 271 317 332 334 344 , 31 % 11 , 1
8 16 20 44 50 119 126 195 317 332 350 , 18 % 11 , 1
5 90 146 175 229 235 257 271 319 322 335 , 9 % 11 , 1
