48 54 72 85 101 183 203 205 231 270 281 302 333 345 349 , 4 % 15 , 1
11 17 25 26 29 33 43 57 67 69 71 75 81 216 232 , 33 % 15 , 1
33 50 64 121 165 167 205 231 235 270 303 304 322 347 348 , 26 % 15 , 1
28 42 54 60 65 72 127 203 211 261 262 275 277 284 330 346 , 3 % 16 , 1
22 38 39 62 90 91 125 169 171 177 243 304 321 329 346 349 , 10 % 16 , 1
2 22 24 32 62 90 103 107 155 177 179 245 287 293 342 344 , 12 % 16 , 1
31 127 129 141 143 156 160 237 270 276 291 303 312 320 321 349 , 13 % 16 , 1
17 19 23 41 45 55 100 124 136 170 182 186 192 210 307 308 , 24 % 16 , 1
22 115 117 131 138 148 164 177 231 259 277 289 291 322 335 347 , 11 % 16 , 1
20 28 46 48 140 161 177 245 255 289 293 313 317 331 332 346 , 26 % 16 , 1
114 115 129 136 152 154 156 203 244 247 290 295 303 317 320 349 , 15 % 16 , 1
94 123 155 161 199 205 231 260 268 287 294 321 322 331 333 341 , 15 % 16 , 1
8 38 44 48 54 60 76 243 304 317 319 321 329 330 347 348 , 12 % 16 , 1
126 127 140 158 175 180 241 243 245 247 268 274 288 303 325 350 , 17 % 16 , 1
6 8 22 48 54 72 97 103 117 127 129 223 279 304 333 341 , 2 % 16 , 1
4 6 32 38 58 125 141 203 219 223 278 281 303 305 329 347 348 , 4 % 17 , 1
18 39 70 101 141 151 154 156 243 245 247 254 278 289 319 322 332 , 3 % 17 , 1
16 38 63 66 84 145 149 160 195 207 233 258 268 294 318 319 335 , 15 % 17 , 1
8 12 38 44 54 64 72 103 130 140 149 201 231 303 304 313 348 , 10 % 17 , 1
24 88 115 121 122 127 137 139 147 244 253 254 269 302 312 342 343 , 15 % 17 , 1
3 50 91 103 121 127 140 149 155 156 158 273 288 302 312 321 334 , 11 % 17 , 1
13 84 88 99 117 121 137 147 158 180 195 256 285 317 339 346 347 , 13 % 17 , 1
33 131 147 155 198 237 268 287 291 305 329 331 333 341 346 348 350 , 23 % 17 , 1
115 118 120 131 154 158 207 257 285 300 312 333 341 342 343 346 347 , 19 % 17 , 1
16 36 101 119 127 131 141 147 160 241 269 270 322 329 343 347 349 , 5 % 17 , 1
15 21 25 31 39 49 53 67 71 75 128 162 170 186 202 204 250 , 9 % 17 , 1
17 37 41 53 55 59 63 75 77 98 166 172 187 194 206 220 297 , 22 % 17 , 1
19 21 37 52 57 77 79 140 162 166 187 188 210 212 218 220 232 , 20 % 17 , 1
9 92 94 115 129 161 173 195 197 206 238 247 270 275 288 342 350 , 27 % 17 , 1
8 38 53 60 66 110 112 161 176 197 235 288 291 293 313 318 332 , 18 % 17 , 1
32 90 111 119 161 215 241 251 253 288 293 296 298 315 324 329 332 , 2 % 17 , 1
12 16 24 38 46 48 54 58 74 126 141 205 243 329 330 347 348 , 14 % 17 , 1
0 14 22 24 38 50 66 87 99 117 207 257 258 272 275 276 318 333 , 5 % 18 , 1
42 90 96 135 149 227 243 263 283 298 316 321 322 325 326 336 337 349 , 2 % 18 , 1
7 15 19 25 29 31 35 37 53 80 162 170 182 188 206 210 216 222 , 11 % 18 , 1
7 17 19 28 29 53 59 69 78 164 182 184 189 196 200 202 210 216 , 25 % 18 , 1
50 65 91 111 148 161 163 185 255 269 286 292 299 301 309 319 346 350 , 2 % 18 , 1
87 88 148 199 203 233 257 272 287 312 319 330 332 333 335 341 345 347 , 29 % 18 , 1
50 89 91 94 115 129 141 159 195 259 266 274 276 285 303 320 332 346 , 25 % 18 , 1
8 10 38 44 50 53 60 76 126 179 195 203 241 288 304 319 321 349 , 14 % 18 , 1
11 36 56 58 98 109 126 127 149 197 231 235 288 302 333 334 335 341 , 20 % 18 , 1
29 52 55 57 140 162 165 167 172 185 188 194 198 204 220 226 232 246 , 12 % 18 , 1
26 54 58 60 107 126 128 141 179 195 203 205 289 302 303 332 333 341 347 , 10 % 19 , 1
12 36 48 66 107 126 128 140 147 197 231 234 303 313 321 330 331 341 348 , 16 % 19 , 1
7 19 29 31 37 53 67 69 75 78 81 124 162 189 194 216 220 228 307 , 17 % 19 , 1
17 55 57 71 77 87 132 148 162 184 187 188 194 196 198 200 214 228 307 , 15 % 19 , 1
15 65 88 145 160 235 237 270 273 284 286 287 289 305 306 319 329 333 335 348 , 17 % 20 , 1
84 88 89 93 94 121 139 147 207 233 258 268 277 297 317 318 319 322 341 348 , 21 % 20 , 1
10 12 46 48 54 58 126 127 141 197 205 231 270 289 303 322 333 334 335 341 , 12 % 20 , 1
