45611
59049
18760
49082
20411
19924
48395
13915
11577
41899
59264
70626
6280
74097
60915
39617
63899
25948
73410
25717
52824
70841
12304
40775
71097
17139
3957
34279
24799
1650
59079
44923
5608
75732
75501
73650
42841
31997
22030
18328
65790
25501
14170
74814
9981
71112
32187
49327
47476
74096
51203
10914
56525
14872
29187
4187
41682
38467
21096
51418
70896
67194
24567
47747
41707
31740
56540
23880
52351
41020
32904
6540
69035
6278
17640
75946
72275
34062
14615
41722
70193
62077
75515
35713
25259
22044
52366
10713
28986
25284
44275
74597
1648
62779
53299
37779
68101
26448
14630
9564
39886
70208
11184
6995
48679
54457
64845
21828
54001
17639
40332
55621
55134
45167
41952
69936
26432
20167
39870
58861
55159
47530
45679
30159
60481
22530
18828
7010
56323
2365
32687
20869
34794
26191
53298
74365
43556
32712
1903
66249
22745
39885
71571
37547
45207
12547
69520
13711
38480
42
27149
70422
59091
25067
16951
13249
5620
63926
18571
72073
41264
28082
41520
71611
69760
19991
55604
4471
3984
32942
32455
6091
5604
35926
28784
56768
14628
41735
3297
62577
56081
14428
56306
7024
67668
4686
20462
52148
36428
69965
3768
3312
21164
54701
49148
7008
29701
27850
54957
44990
63981
21354
12361
48461
24825
40114
70436
20667
15114
1932
19072
64196
62345
39196
25527
14683
13734
74865
4254
11427
39898
7238
13047
3080
22071
6551
26029
24178
1029
63524
31576
72773
66764
20922
75526
36211
14451
72757
63277
51459
41748
63954
58888
58170
6550
75310
63979
54012
40830
72772
63292
9821
7483
37805
53094
11441
43614
1961
64456
60492
11210
70003
65814
56334
54027
15845
13994
53796
10292
46167
40127
31134
59605
72069
1945
60738
55672
74176
2201
30185
71869
35994
29729
55862
45018
73489
33687
31836
61671
59820
21382
34820
46407
72540
9589
38547
8225
28093
3093
1729
30200
46853
69059
52175
2893
33927
64249
22109
71422
69084
13762
6133
74893
1944
32266
30415
20935
14926
5446
41059
3108
31579
61901
19761
20473
6804
37126
60306
48488
4497
25826
61439
15628
45463
39910
49421
14910
75554
58445
62372
48703
22339
7306
29512
27174
23959
54281
12141
63305
70965
26487
74436
76025
36223
8008
37843
47354
48718
2876
1025
59818
50825
50338
29527
74651
60982
59131
44585
19554
74907
55685
7767
38089
33900
18867
44544
12371
29511
46651
60089
21907
13791
29080
67031
36222
4080
5444
66088
60535
8915
25568
14724
41113
36924
28808
21435
42277
40426
24906
55228
41559
28377
56361
45517
43666
70286
60319
58468
35319
1295
808
56161
17948
36452
25121
21450
53136
39954
7063
37872
30012
35334
70947
13318
7534
28863
18409
16558
45516
32334
64020
52202
37656
351
59144
44111
70731
27714
45731
36251
5698
30242
43680
10564
8226
38548
56400
50135
48284
6631
44582
65424
72110
17762
3606
30226
61035
47366
70059
26555
64019
66126
22622
70961
69110
6646
2944
36481
606
30928
51770
42290
40439
39952
30959
36250
74232
1770
62901
20761
14490
37183
3159
62439
23514
51985
67761
59414
19125
36265
28861
49216
9901
34670
32819
32332
24216
60347
13141
60116
52000
9860
70991
29338
66802
55958
15894
44365
7578
20529
58511
33511
31660
52727
44380
2240
63371
43924
37884
18924
24702
5742
18206
71221
67288
55239
44395
42057
72379
16601
36304
66626
11304
10817
73799
70097
48799
66816
2470
63601
21948
48081
70287
57105
39734
34181
74501
49014
52972
8981
8494
36965
67287
20989
74716
2741
59196
75849
62667
49485
69840
62698
28187
18220
14518
35360
1336
61980
21691
17989
10360
71004
67789
67302
57822
21460
44378
55740
74244
47393
13369
52715
11062
15020
73813
10600
27740
14071
67086
2740
63384
43937
37897
5755
75879
64548
52730
3673
33995
49284
45095
3442
13830
59928
5739
37912
66383
58267
36317
34010
60630
56928
50663
45110
12450
55985
21474
40465
70787
58969
76109
72894
33969
24714
70812
60845
30036
7374
75647
73796
3185
50647
18018
52298
51811
43043
74729
17556
48365
8076
36060
32845
63167
55051
51349
43720
41869
216
26349
18720
56671
5538
3200
66182
52513
26149
37249
27769
58091
15951
42571
10398
71042
70555
28902
18935
44191
43704
66884
36075
74026
30522
41397
40033
65710
36100
34249
11100
71744
63628
58562
44893
55281
21257
41868
215
24759
11315
28455
60141
22677
5306
67801
33777
65950
73123
661
29132
50461
44908
6470
2281
24974
37925
58767
58992
5521
57172
55321
7141
60643
16652
48338
7172
37494
52783
6485
36807
25701
21512
74040
17354
45338
24040
51147
41180
60171
44651
1634
64129
62278
14098
5105
4618
40718
29874
21758
13898
60386
58535
74311
35386
10873
18271
16420
37749
75213
33560
52551
74757
931
444
7617
36088
9237
7642
52766
14328
14815
27766
3253
66881
47921
17112
75905
32401
45352
28468
9508
10641
59467
14599
53945
52094
10441
69234
9723
9492
40301
68285
51176
37020
67829
68962
59482
51847
4416
34738
46325
7400
66193
68300
60209
29400
51862
44233
40044
70366
63224
37737
32671
32184
53026
13224
43546
41208
69679
29877
32440
58573
52308
44904
75226
33573
42597
4415
2564
33373
34737
19704
26390
49308
36613
15315
30117
60439
18299
45406
67612
33588
65274
22257
50241
9952
71083
2579
48190
74323
62992
75943
28512
56496
67627
11818
71098
6265
59992
45867
76189
9505
72000
18529
5834
3496
25702
14858
20149
50471
67611
59495
14627
40760
37058
14396
44231
60007
51891
4198
67180
63478
43544
73866
37991
47015
10909
18082
75024
51875
59535
63006
66477
53295
35924
37288
56279
73419
39395
38908
18097
74552
63221
25270
74583
49552
270
59550
9519
26659
17179
45163
75972
32468
37303
68112
56294
73434
48434
14410
17625
36616
17881
14179
2361
63492
71121
17650
66963
66476
56509
54658
70434
31509
3294
29683
21567
48674
66691
74351
10005
70649
30847
28996
9549
68342
26202
31524
48889
47038
23889
16260
44731
33400
44013
25053
10020
41706
68326
28524
33846
64655
66731
34102
1929
62573
60722
71566
18582
23904
14424
44746
41044
74581
268
69028
32441
74350
1888
21366
11886
36655
66977
17433
34086
52590
75283
2821
61614
13952
57225
59301
10019
66961
34301
66474
24821
48001
47514
72770
34332
70432
62316
18812
5143
2836
47960
4943
36629
67438
36854
67663
69027
53994
6332
45678
58629
15125
63951
37587
4927
25051
40340
30860
29009
28522
19529
75984
62802
56537
57024
9331
10951
38058
25753
71364
7695
16719
37786
28306
74404
34115
49404
48917
40570
60048
59561
17908
8428
44528
20892
44072
72281
75752
9099
70230
47081
46594
22081
2634
40585
40841
70676
17205
62816
7494
7007
69989
66287
15154
11452
44989
59791
18625
56576
18138
48947
59560
55858
17907
70691
45204
49162
5171
3807
76038
5427
48700
37369
70906
52171
10518
40840
45675
75997
74146
24377
13533
31550
63071
13302
9600
72095
37584
28591
41542
51930
43839
47766
7252
76012
74417
34128
58410
51268
16757
5913
23930
63276
22110
59574
33210
44310
62814
45474
3821
41285
3590
56118
75109
74622
55656
46176
6374
74160
821
32507
2672
64449
56820
53118
41300
25780
37854
48242
37398
75349
65869
54051
52200
48498
6845
67002
27200
57035
74175
3564
1713
26482
24887
74200
73713
33424
22580
49200
39233
44555
4266
29035
59357
10075
38059
1728
62859
24646
22795
19580
13315
49415
66555
71877
33439
71421
38761
6588
67232
44570
40868
40381
63074
48041
10090
6126
36935
15150
43621
2455
32290
30439
41801
7290
67934
54752
14950
45272
41083
21892
25819
16114
16339
46661
4521
63801
31141
17472
36950
24645
55454
1496
63991
62140
29967
41098
2660
52198
43205
42718
7330
37652
67974
51998
53362
51511
56833
13329
12842
3362
147
30469
73486
33684
26280
48973
11247
7058
56371
54520
4751
74875
21891
39031
13544
74188
47337
6171
3833
28602
59411
45742
43891
5940
52915
52428
49213
5222
65866
26064
41353
10088
25377
21188
70501
377
13815
74459
5924
66568
17286
47608
33939
29750
20757
48741
27930
33221
52699
27699
20070
48541
10328
28832
17501
47823
3832
2468
11005
72136
75120
10805
75376
26319
20310
72838
10789
8938
37896
3385
64516
67500
36491
13829
70771
28631
51324
74242
70540
37880
43879
72837
40664
42515
71473
28877
64490
74713
22606
53415
39746
56399
33737
71688
48052
8737
40423
63341
23308
44150
36259
28630
66612
9439
14761
605
30927
29563
75174
1117
32803
51794
11505
47605
174
28645
26307
56629
41596
32116
63802
29778
52958
58249
18447
10818
16596
67273
75158
31167
52496
876
70513
59182
23307
74471
76091
3885
21025
18687
12909
49009
6869
56182
3198
17544
74486
2024
21015
51562
30264
17082
75388
74024
10586
56197
63370
388
59668
21717
17528
47619
36775
34437
64759
9924
13395
75403
3428
55725
2966
55981
40461
72147
55750
14097
32114
69609
35585
14287
74931
41394
71716
1361
874
67783
29345
59667
6652
22849
48105
72162
68947
67096
28658
47649
64302
52484
37938
69624
72187
70336
62220
20567
6898
61989
54360
10369
71500
6667
67311
59682
13840
63153
48120
66624
15229
5749
64542
21038
40029
72202
56682
25873
44864
873
62004
52524
70541
6195
66839
27037
25186
9666
39988
64532
59466
55764
52062
13137
68259
40921
29590
26375
21243
52052
6210
10137
70781
72401
62921
19417
72432
68730
30292
58763
56912
14772
5779
24283
20094
10614
40936
37234
37490
4830
33301
21970
13854
13623
44432
30276
17094
28456
26605
17125
22416
53225
64812
22672
51143
75687
43027
73349
16663
6209
2994
33316
63151
687
68960
67109
66622
57629
15002
456
28440
41653
47431
18729
49051
76158
63853
20836
2522
23364
8331
45795
54819
13391
36571
75886
66406
36084
22902
50886
72215
7382
1860
27050
25199
56008
46528
15719
13637
1819
15744
34248
30090
15057
60181
40734
75470
8561
670
8099
70594
30305
45594
45107
32412
56725
56238
53023
9032
69676
22470
74998
3023
33114
24998
66420
43271
22685
43527
23
37487
75469
37031
6478
59006
14138
3684
32642
62477
21311
51633
11344
17378
50915
75684
29155
5775
51386
72228
1617
54857
44890
3724
33559
12748
7195
6708
37030
60210
48392
71310
6477
59261
5790
66921
24781
41921
37732
3021
71294
6979
75252
5128
44474
40772
70607
30318
47458
2103
26416
63880
60665
17161
75954
75498
75011
67151
65300
41664
11
27118
36142
76169
22698
39838
60680
12500
10680
42366
48175
76159
53010
44242
32424
62746
57680
18755
34044
24564
71539
62059
20406
48390
44688
3035
23390
34977
34746
27117
21077
12084
40555
70390
68539
18770
45390
35423
29870
40745
25968
57654
63919
14637
12786
54439
42621
40770
2332
481
69241
63463
55572
15770
75050
62745
68067
55372
34074
11150
27803
50009
51429
50942
11140
41462
38247
68569
64380
49347
75480
22009
12529
42851
73173
711
59991
27331
55802
33140
51644
36611
44271
75957
13718
20860
30371
3520
33842
64164
48188
47701
4684
33155
63477
51915
7437
55386
13246
72039
68337
67850
58857
18081
66030
35221
10708
65799
31775
31288
40768
10477
66932
55601
41932
40081
2130
40568
49105
45403
1899
22254
19039
18552
9559
37543
68352
48905
5626
25494
10461
27601
6790
3088
13476
43798
10261
30129
16947
34087
24120
75996
41485
71807
14634
6518
13691
996
13947
74591
63029
23227
21376
5856
36178
22509
9327
16500
8640
37111
17664
6071
36393
2400
60706
20904
26226
71837
69986
46837
32681
16284
61408
70919
66730
13746
10044
32250
51241
47539
76010
75523
22539
52861
38705
33152
18606
70903
292
49605
66745
2399
25092
39894
32265
70216
29927
26712
67878
54696
11192
24630
75307
69267
19498
24820
17447
5629
11176
41985
59125
51009
7505
44969
56331
41298
28993
47984
4480
25322
24835
11878
32720
23240
21389
20902
11909
17200
68364
55182
9827
48686
3331
38488
70661
48711
21373
10042
72537
40364
75
17702
17215
20686
51495
41528
7017
26495
20230
37370
67430
41066
70901
32950
10288
36908
63041
26454
13272
70214
73685
54725
52387
1479
62610
39461
38974
14461
12610
32965
30627
60949
6114
9585
32278
55196
18834
5652
58667
44998
48956
44767
36651
23956
51940
10287
36189
25345
23007
53329
63973
24658
74848
6831
75104
44295
65137
63286
55657
24848
44551
2898
33220
29031
51237
38055
68377
66526
20684
50550
5682
34153
64475
67690
55872
59343
17915
48237
67228
1939
60732
57517
17228
48037
68392
36219
52872
62383
26508
58194
48714
37383
16310
14459
75590
42930
2641
71401
790
60070
51954
48252
2410
25590
51723
68376
36234
66556
22565
1979
128
33665
60772
54763
41094
71416
29763
15607
38787
4763
68622
13756
54953
53102
1969
38556
66540
72349
56829
45498
73969
33680
28614
58936
18160
14489
40622
61464
46431
44580
6142
59382
74671
358
64217
61002
18862
45482
39217
69539
3342
12853
72133
29506
25804
14960
65150
63299
53819
75373
2424
21415
51737
39919
53844
14919
45241
74199
72348
17026
15175
5695
68190
14719
1537
31597
59612
32761
57530
19092
40421
46199
68405
7530
7299
37621
47132
60570
7099
14272
11934
71214
30438
48065
24654
54976
47834
17025
75818
11472
33678
60785
22347
71660
3125
75131
33478
44578
35098
66784
4289
41784
70742
2207
356
22818
5709
18660
3627
33493
29304
14271
40404
31411
67511
25858
43875
59164
18875
39717
34164
71659
50848
45295
75617
44808
18444
14742
44577
33733
17757
13568
74699
62881
31841
6841
1775
32097
22130
41121
25601
45079
43228
20079
68418
21212
9881
40203
55261
16336
67756
1103
63111
20971
38111
65218
17038
60798
3169
1318
48780
36962
57804
47831
28871
26533
56855
55491
13351
72144
30491
62664
21011
58506
1333
61490
71713
73077
34895
72846
65217
33044
29342
59177
50184
36028
56870
73523
14986
6870
17970
48779
74912
64068
40432
53870
21241
20754
15688
36530
24712
21010
72174
22143
49250
65903
75414
71225
30936
21943
8274
36745
20994
51316
10150
44174
39985
13621
13134
33976
24496
22158
60109
50629
10827
8976
38811
36960
65431
33258
11960
71240
36760
74711
62893
15687
14323
66851
654
64513
34678
58960
7340
68471
71942
5289
42784
43009
3207
1356
73331
31191
45537
66866
22644
56181
3197
73321
29330
48808
69875
6893
69388
48577
52048
9908
26561
39999
30032
60354
75643
1099
31421
63594
48561
65701
40214
51576
48361
9436
68229
64527
55047
41865
44428
2288
24494
18941
27965
33774
51791
36758
21725
52047
71038
40485
61327
59476
43956
74278
1816
60609
47427
54600
23791
12947
2980
20120
46740
6451
2749
36998
59691
55502
44171
6220
55533
40500
72186
59004
1831
37475
54384
59219
17566
2046
32368
51846
48144
70350
5517
28697
12690
60639
51384
12459
71252
56896
74036
63192
70365
68027
49292
7152
62730
12474
69903
29614
57598
62920
9936
6234
25225
55547
43729
36812
6003
22656
49276
9474
66416
18985
14796
45605
60407
29629
35407
67093
34951
2778
63422
62935
21282
55531
21994
49978
70820
61340
59489
59002
55300
2316
20820
11340
39811
36109
28480
5300
64093
26629
11109
41431
3480
64124
37273
71035
38175
55315
47199
13662
3695
28464
20835
52521
58786
37488
64595
26157
58330
6935
3720
32191
28910
17579
48388
75008
64554
51372
6017
26628
39579
44901
3248
52561
50710
18537
941
6232
68727
71065
13892
13405
75900
44214
16876
47685
70378
37718
9472
479
62974
9734
56934
37974
43752
32421
24792
73618
37256
48618
74751
1412
33098
62056
74289
63445
61107
58800
35651
2114
30098
10651
8800
35907
25940
44931
2304
29411
21520
40998
67131
25478
76155
3693
1842
25022
41188
22
45146
20146
28031
27544
56015
3031
1180
21535
74319
20848
64608
47237
37270
33568
40741
29410
12526
63690
1872
30343
66443
26154
71765
30112
13228
34070
53707
44227
3938
32409
64582
40069
69252
62987
56947
55096
5327
10649
71780
39120
18796
56260
52589
21780
24789
56962
41442
32449
50953
46764
37284
67606
25953
953
4880
3029
64160
44226
3060
40524
75035
59515
14160
53019
41688
70159
36622
24804
55126
43795
11135
1168
22497
52819
16944
10679
73399
69697
37068
71348
70861
6515
27357
57192
66703
19497
9043
68323
45399
37770
75721
3746
34068
22250
71563
14877
45199
3059
29192
52372
50034
752
68538
13216
11365
1885
37985
74572
63241
62754
55125
7432
60447
59083
1910
1423
18076
71578
6776
73198
42389
9985
40307
19009
60918
43809
43322
56760
3289
10462
71593
4909
35231
67404
52371
19711
69511
63958
25520
21331
44024
56975
74115
72264
71321
29668
28304
35702
67388
26222
56544
71833
2842
25535
55857
504
14850
44941
10917
73412
70197
43090
64419
60230
63701
22048
58179
6559
2857
72494
63501
59312
17172
10030
47981
34312
54436
11419
10932
7230
29923
22063
17874
59071
28287
37311
60229
41269
39418
16269
75062
22303
6327
66971
2138
51451
68591
59111
55409
63946
10962
29691
8880
14171
33649
8649
71144
1020
29491
72995
74128
9813
26466
13284
44970
70226
56070
25061
51681
8664
59341
26681
58854
17201
74630
62812
67903
73225
37350
69036
61407
31085
25532
60043
29234
46374
74845
70912
63283
17441
1921
51721
51234
9581
72076
32274
62596
60258
48927
47076
75060
3572
1234
50060
17431
23465
21614
53787
52423
45440
18133
43389
4464
32935
52638
41307
69291
29002
6340
21629
9811
30166
25100
13769
13282
5166
73926
60744
41297
63728
10513
11877
30868
25315
64661
68132
9595
7257
37579
22546
13066
44752
10728
33908
39199
69521
33677
25330
2668
23248
62594
57041
66065
71874
48238
6098
4247
31354
70925
1965
47576
61891
51047
41080
37378
57958
37147
44320
40618
2667
68602
55451
1980
70253
29964
75575
33922
56353
75344
67484
33460
36675
55666
40146
70468
56799
75790
66797
43617
60757
50790
43648
9137
75559
73708
50559
16535
22344
55881
25328
36690
55194
49897
48046
9608
40417
28599
45252
72359
18888
50574
8690
48036
44334
44103
72574
29070
60756
47574
52896
14945
30234
26045
73507
74871
67729
40878
73051
42954
33474
63796
51491
47789
7987
6136
20938
40416
58920
17267
74209
66580
66093
75573
64729
49209
41580
7556
37878
31613
26060
21871
10540
7325
2193
33002
5664
62606
51762
10986
41795
58935
56597
64257
5233
1044
21886
18184
67010
23993
55679
17010
13795
44117
36001
32299
24670
22819
11226
64728
9406
7555
3366
34175
71670
18199
8719
39041
74654
23521
51992
51505
9852
25141
59390
49910
48059
47572
38579
76043
13092
76074
9390
70521
28381
17050
15199
75356
39512
71198
73074
72587
4314
26745
15901
35769
9405
41091
73751
68198
26058
48751
14727
46900
67255
64040
6149
36958
27478
39942
63122
28611
20982
38122
36271
41593
58246
11040
66131
41131
21684
59635
6651
32784
54990
26288
4990
68684
26544
26057
13362
30502
64039
37675
37188
67997
21668
75170
10824
2708
74452
14064
5948
64254
24221
73534
18699
14510
33501
72847
70509
29568
39956
64725
43427
2261
32583
73518
25600
8716
73062
59880
70980
60136
65914
62889
26302
9418
30260
75384
59864
17980
41160
65442
52260
67970
21251
18913
49235
64524
22871
60335
55044
18682
75168
5044
65457
32797
27275
57597
28639
47143
11268
75870
72168
60350
7366
44830
55705
41159
10350
32812
25183
46250
76085
22614
8068
45532
17092
13390
73547
39523
25854
56176
14523
67538
2705
67051
23547
44876
63605
23316
48085
29125
57109
33960
30258
17563
67753
11067
41389
26356
48562
14538
46224
29340
57811
25638
74951
4340
71736
63620
59918
59431
15927
29140
67091
55273
27058
56893
9462
66404
1571
67768
26340
16373
73802
10820
64322
60133
35164
40942
38604
26817
57139
52950
37917
2042
49017
47653
15024
73330
60148
21710
40957
32841
48130
70561
75883
32379
31892
22412
19197
49519
52734
68023
60163
55974
58081
14090
32594
66387
25221
75898
75411
34245
64567
62716
18238
16874
3205
54369
20345
19858
75211
29138
14105
44427
40238
63418
7609
26113
13418
49062
18253
48800
39807
67791
46980
52271
16171
71749
46749
67591
52071
26584
47913
37459
35608
64566
30055
60377
18493
49302
29855
10633
2517
63161
47641
74748
64781
55301
51599
11797
9946
24748
5070
29839
27988
4839
69185
67334
63632
25681
14350
24963
70574
55541
32879
47681
15052
41672
4854
25696
61565
59714
18061
6730
17605
47927
15036
33540
56233
42564
7176
2987
52787
27787
59473
67102
13631
47911
5771
68266
28951
53720
15282
51382
45117
43266
249
13200
28489
3489
33811
19655
17804
49977
48613
34944
8124
30555
47695
6042
75679
60646
20844
13215
51166
48828
72008
7662
37497
35646
29868
2530
17819
6001
21290
9959
42357
5770
19008
6703
22248
9943
36594
5785
9256
40065
55354
15065
30354
29867
67849
29636
75247
19438
40767
58784
53231
62255
9758
68064
13454
1636
32445
22478
7445
18320
74775
21791
43766
51164
70642
54635
33337
60444
40510
36808
74790
51641
246
67155
66699
71534
36146
56988
63674
29650
51856
33121
21790
17601
4906
32890
67170
44021
22723
53045
58823
18534
9541
68334
75476
64145
22492
32880
63914
71574
56054
25245
46087
44236
36607
5798
28716
59038
68549
55367
15078
53060
75978
69713
31500
59971
15103
45425
48640
40293
71102
25260
43764
49086
26424
22235
49342
17169
75962
33822
24829
43333
7458
39144
29664
59986
18333
62093
36606
67415
27126
55110
51895
13457
74101
70399
62770
60919
32673
63482
49326
36144
17184
47506
36175
41466
3515
18804
9324
18348
56299
46819
35001
33150
61621
29448
47952
8150
19737
49572
34052
19506
47490
5837
60703
66481
55150
14374
5381
30150
20183
63943
21572
42414
27381
25530
5596
3745
530
73869
30365
47505
41727
52827
14389
53083
10456
976
6754
46100
12563
44249
65578
3083
34769
66711
24571
13240
74371
22751
48884
1678
49140
34107
6769
69264
27611
59784
44751
12091
17900
36404
5595
69941
64388
49355
64644
1662
15131
75775
75288
33148
24155
23668
59768
18602
48924
40808
32948
52164
44048
11388
62321
37321
35470
65792
52610
2841
71601
19981
67181
25528
16048
47734
33188
22734
51692
17181
40361
9552
26692
33865
64187
33378
71816
46816
7014
33147
14443
10254
48205
69724
28558
14889
10700
1707
73907
22774
52609
31798
67411
26245
25758
56567
67442
28773
74384
59351
53086
43831
327
60971
56782
12791
3111
1260
70897
53788
65375
59110
26450
59822
49368
66508
21153
18846
45466
71599
61632
48450
75326
60714
19061
46168
55192
51490
18830
71358
1490
61647
29730
61416
17912
38754
67225
72060
68358
55663
34365
3556
37349
39456
67440
63738
42440
4258
17209
9580
47562
75546
37820
64440
54473
48920
59795
13753
2422
64917
28555
14009
2191
1704
17480
5662
74422
1960
53124
71141
67926
59810
56108
12117
33446
63281
51463
70941
4257
29288
17695
9348
70479
69992
60512
57297
1975
29959
37132
59825
46381
14208
52190
70694
17710
55661
43843
63321
11214
72345
54974
56338
75329
22570
52892
1272
66751
23734
52205
28569
17725
15387
45709
64213
3594
37131
61900
54271
10280
29758
67709
36931
1056
21411
36700
58906
13064
7511
68155
64453
20949
10982
41304
62633
56593
67955
48733
10295
40617
67724
59608
74897
3799
29055
32526
29311
62848
49179
35997
53137
51286
43170
67939
6839
42939
35310
63781
52450
48261
71666
32741
17708
2675
32997
45492
1988
20979
53152
6823
37632
4741
35550
72558
1070
27690
36714
36483
66349
71640
45276
18425
65887
51731
29069
53351
43871
66564
367
53382
11242
37862
32796
29094
51300
9647
70291
5458
66589
41589
71911
18440
55904
57755
14251
2920
25382
37846
68655
21449
54986
44142
58944
51315
48977
45762
73746
3622
56637
23977
14266
44101
43870
6175
36497
24679
30001
57108
44803
1299
75381
41357
10579
48043
16357
67034
43885
2232
17521
56836
47356
17034
3852
53165
74007
70305
5472
68454
17059
9430
67736
22381
45074
63578
15198
28149
9414
39736
1785
60578
26067
18438
45545
39280
69602
7107
56420
6389
59891
17264
36255
51544
11255
45504
32322
20991
75626
73775
71437
50626
7122
3420
36957
74908
52015
49677
25164
9644
28635
18668
74246
3635
24477
18437
56419
17981
68006
66155
63817
55701
14048
43006
70990
29337
56634
43708
11048
16857
6890
25881
63345
74707
10361
75840
53178
70318
35807
25840
22138
69600
75409
74922
1096
63360
74722
55013
47871
5731
74004
67087
36278
55269
1798
71922
22640
60104
45558
67764
52244
74706
65226
64739
25424
21722
51557
44640
70773
11293
41615
7104
56904
15251
47424
67292
56448
73101
71250
67548
60144
34657
57837
32806
13359
74003
72152
21019
57606
3648
41630
68250
58283
37210
2730
33539
59672
65481
63630
25192
13374
43696
74018
38630
32365
68465
14994
5514
52489
22392
13399
31903
18234
48556
5539
6903
72869
25176
15696
8067
2027
62671
21505
51340
49489
60851
64291
22638
17572
5754
36076
24745
3447
33769
18736
6918
75678
35389
65711
44869
23571
50191
74735
36522
56000
43695
74504
8307
38142
65249
59471
447
49273
8753
61768
56702
5082
10142
33322
30984
49488
67115
45330
30297
75421
73570
2959
23801
40941
8281
52528
71519
6686
54148
23339
60834
1810
62941
64792
11321
10834
71965
71478
68263
37454
24272
14792
45114
37710
60403
52543
48354
16181
33321
32865
36336
66658
52989
53214
9254
69898
3214
64345
63858
21718
12725
12238
29378
47882
36551
3014
21518
22882
32618
50891
25891
45369
6444
8551
39360
39129
40262
28931
18964
15262
56946
22435
52757
75450
3013
40021
57161
43979
4177
17128
18261
665
3228
41179
22219
20368
67830
56012
68963
17343
62954
72465
1854
41656
58796
49541
40061
42358
218
63200
51869
47680
55078
75920
7416
34036
25920
14102
63415
51853
70844
74771
72920
6011
40291
7631
39804
55580
43762
40060
9282
5580
50217
71546
448
18300
12035
40993
10184
6482
6969
49986
27324
4631
55795
68777
22935
40075
31959
68059
25919
37281
75232
28026
57861
56010
31010
10199
55810
13670
74801
2339
1852
70612
72463
49314
36132
3959
64116
24801
24339
13885
66669
2323
55825
53487
28974
11116
6050
75231
41694
22247
48380
44678
22016
51851
75031
13900
59511
17858
74800
68535
7404