306
743
256
1222
685
454
1370
783
1089
602
471
421
858
321
1287
800
1156
271
1237
750
1106
619
163
519
600
1123
238
1204
188
536
1371
923
386
765
634
403
1238
353
1138
203
1236
1055
170
39
955
1303
418
716
566
914
516
1351
204
641
154
633
533
352
433
302
1268
781
252
681
631
856
1335
1285
1235
350
706
219
300
648
517
119
598
954
69
548
896
498
367
1333
846
796
1021
623
136
86
921
871
384
1300
813
284
1250
184
1019
532
969
961
788
301
1036
101
449
1284
1365
1234
349
1315
1184
299
1134
647
597
1101
1051
166
1001
514
1299
1068
183
52
531
133
918
1266
679
1116
579
1364
348
298
654
596
67
983
496
365
1331
315
265
744
215
1000
513
869
950
463
1306
1298
282
232
711
82
561
74
32
24
380
1346
461
817
809
1034
149
49
397
1363
247
1163
676
545
147
495
974
576
701
214
1049
164
114
462
64
362
1328
312
1147
262
1097
966
81
31
329
1114
229
1014
527
1362
964
427
1262
246
1081
683
1031
146
502
494
1279
1229
1179
113
63
1029
542
369
717
311
667
261
617
130
1046
1244
228
707
309
1013
1369
1311
376
682
1030
980
524
37
474
830
343
699
1178
649
1334
1326
797
1045
1126
814
764
177
962
425
862
325
979
1366
879
292
242
1077
977
1275
267
259
696
209
646
159
28
994
407
9
844
357
307
126
207
1042
861
730
332
324
1159
630
224
1059
530
124
959
1307
909
241
1026
497
845
926
1274
389
1224
695
208
158
595
108
943
58
537
8
487
1191
1149
662
612
125
562
1041
1339
1297
760
1239
710
1189
173
1314
777
677
190
1025
975
90
925
825
1173
288
644
892
1329
1040
155
940
280
230
180
659
528
1007
957
907
857
370
1205
932
445
924
526
395
1180
643
593
493
791
385
212
1345
1295
889
1245
360
1195
658
121
1087
956
558
71
21
1162
625
38
873
1302
773
1252
723
236
1071
673
5
790
1227
740
1177
988
103
888
838
1317
657
78
557
1292
268
226
705
218
1053
655
168
1003
118
1309
822
243
193
672
185
541
143
491
572
1357
341
820
333
1168
283
1118
589
945
458
60
1293
539
358
308
250
200
1043
1035
150
985
854
406
885
398
225
1010
1358
960
1208
721
802
671
1150
134
919
877
390
240
1075
588
538
488
1
836
786
1265
1223
686
199
26
505
405
753
1190
703
653
116
553
1338
1330
670
272
141
1107
520
818
420
289
1255
768
239
668
618