843
466
1360
1294
162
793
1352
764
1344
929
212
21
784
204
1078
1012
1023
1128
626
447
618
972
912
404
1274
239
1342
393
1270
789
850
1320
1287
865
923
857
1237
1330
915
619
486
907
1027
478
649
469
1001
441
1355
1289
267
853
746
24
482
465
524
1293
75
1285
1343
316
145
844
203
946
30
22
1040
584
1063
911
840
417
876
811
47
934
1236
1109
497
203
489
530
547
718
1020
539
339
749
728
302
551
706
845
1362
1296
335
269
164
795
745
826
716
318
586
1309
578
912
370
1024
1220
712
774
945
1247
662
641
633
125
562
729
352
980
1282
859
1058
935
488
631
404
338
1285
968
921
1328
1157
1185
655
484
1135
818
1007
552
381
1112
548
77
898
498
1371
173
825
1363
948
775
748
314
821
842
944
878
1246
763
565
692
582
1069
1306
291
633
969
961
482
407
1176
553
487
659
478
96
621
508
300
1319
778
1155
1329
84
924
395
1370
1094
401
1315
31
576
634
1212
564
877
160
323
152
257
741
762
872
735
1029
527
99
978
253
1338
883
839
708
1243
1177
281
1130
1235
103
570
17
562
629
608
1116
1037
1334
50
1326
1162
1154
1231
1060
604
1118
1223
721
429
93
284
823
1361
221
1324
843
1071
1316
1356
997
359
950
81
1357
413
769
1349
282
1227
1254
668
1177
1312
573
460
736
194
859
415
351
874
1242
636
607
561
1026
506
965
1267
834
870
127
975
776
1335
1164
626
1119
974
314
751
916
1152
125
988
1107
1357
849
1253
770
113
218
1303
105
720
525
966
589
430
1278
422
1336
837
787
1241
1175
606
352
477
982
2
11
490
1002
981
1013
453
960
931
169
83
1359
503
1272
962
1229
1369
721
46
1158
671
1314
583
38
642
621
752
113
84
950
717
1196
120
1310
34
130
1044
458
559
996
297
509
421
1295
518
1287
1345
1279
1265
940
963
238
514
1283
1290
1341
248
1333
245
1325
652
145
1111
1059
603
951
930
607
503
1368
699
1321
590
670
477
549
440
1105
891
1193
1298
797
1356
718
1176
1206
160
618
467
296