212
306
52
531
133
256
685
1295
177
360
658
1370
121
579
325
71
558
21
348
1162
421
1287
292
38
1237
983
1106
242
365
1331
1077
1302
315
265
600
236
215
267
513
1123
5
1306
209
188
790
282
28
994
740
232
711
407
9
988
357
103
561
74
32
888
634
24
126
1346
461
817
838
1317
1042
809
380
403
324
49
1159
1138
397
224
203
1059
1292
530
268
705
676
168
147
118
241
974
1026
701
1303
1049
164
143
389
491
114
716
158
1357
595
1328
108
820
362
312
58
333
1168
516
8
1097
589
81
1191
458
1293
60
31
641
154
633
612
125
1149
358
562
329
1041
200
302
1035
781
150
1268
760
1362
1014
854
710
1189
1262
398
225
1335
1081
1031
777
1010
502
146
1358
219
300
190
648
517
119
954
721
90
671
367
1333
113
134
63
1173
542
877
390
369
1021
623
644
717
136
892
261
384
588
1250
1
1040
532
155
1244
228
707
686
199
309
301
940
1369
505
659
405
753
376
101
703
653
349
116
1205
553
299
1134
647
524
343
699
445
526
272
141
520
643
1101
797
166
1001
1126
385
618