249
2612
1286
317
3711
842
13
2976
663
1031
826
1766
3503
2072
292
513
618
2923
3762
3583
3116
1379
48
1284
2373
593
2431
2610
3157
280
385
3787
3062
443
3692
3225
2577
1262
2540
36
1054
1159
3468
1217
2936
2211
3318
1297
3664
1985
2252
2987
3609
3293
1835
2207
3085
2141
2495
2771
466
2658
3594
1973
1077
767
1411
3549
3607
2176
3131
512
2646
2809
2275
1436
1695
10
1858
3319
3061
2222
3329
3016
2702
2990
2523
1788
1846
2218
3307
3096
164
269
222
899
794
2632
852
3350
1204
1776
1309
2140
2933
3305
199
1389
1723
887
1972
1239
2078
1869
2412
1927
6
2645
2025
3686
2713
1340
3373
2342
1857
1074
1019
97
233
338
2643
1099
3361
1787
810
3258
3316
381
2048
2001
2106
3767
602
326
3396
1993
2365
2147
748
3512
1308
3141
627
3771
3304
2561
944
2295
1981
3547
2411
670
2516
2967
2930
3551
1798
1856
2971
3164
3269
1761
2133
337
3586
2700
1374
3807
129
751
3199
3370
2885
638
3210
2121
1578
267
2572
2630
230
31
1879
747
3245
2931
2214
3150
3313
265
2294
2399
1980
66
1455
3354
735
2927
1496
3338
2023
3025
2711
3655
2282
2387
1501
1797
2503
1235
103
1760
2954
496
1744
612
3118
3748
2270
595
128
758
3198
3781
542
2676
429
2734
171
1703
3736
1991
1524
1095
2097
126
1211
2977
3349
1783
2213
1728
1470
1633
942
2722
2351
676
952
2514
1083
3279
1771
1304
114
1028
2069
623
1563
1384
1442
2662
3034
1605
2549
827
102
2178
3325
1
1372
3747
240
699
403
2537
1947
3473
2166
662
1014
3105
2016
687
1877
908
3527
1782
125
1840
2212
2317
813
998
1616
951
2618
35
3278
2772
2029
2935
430
193
2385
138
2443
3387
1958
2501
1233
2511
836
2686
1597
2849
2907
3068
3593
661
3359
1851
1738
290
2911
1585
453
274
591
3623
2888
3194
917
2316
738
3357
1678
2767
1106
2108
328
2396
892
3398
3732
2188
1874
2304
3240
2697
371
1561
2918
1829
880
2547
1174
3646
1862
777
598
1749
3236
3057
1378
3687
343
3650
3755
3479
2440
2164
1850
3442
2327
2957
1059
3263
3500
1747
2053
2111
3685
3218
2904
3801
1063
2887
3259
3430
382
603
2395
424
891
1527
3731
33
111
216
1873
3181
904
1311
2972
3507
2667
2000
2546
3548
21
671
2233
2338
834
3511
3274
2080
1595
463
1023
1653
1816
505
239
2544
3328
1820
709
2231
1641
2118
1270
3112
789
2627
1225
915
2419
1676
2324
1104
1209
1734
707
2670
3205
1460
740
3464
569
1155
2932
474
3343
1722
1827
2942
1293
3030
983
308
1248
3615
567
1757
2405
2759
2817
3753
2380
2059
555
718
1479
1813
2473
226
502
2636
3296
1912
543
648
601
2677
994
2010
2640
1096
1976
949
3521
3626
2406
578
1673
2925
2515
2278
1084
1935
1756
1919
1385
3752
54
3707
2276
830
3528
1849
1591
1907
2804
346
1431
89
404
2651
3569
3627
1165
1795
2884
52
2989
1149
1779
2209
2114
1534
2299
1767
3254
1108
3075
1291
9
540
3417
2102
1559
1512
3104
878
1522
3555
1409
1151
3460
3289
3347
1918
1176
149
1081
2333
1590
2592
2908
1811
88
250
2634
864
2368
1778
1053
275
3774
438
3115
2801
1199
3461
2372
401
1887
2430
3624
2414
3179
368
1834
702
2836
1463
3772
782
19
3241
727
2698
3404
2031
99
414
1393
261
3484
3589
148
3542
1338
1080
1960
2962
1122
3431
1752
1639
1915
3165
50
2892
2425
645
1118
1682
550
2742
1627
284
342
3211
3565
2009
793
221
1266
956
2260
1145
2100
2672
3149
3320
2559
1186
3028
781
668
2506
573
2077
631
1821
1708
1555
186
3275
1759
2065
2302
2695
2858
353
2487
3109
516
3576
1601
862
2996
749
920
596
1681
3094
1473
1531
971
1418
679
1790
700
3424
3148
2834
1566
434
3599
3715
2389
1570
1391
2822
3645
309
2377
1346
3550
1404
3437
3284
1855
2694
2122
2857
2915
2132
1017
2
1276
861
1552
498
3367
1688
3425
3272
1021
3159
3217
282
2903
169
970
1989
2637
1264
1322
1773
2993
1056
804
3423
2050
3244
2155
3052
157
2567
2625
1194
225
1882
750
1769
3353
468
1553
1716
2539
1508
2281
2444
769
1032
2226
664
2856
1541
3679
2018
238
1170
2390
143
3642
201
2277
3700
3271
757
2319
2949
1576
720
607
895
3630
582
2953
469
2774
1685
3146
2832
1622
2566
2900
2624
3035
1193
1356
224
2004
1414
1261
208
3399
1148
838
2084
1770