134 135 161 163 196 202 204 225 233 240 243 245 246 249 250 262 265 272 277 310 315 332 363 372 379 386 399 409 423 424 432 445 447 449 450 452 454 459 460 463 465 467 470 471 474 475 480 484 486 487 488 494 497 498 502 504 505 507 512 523 533 543 544 549 563 565 570 573 583 589 605 614 616 623 635 643 647 651 659 660 668 686 690 742 756 759 781 793 819 858 862 899 906 923 935 936 948 952 954 991 1033 1044 1057 1061 1068 1084 1086 1109 1152,0 1 2 % 109,3
636 654 655 656 674 683 692 716 718 720 721 724 728 729 730 735 740 741 748 750 751 758 760 763 766 774 776 783 798 800 808 809 811 813 823 831 833 835 837 838 839 840 845 846 847 848 849 850 851 857 863 865 867 868 873 880 882 884 889 893 901 910 916 921 942 947 951 953 956 961 969 970 974 996 998 1000 1003 1004 1020 1046 1047 1052 1058 1063 1077 1085 1089 1103 1116 1119 1132 1135 1156 1158 1165 1170 1186 1187 1197 1205 1210 1219 1225 1293 1303 1307 1313 1319,0 1 2 % 108,3
4 5 6 15 37 45 48 51 54 55 61 71 74 78 82 86 87 89 90 108 109 114 117 121 124 128 131 144 146 158 164 172 181 186 191 193 194 201 212 222 230 238 239 259 268 274 284 291 306 312 313 316 319 369 382 384 408 433 481 889 901 910 956 1004 1049 1050 1051 1063 1076 1080 1093 1099 1104 1121 1133 1134 1145 1161 1178 1181 1198 1199 1211 1215 1217 1228 1229 1250 1260 1275 1286 1292 1298 1302 1312 1321 1324 1328 1333 1334 1352,1 2 3 % 101,3
3 12 25 27 29 32 33 40 41 43 56 57 70 76 79 80 98 111 116 118 122 123 129 140 143 148 153 154 155 157 168 175 176 179 183 188 190 207 217 220 223 224 227 231 232 251 252 254 258 278 285 295 301 328 330 339 341 427 438 444 501 773 786 822 841 903 930 937 968 1047 1103 1113 1149 1155 1156 1169 1187 1218 1219 1225 1236 1239 1241 1259 1288 1327,1 2 3 % 86,3
20 23 53 58 62 63 64 66 67 68 72 73 88 91 92 95 97 104 147 156 170 174 180 185 187 195 206 213 215 228 235 236 237 241 247 255 271 286 287 288 304 309 317 320 333 347 350 365 380 383 388 630 673 685 707 738 754 755 768 780 947 953 1072 1085 1089 1115 1132 1135 1158 1170 1173 1201 1216 1263 1314 1322 1326 1331 1336 1337 1339 1343,1 2 3 % 82,3
1 7 8 9 10 13 14 28 35 36 39 42 44 49 52 65 83 94 101 106 112 115 126 127 133 136 137 142 149 150 151 162 165 171 173 182 200 216 229 256 263 266 273 290 293 300 325 356 359 362 375 392 412 472 918 966 969 974 992 1003 1006 1052 1116 1139 1165 1168 1174 1183 1209 1235 1237 1256 1273 1299 1315,1 2 3 % 75,3
794 859 864 885 887 888 891 896 898 912 915 964 975 977 990 992 1006 1055 1067 1072 1074 1076 1080 1081 1083 1088 1090 1093 1099 1102 1104 1115 1121 1126 1133 1139 1145 1149 1155 1168 1169 1173 1183 1199 1201 1209 1215 1216 1218 1229 1236 1237 1239 1241 1245 1256 1273 1277 1281 1286 1299 1308 1329 1332 1335 1338 1341 1342,0 1 2 % 68,3
535 536 542 551 556 578 582 586 607 608 619 621 629 631 633 634 638 641 642 644 652 657 669 671 682 684 693 695 704 722 723 727 731 737 743 745 746 762 764 769 770 775 778 788 792 797 818 821 825 826 828 834 852 856 872 900 907 918 928 930 932 937 966 968 988 1113,0 1 2 % 66,3
349 354 377 398 436 469 479 481 546 577 592 593 637 639 640 715 740 763 797 813 872 880 904 921 940 963 981 984 987 989 993 1010 1014 1015 1016 1021 1031 1039 1042 1045 1056 1079 1110 1117 1119 1124 1138 1140 1144 1166 1202 1204 1213 1220 1222 1226 1227 1230 1238 1247 1254 1258 1262,0 2 3 % 63,3
96 103 113 125 138 141 159 167 177 178 192 198 204 245 267 270 281 282 337 342 400 405 416 576 581 588 603 658 747 756 759 787 793 819 827 853 869 892 894 902 908 911 917 919 922 924 931 943 952 971 1026 1044 1057 1075 1078 1092 1095 1122 1137 1167 1198,0 2 3 % 61,3
218 234 274 280 308 314 318 347 383 391 408 413 425 428 451 454 470 490 503 507 523 528 532 537 540 545 566 568 569 574 594 611 616 617 634 851 852 860 866 871 897 900 907 959 976 1025 1032 1034 1036 1043 1069 1071 1073 1118 1243 1253,0 2 3 % 56,3
145 152 160 169 184 197 205 226 310 331 344 348 358 363 364 366 538 558 563 605 614 647 653 676 739 753 761 781 796 834 836 842 858 862 905 939 960 982 1037 1049 1050 1051 1061 1086 1105 1109 1120 1142 1246 1249 1275 1292 1298 1312 1324,0 2 3 % 55,3
54 105 107 117 122 123 124 132 139 146 148 154 155 158 164 168 171 172 180 181 187 191 201 212 220 222 231 238 239 241 251 259 268 284 291 294 333 352 356 381 389 422 445 457 467 485 689 771 777 784 810 820 972 1001 1164,0 2 3 % 55,3
0 257 276 329 390 394 610 612 625 628 632 648 663 664 665 666 667 673 677 678 679 680 681 685 691 695 697 732 794 800 837 854 932 961 964 977 1018 1041 1054 1070 1091 1127 1150 1151 1160 1172 1180 1189 1214 1240 1279 1295 1297 1306,0 2 3 % 54,3
102 110 120 159 166 169 178 184 192 197 198 199 205 208 226 253 269 282 303 321 324 331 342 344 348 358 364 366 385 401 415 435 439 441 442 456 461 464 468 473 510 516 534 571 796 982 1023 1026 1040 1105 1128 1130 1136,0 1 2 % 53,3
28 36 39 41 42 44 46 56 75 78 82 85 87 94 99 101 112 121 137 140 142 149 157 161 162 163 165 190 196 206 233 243 265 266 332 367 374 397 431 440 441 447 449 453 460 477 478 487 497 714 734 772,0 2 3 % 52,3
367 381 393 419 482 491 492 500 538 545 558 576 588 595 603 617 653 658 675 676 693 727 729 735 747 750 764 766 770 771 772 775 776 777 778 783 798 799 802 803 804 808 809 810 811 820 838 849 927 938 997 1009,0 1 3 % 52,3
128 151 176 189 194 211 285 287 289 302 312 313 316 317 334 345 350 386 388 399 414 419 429 443 450 458 462 493 509 518 520 525 534 554 579 583 595 643 779 818 843 980 995 1005 1007 1017 1059 1157 1206 1212 1223,0 2 3 % 51,3
